AML77002.1	sp|I3PFJ5|C76AD_BETVU	71.313	495	138	3	5986	6478	1	493	0.0	677
AML77002.1	tr|A0A1B2ZBX9|A0A1B2ZBX9_VITVI	57.709	454	187	3	6029	6480	48	498	7.72e-180	563
AML77002.1	tr|A0A0B2P471|A0A0B2P471_GLYSO	54.777	471	208	3	6014	6480	29	498	8.17e-176	552
AML77002.1	tr|A0A1B2ZBX8|A0A1B2ZBX8_VITVI	53.404	470	215	3	6015	6481	31	499	1.53e-175	550
AML77002.1	tr|A0A1B2ZBW9|A0A1B2ZBW9_VITVI	52.352	489	226	4	5996	6481	15	499	7.12e-173	543
AML77002.1	tr|A0A072VR50|A0A072VR50_MEDTR	53.252	492	223	6	5990	6478	7	494	2.02e-171	538
AML77002.1	tr|A0A7L9VXL2|A0A7L9VXL2_9DIPS	51.697	501	237	4	5986	6483	1	499	4.24e-171	538
AML77002.1	tr|A0A396JIF1|A0A396JIF1_MEDTR	52.525	495	228	6	5990	6481	7	497	2.84e-170	535
AML77002.1	tr|A0A2P6R0M7|A0A2P6R0M7_ROSCH	53.830	470	211	4	6016	6480	33	501	2.01e-168	530
AML77002.1	tr|A0A2P6PCG6|A0A2P6PCG6_ROSCH	51.572	477	225	4	6010	6481	27	502	1.12e-167	528
AML77002.1	tr|A0A072VPG2|A0A072VPG2_MEDTR	54.527	497	220	6	5988	6481	5	498	1.61e-167	527
AML77002.1	sp|W8JMV1|CYT24_CATRO	52.314	497	227	5	5993	6481	5	499	2.05e-167	527
AML77002.1	tr|A0A2P6R0U9|A0A2P6R0U9_ROSCH	50.794	504	223	6	6000	6481	19	519	1.07e-166	526
AML77002.1	tr|A0A2P6R0R3|A0A2P6R0R3_ROSCH	53.419	468	212	4	6018	6480	35	501	2.51e-166	524
AML77002.1	sp|Q8VWZ7|C76B6_CATRO	50.810	494	236	5	5991	6481	4	493	4.91e-166	523
AML77002.1	tr|A0A2G9GCU5|A0A2G9GCU5_9LAMI	52.929	495	227	3	5986	6478	1	491	7.56e-165	519
AML77002.1	tr|A0A2G9GCU5|A0A2G9GCU5_9LAMI	52.929	495	227	3	5986	6478	1	491	7.56e-165	519
AML77002.1	tr|G7L8J9|G7L8J9_MEDTR	52.553	470	217	4	6016	6481	39	506	2.00e-164	519
AML77002.1	tr|A0A2P6PDA4|A0A2P6PDA4_ROSCH	51.587	504	227	9	5986	6478	1	498	2.43e-164	518
AML77002.1	tr|A0A2P6R0C5|A0A2P6R0C5_ROSCH	51.497	501	232	5	5991	6481	4	503	2.88e-163	515
AML77002.1	tr|A0A2P6R0Y9|A0A2P6R0Y9_ROSCH	54.405	454	203	3	6028	6478	45	497	7.51e-163	514
AML77002.1	tr|B9RBW9|B9RBW9_RICCO	51.190	504	235	6	5986	6481	1	501	1.32e-162	513
AML77002.1	tr|B9RBW9|B9RBW9_RICCO	51.190	504	235	6	5986	6481	1	501	1.32e-162	513
AML77002.1	tr|G7L1D0|G7L1D0_MEDTR	49.600	500	241	6	5986	6476	1	498	2.68e-162	512
AML77002.1	tr|A0A7D3QN22|A0A7D3QN22_HYSOF	51.102	499	234	6	5986	6481	1	492	4.69e-162	511
AML77002.1	tr|G7L8J6|G7L8J6_MEDTR	50.690	507	239	6	5984	6481	2	506	5.47e-162	512
AML77002.1	tr|A0A7D3QT71|A0A7D3QT71_NEPRA	50.505	495	237	4	5986	6478	1	489	9.37e-162	510
AML77002.1	tr|A0A7D3UYJ8|A0A7D3UYJ8_NEPCA	49.899	493	241	3	5991	6481	4	492	3.98e-161	508
AML77002.1	tr|A0A396HRG1|A0A396HRG1_MEDTR	51.025	488	231	6	6000	6481	20	505	6.44e-161	508
AML77002.1	tr|G8E0P7|G8E0P7_CAMAC	49.497	497	241	5	5994	6481	6	501	7.40e-161	508
AML77002.1	tr|A0A2P6R0I6|A0A2P6R0I6_ROSCH	51.807	498	223	9	5992	6478	6	497	1.68e-159	504
AML77002.1	tr|A0A396HJD4|A0A396HJD4_MEDTR	48.638	514	250	5	5986	6494	7	511	3.27e-159	505
AML77002.1	tr|A0A072VHN2|A0A072VHN2_MEDTR	51.282	468	222	5	6017	6481	30	494	5.24e-159	503
AML77002.1	sp|D1MI46|C76BA_SWEMU	50.505	495	238	5	5986	6477	1	491	5.12e-157	497
AML77002.1	sp|O64635|C76C4_ARATH	48.515	505	241	7	5994	6480	3	506	6.72e-157	497
AML77002.1	tr|A0A396I806|A0A396I806_MEDTR	51.923	468	220	4	6017	6481	34	499	2.12e-156	495
AML77002.1	tr|A0A2P6P9L9|A0A2P6P9L9_ROSCH	53.896	462	209	3	6023	6481	39	499	5.48e-156	494
AML77002.1	sp|W0FKI0|DOX1_PERHD	49.378	482	239	3	6004	6481	11	491	1.53e-155	493
AML77002.1	tr|A0A2P6QX13|A0A2P6QX13_ROSCH	49.702	503	237	8	5986	6478	1	497	6.12e-155	491
AML77002.1	sp|O64637|C76C2_ARATH	50.201	498	237	6	5991	6480	13	507	1.80e-154	490
AML77002.1	tr|G7L1C7|G7L1C7_MEDTR	50.803	498	237	5	5986	6476	1	497	5.96e-154	488
AML77002.1	tr|G7L1C9|G7L1C9_MEDTR	51.000	500	233	6	5986	6476	1	497	6.82e-153	485
AML77002.1	tr|A0A6M3TXH1|A0A6M3TXH1_LITER	46.341	492	259	3	5994	6481	6	496	9.38e-153	484
AML77002.1	tr|A0A6M3TXH1|A0A6M3TXH1_LITER	46.341	492	259	3	5994	6481	6	496	9.38e-153	484
AML77002.1	tr|G7L1C4|G7L1C4_MEDTR	49.102	501	243	7	5986	6476	1	499	2.76e-152	484
AML77002.1	tr|A0A2G9FXM5|A0A2G9FXM5_9LAMI	49.501	501	230	5	5986	6481	1	483	3.03e-152	483
AML77002.1	tr|A0A2G9FXM5|A0A2G9FXM5_9LAMI	49.501	501	230	5	5986	6481	1	483	3.03e-152	483
AML77002.1	sp|O64636|C76C1_ARATH	48.000	500	248	6	5992	6480	8	506	9.91e-152	482
AML77002.1	tr|A0A3Q9R4N5|A0A3Q9R4N5_9BORA	46.108	501	257	6	5986	6481	1	493	5.21e-149	474
AML77002.1	sp|A0A1Z3GBS4|CYPH3_ISORU	46.869	495	253	6	5990	6480	3	491	1.89e-148	472
AML77002.1	tr|A0A6M3TY96|A0A6M3TY96_LITER	45.200	500	263	5	5986	6481	1	493	3.16e-148	471
AML77002.1	tr|A0A6M3TY96|A0A6M3TY96_LITER	45.200	500	263	5	5986	6481	1	493	3.16e-148	471
AML77002.1	tr|A0A396J999|A0A396J999_MEDTR	47.390	498	239	8	5989	6482	6	484	2.83e-147	468
AML77002.1	tr|A0A072VK77|A0A072VK77_MEDTR	48.185	496	238	6	5990	6482	16	495	2.93e-147	469
AML77002.1	tr|G7L1C3|G7L1C3_MEDTR	48.894	452	226	3	6029	6476	45	495	3.82e-147	469
AML77002.1	tr|A0A2S1RED8|A0A2S1RED8_CHRMO	51.434	488	222	9	5997	6478	9	487	2.85e-146	466
AML77002.1	tr|A0A2S1RED8|A0A2S1RED8_CHRMO	51.434	488	222	9	5997	6478	9	487	2.85e-146	466
AML77002.1	tr|A0A2G9H5W3|A0A2G9H5W3_9LAMI	48.193	498	250	4	5986	6481	1	492	4.54e-146	465
AML77002.1	tr|A0A2G9H5W3|A0A2G9H5W3_9LAMI	48.193	498	250	4	5986	6481	1	492	4.54e-146	465
AML77002.1	sp|A0A2K9RG08|CYBK1_VITAC	45.090	499	269	4	5986	6480	1	498	1.58e-144	461
AML77002.1	tr|A0A0B2QJS1|A0A0B2QJS1_GLYSO	50.816	429	205	3	6053	6476	1	428	2.99e-144	457
AML77002.1	sp|O64638|C76C3_ARATH	48.373	461	227	5	6029	6480	49	507	5.54e-144	460
AML77002.1	sp|S4UX02|CYPH1_SALMI	45.603	489	259	4	5994	6478	6	491	2.69e-143	457
AML77002.1	tr|F1DH41|F1DH41_9LAMI	48.073	493	249	3	5986	6478	1	486	2.21e-142	454
AML77002.1	tr|A0A396HJ99|A0A396HJ99_MEDTR	45.908	501	232	6	5986	6481	7	473	2.52e-140	448
AML77002.1	tr|A0A396JM90|A0A396JM90_MEDTR	45.473	497	250	8	5990	6482	35	514	3.50e-139	446
AML77002.1	tr|A0A0B2QL49|A0A0B2QL49_GLYSO	48.478	427	216	3	6053	6476	1	426	8.48e-137	436
AML77002.1	tr|A0A2P6R0I4|A0A2P6R0I4_ROSCH	49.247	465	197	4	6018	6480	35	462	8.23e-136	434
AML77002.1	tr|A0A396JUW2|A0A396JUW2_MEDTR	45.963	483	252	6	5986	6464	1	478	1.63e-135	435
AML77002.1	tr|A0A396JZC6|A0A396JZC6_MEDTR	44.246	504	263	6	5986	6486	1	489	3.28e-134	431
AML77002.1	tr|A0A072VPS7|A0A072VPS7_MEDTR	45.200	500	255	7	5986	6481	1	485	1.53e-133	429
AML77002.1	sp|O23976|C76B1_HELTU	45.528	492	260	4	5993	6482	5	490	2.82e-133	428
AML77002.1	tr|A0A396JSP8|A0A396JSP8_MEDTR	44.928	483	257	6	5986	6464	1	478	6.75e-133	427
AML77002.1	tr|A0A2G9HLA0|A0A2G9HLA0_9LAMI	43.902	492	270	4	5993	6481	7	495	1.70e-132	426
AML77002.1	tr|A0A2G9HLA0|A0A2G9HLA0_9LAMI	43.902	492	270	4	5993	6481	7	495	1.70e-132	426
AML77002.1	tr|A0A1B2ZC25|A0A1B2ZC25_VITVI	43.320	494	271	5	5988	6478	4	491	2.68e-132	426
AML77002.1	tr|A0A396JVM0|A0A396JVM0_MEDTR	44.600	500	257	4	5989	6481	11	497	1.04e-131	424
AML77002.1	tr|A5C7X2|A5C7X2_VITVI	42.713	494	274	5	5988	6478	4	491	4.40e-131	422
AML77002.1	tr|A0A6M5CTG4|A0A6M5CTG4_9ASPA	47.368	494	252	6	5986	6475	1	490	5.96e-131	422
AML77002.1	sp|A0A0Y0GRS3|C76H3_SALMI	43.381	491	271	5	5994	6480	6	493	9.05e-127	410
AML77002.1	tr|B9RHX8|B9RHX8_RICCO	43.035	481	261	7	6004	6480	23	494	9.63e-126	407
AML77002.1	tr|B9RHX8|B9RHX8_RICCO	43.035	481	261	7	6004	6480	23	494	9.63e-126	407
AML77002.1	sp|A0A125QZE2|C76K1_SALMI	43.441	465	255	5	6024	6481	40	503	1.78e-125	406
AML77002.1	tr|A0A6M3T0H4|A0A6M3T0H4_9LAMI	56.250	336	142	3	6137	6470	1	333	4.76e-124	395
AML77002.1	tr|B9SRM5|B9SRM5_RICCO	41.980	505	280	7	5986	6478	1	504	1.72e-122	398
AML77002.1	tr|B9SRM5|B9SRM5_RICCO	41.980	505	280	7	5986	6478	1	504	1.72e-122	398
AML77002.1	tr|B9RC29|B9RC29_RICCO	42.128	470	260	6	6013	6478	29	490	3.46e-121	394
AML77002.1	tr|B9RC29|B9RC29_RICCO	42.128	470	260	6	6013	6478	29	490	3.46e-121	394
AML77002.1	tr|A0A396JTM0|A0A396JTM0_MEDTR	55.120	332	145	4	6152	6481	9	338	2.34e-119	382
AML77002.1	tr|B9SRM4|B9SRM4_RICCO	41.837	490	271	5	6014	6490	32	520	3.03e-117	384
AML77002.1	tr|B9SRM4|B9SRM4_RICCO	41.837	490	271	5	6014	6490	32	520	3.03e-117	384
AML77002.1	tr|B9R9F5|B9R9F5_RICCO	41.988	493	273	7	5990	6478	8	491	4.12e-117	382
AML77002.1	tr|B9R9F5|B9R9F5_RICCO	41.988	493	273	7	5990	6478	8	491	4.12e-117	382
AML77002.1	tr|A0A0B4VFR8|A0A0B4VFR8_PODPE	42.140	458	255	4	6028	6477	48	503	6.64e-117	382
AML77002.1	tr|A0A0B4VFR8|A0A0B4VFR8_PODPE	42.140	458	255	4	6028	6477	48	503	6.64e-117	382
AML77002.1	sp|P37122|C76A2_SOLME	39.315	496	288	4	5993	6480	14	504	1.15e-116	381
AML77002.1	sp|Q9SP06|C80B3_PAPSO	41.830	459	257	4	6026	6482	31	481	4.07e-115	375
AML77002.1	tr|B9SRM6|B9SRM6_RICCO	37.474	475	291	2	6011	6480	27	500	5.55e-114	373
AML77002.1	tr|B9SRM6|B9SRM6_RICCO	37.474	475	291	2	6011	6480	27	500	5.55e-114	373
AML77002.1	tr|B9SRN0|B9SRN0_RICCO	39.873	474	272	4	6019	6480	48	520	2.51e-113	372
AML77002.1	tr|B9SRN0|B9SRN0_RICCO	39.873	474	272	4	6019	6480	48	520	2.51e-113	372
AML77002.1	tr|A0A1U9X5Y8|A0A1U9X5Y8_THAGA	39.676	494	283	6	5994	6478	13	500	9.17e-113	370
AML77002.1	tr|A0A1U9X5Y8|A0A1U9X5Y8_THAGA	39.676	494	283	6	5994	6478	13	500	9.17e-113	370
AML77002.1	sp|O64899|C80B1_ESCCA	41.903	494	270	8	5989	6478	3	483	4.25e-112	367
AML77002.1	sp|O64900|C80B2_ESCCA	41.650	497	273	8	5986	6478	1	484	1.05e-111	366
AML77002.1	tr|B9SRM8|B9SRM8_RICCO	37.681	483	286	5	6010	6480	27	506	2.42e-111	366
AML77002.1	tr|B9SRM8|B9SRM8_RICCO	37.681	483	286	5	6010	6480	27	506	2.42e-111	366
AML77002.1	tr|B9SRN5|B9SRN5_RICCO	38.382	482	282	5	6011	6480	32	510	8.73e-110	362
AML77002.1	tr|B9SRN5|B9SRN5_RICCO	38.382	482	282	5	6011	6480	32	510	8.73e-110	362
AML77002.1	sp|Q6YTF5|C76M5_ORYSJ	39.827	462	267	6	6025	6482	47	501	2.23e-109	360
AML77002.1	tr|A0A1U9X5Z7|A0A1U9X5Z7_THAGA	38.569	503	292	6	5989	6480	8	504	1.66e-108	358
AML77002.1	tr|A0A1U9X5Z7|A0A1U9X5Z7_THAGA	38.569	503	292	6	5989	6480	8	504	1.66e-108	358
AML77002.1	sp|W8JIS5|IO_CATRO	36.346	509	308	6	5984	6480	7	511	1.76e-108	358
AML77002.1	tr|A0A2G9IBC6|A0A2G9IBC6_9LAMI	37.678	491	292	8	5999	6481	18	502	4.18e-108	357
AML77002.1	tr|A0A2G9IBC6|A0A2G9IBC6_9LAMI	37.678	491	292	8	5999	6481	18	502	4.18e-108	357
AML77002.1	sp|Q9FXW4|C80B2_COPJA	42.251	471	260	5	6009	6477	20	480	2.45e-107	353
AML77002.1	tr|A0A0B4VG24|A0A0B4VG24_SINHE	38.115	488	288	5	5994	6478	3	479	8.52e-107	352
AML77002.1	tr|B9SRN4|B9SRN4_RICCO	39.579	475	272	6	6019	6480	38	510	8.58e-106	350
AML77002.1	tr|B9SRN4|B9SRN4_RICCO	39.579	475	272	6	6019	6480	38	510	8.58e-106	350
AML77002.1	sp|I3V6B1|C80BX_PAPSO	41.348	445	246	6	5986	6427	1	433	1.16e-105	347
AML77002.1	tr|B9RBQ8|B9RBQ8_RICCO	37.550	498	298	6	5989	6479	17	508	1.80e-104	346
AML77002.1	tr|B9RBQ8|B9RBQ8_RICCO	37.550	498	298	6	5989	6479	17	508	1.80e-104	346
AML77002.1	tr|A0A2G9IBB5|A0A2G9IBB5_9LAMI	36.978	503	302	8	5991	6483	7	504	2.40e-104	345
AML77002.1	tr|A0A2G9IBB5|A0A2G9IBB5_9LAMI	36.978	503	302	8	5991	6483	7	504	2.40e-104	345
AML77002.1	sp|Q6Z5I7|C76M6_ORYSJ	38.000	500	296	8	5989	6478	11	506	4.15e-104	345
AML77002.1	tr|A0A0B2SGD9|A0A0B2SGD9_GLYSO	37.107	477	280	7	6013	6478	14	481	8.84e-104	343
AML77002.1	tr|A0A2P6PC56|A0A2P6PC56_ROSCH	49.245	331	164	3	6029	6356	19	348	9.48e-104	337
AML77002.1	tr|A0A0B2QW52|A0A0B2QW52_GLYSO	36.905	504	295	9	5988	6478	6	499	2.31e-103	343
AML77002.1	tr|F2VR48|F2VR48_PRUAV	38.523	501	288	8	5991	6478	3	496	2.90e-103	342
AML77002.1	tr|F2VR48|F2VR48_PRUAV	38.523	501	288	8	5991	6478	3	496	2.90e-103	342
AML77002.1	sp|Q9SD85|F3PH_ARATH	37.302	504	300	7	5986	6478	1	499	3.30e-103	342
AML77002.1	tr|D5M8Q3|D5M8Q3_9MAGN	37.302	504	297	7	5989	6478	2	500	4.00e-103	342
AML77002.1	tr|D5M8Q3|D5M8Q3_9MAGN	37.302	504	297	7	5989	6478	2	500	4.00e-103	342
AML77002.1	tr|Q5C9L5|Q5C9L5_THLFG	42.184	467	257	5	6013	6477	25	480	6.37e-103	341
AML77002.1	tr|Q5C9L5|Q5C9L5_THLFG	42.184	467	257	5	6013	6477	25	480	6.37e-103	341
AML77002.1	tr|G7IWE8|G7IWE8_MEDTR	39.184	490	281	6	6004	6478	16	503	3.16e-102	340
AML77002.1	tr|A0A2G9IBB7|A0A2G9IBB7_9LAMI	36.364	495	303	7	5994	6481	13	502	4.29e-102	339
AML77002.1	tr|A0A2G9IBB7|A0A2G9IBB7_9LAMI	36.364	495	303	7	5994	6481	13	502	4.29e-102	339
AML77002.1	tr|B9SB69|B9SB69_RICCO	38.429	471	277	6	6019	6479	34	501	4.62e-102	339
AML77002.1	tr|B9SB69|B9SB69_RICCO	38.429	471	277	6	6019	6479	34	501	4.62e-102	339
AML77002.1	tr|A0A2P6R0K1|A0A2P6R0K1_ROSCH	52.769	307	139	4	6177	6478	71	376	5.79e-102	333
AML77002.1	tr|A0A0A0RI01|A0A0A0RI01_PAELC	37.988	487	291	5	6004	6480	15	500	5.87e-102	338
AML77002.1	tr|A0A0A0RI01|A0A0A0RI01_PAELC	37.988	487	291	5	6004	6480	15	500	5.87e-102	338
AML77002.1	sp|Q69X58|C76M7_ORYSJ	39.246	451	267	5	6035	6481	52	499	5.95e-102	338
AML77002.1	tr|B9SB66|B9SB66_RICCO	38.771	472	274	7	6019	6479	34	501	8.70e-102	338
AML77002.1	tr|B9SB66|B9SB66_RICCO	38.771	472	274	7	6019	6479	34	501	8.70e-102	338
AML77002.1	sp|A8CDR5|C80G2_COPJA	37.959	490	282	8	5994	6478	10	482	1.66e-101	337
AML77002.1	sp|A0A4D6Q414|CYP2_CROXC	36.711	523	289	8	5986	6478	3	513	2.64e-101	337
AML77002.1	tr|A0A072UVP1|A0A072UVP1_MEDTR	39.785	465	265	5	6027	6478	41	503	5.39e-101	336
AML77002.1	tr|A0A5B7BIH9|A0A5B7BIH9_DAVIN	39.341	455	263	6	6029	6478	60	506	5.61e-101	336
AML77002.1	sp|Q6YTF1|C76M8_ORYSJ	37.649	502	304	7	5986	6481	1	499	5.89e-101	335
AML77002.1	tr|G7IWE5|G7IWE5_MEDTR	39.785	465	265	5	6027	6478	41	503	8.87e-101	335
AML77002.1	tr|R9WS52|R9WS52_9ROSI	37.649	502	294	6	5990	6478	3	498	1.30e-99	332
AML77002.1	tr|R9WS52|R9WS52_9ROSI	37.649	502	294	6	5990	6478	3	498	1.30e-99	332
AML77002.1	tr|A0A072V1L1|A0A072V1L1_MEDTR	37.687	467	270	6	6027	6478	40	500	1.78e-99	332
AML77002.1	tr|B9SRN1|B9SRN1_RICCO	36.789	492	291	6	5982	6456	1	489	2.35e-99	331
AML77002.1	tr|B9SRN1|B9SRN1_RICCO	36.789	492	291	6	5982	6456	1	489	2.35e-99	331
AML77002.1	sp|O48958|C71E1_SORBI	34.526	475	300	3	6015	6480	52	524	3.31e-99	332
AML77002.1	tr|A0A0N6XG41|A0A0N6XG41_LYCBA	38.672	512	293	9	5993	6487	7	514	5.45e-99	330
AML77002.1	tr|A0A0N6XG41|A0A0N6XG41_LYCBA	38.672	512	293	9	5993	6487	7	514	5.45e-99	330
AML77002.1	sp|P58049|C71BB_ARATH	36.640	494	288	11	5999	6479	10	491	5.72e-99	330
AML77002.1	sp|P58050|C71BD_ARATH	35.887	496	291	10	5998	6479	9	491	1.12e-98	329
AML77002.1	sp|P58051|C71BE_ARATH	36.400	500	291	12	5994	6479	5	491	1.37e-98	328
AML77002.1	tr|A0A2G9GCT6|A0A2G9GCT6_9LAMI	38.664	494	282	8	6000	6478	13	500	1.43e-98	329
AML77002.1	tr|A0A2G9GCT6|A0A2G9GCT6_9LAMI	38.664	494	282	8	6000	6478	13	500	1.43e-98	329
AML77002.1	tr|A0A0N6VV42|A0A0N6VV42_LYCRU	38.966	503	287	8	5993	6479	7	505	1.55e-98	329
AML77002.1	tr|A0A0N6VV42|A0A0N6VV42_LYCRU	38.966	503	287	8	5993	6479	7	505	1.55e-98	329
AML77002.1	tr|A0A2G9HN69|A0A2G9HN69_9LAMI	37.576	495	297	7	5994	6481	13	502	1.76e-98	328
AML77002.1	tr|A0A2G9HN69|A0A2G9HN69_9LAMI	37.576	495	297	7	5994	6481	13	502	1.76e-98	328
AML77002.1	tr|B9T1C6|B9T1C6_RICCO	35.000	500	313	6	5983	6478	8	499	2.88e-98	328
AML77002.1	tr|B9T1C6|B9T1C6_RICCO	35.000	500	313	6	5983	6478	8	499	2.88e-98	328
AML77002.1	tr|A0A3Q8QEL6|A0A3Q8QEL6_CICEN	35.400	500	295	12	5989	6478	5	486	6.09e-98	327
AML77002.1	tr|A0A3Q8QEF7|A0A3Q8QEF7_CICIN	35.200	500	296	12	5989	6478	5	486	7.31e-98	326
AML77002.1	sp|P37121|C76A1_SOLME	40.043	467	265	7	6028	6480	1	466	7.57e-98	325
AML77002.1	tr|A0A3G1WR69|A0A3G1WR69_9LAMI	38.229	497	294	7	5991	6478	1	493	8.00e-98	327
AML77002.1	tr|A0A3G1WR69|A0A3G1WR69_9LAMI	38.229	497	294	7	5991	6478	1	493	8.00e-98	327
AML77002.1	tr|G7J474|G7J474_MEDTR	37.551	490	288	9	5998	6477	18	499	8.80e-98	327
AML77002.1	sp|Q9LIP6|C71BV_ARATH	36.217	497	301	7	5994	6480	6	496	1.35e-97	326
AML77002.1	sp|G3GBK0|C7BL3_CICIN	35.200	500	296	12	5989	6478	5	486	1.54e-97	325
AML77002.1	sp|A0A4D6Q415|CYP1_CROXC	37.952	498	287	6	5993	6478	12	499	1.73e-97	326
AML77002.1	tr|A0A151TRR2|A0A151TRR2_CAJCA	38.280	465	270	6	6027	6478	30	490	1.77e-97	325
AML77002.1	tr|A0A151TRR2|A0A151TRR2_CAJCA	38.280	465	270	6	6027	6478	30	490	1.77e-97	325
AML77002.1	sp|Q9ZU07|C71BC_ARATH	36.364	495	288	11	5999	6479	10	491	2.32e-97	325
AML77002.1	sp|F8S1I0|C7BL2_LACSA	35.842	505	294	12	5984	6478	2	486	3.43e-97	324
AML77002.1	tr|I1WYE8|I1WYE8_PAELC	39.014	487	274	7	6008	6478	19	498	4.22e-97	325
AML77002.1	tr|I1WYE8|I1WYE8_PAELC	39.014	487	274	7	6008	6478	19	498	4.22e-97	325
AML77002.1	tr|G8A360|G8A360_MEDTR	37.423	489	294	5	5998	6477	18	503	7.65e-97	324
AML77002.1	tr|A0A2G9H8E5|A0A2G9H8E5_9LAMI	36.140	487	296	9	6000	6479	13	491	1.30e-96	323
AML77002.1	tr|A0A2G9H8E5|A0A2G9H8E5_9LAMI	36.140	487	296	9	6000	6479	13	491	1.30e-96	323
AML77002.1	tr|A0A072UUU7|A0A072UUU7_MEDTR	37.684	475	268	9	6015	6475	33	493	1.40e-96	323
AML77002.1	tr|I0IV87|I0IV87_GLYSO	36.128	501	307	6	5986	6477	1	497	1.89e-96	323
AML77002.1	tr|I0IV87|I0IV87_GLYSO	36.128	501	307	6	5986	6477	1	497	1.89e-96	323
AML77002.1	sp|Q9LTM3|C71BK_ARATH	36.611	478	283	8	6018	6481	30	501	2.18e-96	322
AML77002.1	tr|D2XSZ0|D2XSZ0_CHRMO	37.702	496	288	7	5999	6478	6	496	2.82e-96	322
AML77002.1	tr|D2XSZ0|D2XSZ0_CHRMO	37.702	496	288	7	5999	6478	6	496	2.82e-96	322
AML77002.1	sp|Q7G602|C75B3_ORYSJ	36.852	521	295	10	5986	6478	1	515	4.09e-96	322
AML77002.1	tr|D0EUZ8|D0EUZ8_9ERIC	35.259	502	309	7	5985	6477	2	496	4.59e-96	322
AML77002.1	tr|D0EUZ8|D0EUZ8_9ERIC	35.259	502	309	7	5985	6477	2	496	4.59e-96	322
AML77002.1	tr|B9RLP6|B9RLP6_RICCO	37.556	450	265	5	6042	6478	1	447	1.04e-95	319
AML77002.1	tr|B9RLP6|B9RLP6_RICCO	37.556	450	265	5	6042	6478	1	447	1.04e-95	319
AML77002.1	tr|A0A2S1Q4X0|A0A2S1Q4X0_CHRMO	37.298	496	290	7	5999	6478	6	496	1.09e-95	320
AML77002.1	tr|A0A2S1Q4X0|A0A2S1Q4X0_CHRMO	37.298	496	290	7	5999	6478	6	496	1.09e-95	320
AML77002.1	sp|O65786|C71B4_ARATH	34.888	493	300	8	6000	6479	15	499	1.29e-95	320
AML77002.1	sp|A6YIH8|C7D55_HYOMU	35.197	483	293	8	6006	6477	20	493	1.30e-95	320
AML77002.1	tr|A0A2G9HZZ9|A0A2G9HZZ9_9LAMI	37.755	490	293	7	5999	6481	18	502	1.39e-95	320
AML77002.1	tr|A0A2G9HZZ9|A0A2G9HZZ9_9LAMI	37.755	490	293	7	5999	6481	18	502	1.39e-95	320
AML77002.1	tr|D2XSY8|D2XSY8_CHRMO	37.500	496	289	7	5999	6478	6	496	1.64e-95	320
AML77002.1	tr|D2XSY8|D2XSY8_CHRMO	37.500	496	289	7	5999	6478	6	496	1.64e-95	320
AML77002.1	tr|D2XSZ2|D2XSZ2_CHRMO	37.500	496	289	7	5999	6478	6	496	2.27e-95	320
AML77002.1	tr|D2XSZ2|D2XSZ2_CHRMO	37.500	496	289	7	5999	6478	6	496	2.27e-95	320
AML77002.1	tr|D2XSZ1|D2XSZ1_CHRMO	37.500	496	289	7	5999	6478	6	496	2.48e-95	320
AML77002.1	tr|D2XSZ1|D2XSZ1_CHRMO	37.500	496	289	7	5999	6478	6	496	2.48e-95	320
AML77002.1	tr|J7FTV2|J7FTV2_COFAR	37.712	472	279	8	6017	6478	26	492	2.75e-95	319
AML77002.1	tr|J7FTV2|J7FTV2_COFAR	37.712	472	279	8	6017	6478	26	492	2.75e-95	319
AML77002.1	sp|P24465|C71A1_PERAE	36.653	502	303	7	5991	6480	1	499	3.22e-95	319
AML77002.1	tr|G7J477|G7J477_MEDTR	36.874	499	293	8	5989	6478	28	513	3.44e-95	320
AML77002.1	sp|Q9LTM4|C71BJ_ARATH	34.195	503	315	5	5993	6481	1	501	3.94e-95	319
AML77002.1	tr|A0A2G9H402|A0A2G9H402_9LAMI	37.014	489	292	9	6000	6479	12	493	9.46e-95	317
AML77002.1	tr|A0A2G9H402|A0A2G9H402_9LAMI	37.014	489	292	9	6000	6479	12	493	9.46e-95	317
AML77002.1	tr|G7KAS8|G7KAS8_MEDTR	36.875	480	276	9	6017	6478	33	503	1.02e-94	318
AML77002.1	sp|H2DH18|C7A12_PANGI	35.876	485	292	9	6005	6478	20	496	1.26e-94	317
AML77002.1	tr|D2XSY7|D2XSY7_CHRMO	37.298	496	290	7	5999	6478	6	496	1.29e-94	317
AML77002.1	tr|D2XSY7|D2XSY7_CHRMO	37.298	496	290	7	5999	6478	6	496	1.29e-94	317
AML77002.1	tr|A0A2P6P5G9|A0A2P6P5G9_ROSCH	38.086	491	279	9	5998	6479	32	506	1.38e-94	317
AML77002.1	tr|A0A1P7XNA0|A0A1P7XNA0_LYCRD	37.365	463	273	5	6025	6478	42	496	1.69e-94	317
AML77002.1	tr|A0A2I0B5P5|A0A2I0B5P5_9ASPA	37.500	488	281	10	6010	6478	26	508	1.82e-94	317
AML77002.1	tr|A0A2I0B5P5|A0A2I0B5P5_9ASPA	37.500	488	281	10	6010	6478	26	508	1.82e-94	317
AML77002.1	tr|B9RHW4|B9RHW4_RICCO	35.091	493	303	9	5994	6478	11	494	1.93e-94	317
AML77002.1	tr|B9RHW4|B9RHW4_RICCO	35.091	493	303	9	5994	6478	11	494	1.93e-94	317
AML77002.1	tr|A0A0A1E1K2|A0A0A1E1K2_9SOLA	37.866	478	279	6	6025	6487	40	514	2.07e-94	317
AML77002.1	tr|A0A0A1E1K2|A0A0A1E1K2_9SOLA	37.866	478	279	6	6025	6487	40	514	2.07e-94	317
AML77002.1	tr|A0A0A1E1Y4|A0A0A1E1Y4_9SOLA	37.866	478	279	6	6025	6487	40	514	2.09e-94	317
AML77002.1	tr|A0A0A1E1Y4|A0A0A1E1Y4_9SOLA	37.866	478	279	6	6025	6487	40	514	2.09e-94	317
AML77002.1	tr|A0A396H909|A0A396H909_MEDTR	36.508	504	287	9	5990	6477	6	492	2.10e-94	317
AML77002.1	tr|A0A2I0A2H7|A0A2I0A2H7_9ASPA	35.375	506	305	8	5993	6479	9	511	2.38e-94	317
AML77002.1	tr|A0A2I0A2H7|A0A2I0A2H7_9ASPA	35.375	506	305	8	5993	6479	9	511	2.38e-94	317
AML77002.1	sp|Q96418|C75A5_EUSER	36.238	505	302	8	5985	6477	2	498	2.72e-94	317
AML77002.1	tr|B9SJN4|B9SJN4_RICCO	37.945	477	269	9	6017	6477	29	494	2.72e-94	317
AML77002.1	tr|B9SJN4|B9SJN4_RICCO	37.945	477	269	9	6017	6477	29	494	2.72e-94	317
AML77002.1	sp|O04790|C75A7_EUSER	36.238	505	302	8	5985	6477	2	498	4.93e-94	316
AML77002.1	sp|Q9LVD2|C71BA_ARATH	35.197	483	299	7	6009	6480	20	499	5.28e-94	315
AML77002.1	tr|A0A0A1DZD6|A0A0A1DZD6_9SOLA	37.945	477	279	6	6025	6487	40	513	5.39e-94	316
AML77002.1	tr|A0A0A1DZD6|A0A0A1DZD6_9SOLA	37.945	477	279	6	6025	6487	40	513	5.39e-94	316
AML77002.1	tr|A0A0B2QDG0|A0A0B2QDG0_GLYSO	38.065	465	271	6	6027	6478	40	500	5.70e-94	316
AML77002.1	tr|A0A0B2QDG0|A0A0B2QDG0_GLYSO	38.065	465	271	6	6027	6478	40	500	5.70e-94	316
AML77002.1	tr|A0A2Z4N993|A0A2Z4N993_SALMI	37.328	509	294	9	5986	6478	1	500	5.92e-94	316
AML77002.1	tr|A0A0B2PHC1|A0A0B2PHC1_GLYSO	36.522	460	274	6	6029	6479	50	500	6.07e-94	315
AML77002.1	sp|Q94FM7|C71DK_TOBAC	35.565	478	286	7	6006	6470	20	488	7.91e-94	315
AML77002.1	tr|Q2XP00|Q2XP00_ANTMA	39.140	465	263	7	6027	6478	52	509	8.17e-94	315
AML77002.1	tr|Q2XP00|Q2XP00_ANTMA	39.140	465	263	7	6027	6478	52	509	8.17e-94	315
AML77002.1	tr|D2XSY9|D2XSY9_CHRMO	37.298	496	290	7	5999	6478	6	496	8.66e-94	315
AML77002.1	tr|D2XSY9|D2XSY9_CHRMO	37.298	496	290	7	5999	6478	6	496	8.66e-94	315
AML77002.1	tr|A0A0B2P1G2|A0A0B2P1G2_GLYSO	34.343	495	303	8	5998	6479	1	486	1.08e-93	315
AML77002.1	tr|A0A0B2SWE3|A0A0B2SWE3_GLYSO	34.921	504	303	10	5993	6478	7	503	1.23e-93	315
AML77002.1	sp|A0A0N9HTU1|C71CU_SINHE	34.356	489	309	6	5995	6478	7	488	1.30e-93	314
AML77002.1	tr|A0A2Z4HPX2|A0A2Z4HPX2_PYRPY	38.622	479	274	8	6027	6491	39	511	1.36e-93	315
AML77002.1	tr|A0A2H9ZS65|A0A2H9ZS65_9ASPA	35.197	483	294	7	6005	6477	30	503	1.49e-93	315
AML77002.1	tr|A0A2H9ZS65|A0A2H9ZS65_9ASPA	35.197	483	294	7	6005	6477	30	503	1.49e-93	315
AML77002.1	tr|B9RAS2|B9RAS2_RICCO	35.259	502	307	7	5991	6482	14	507	1.51e-93	314
AML77002.1	tr|B9RAS2|B9RAS2_RICCO	35.259	502	307	7	5991	6482	14	507	1.51e-93	314
AML77002.1	tr|A0A0B2PHA2|A0A0B2PHA2_GLYSO	35.671	499	300	10	5993	6478	7	497	1.51e-93	314
AML77002.1	tr|A0A0B2PM72|A0A0B2PM72_GLYSO	35.471	499	301	9	5993	6478	7	497	1.57e-93	314
AML77002.1	sp|Q9LTL2|C71BP_ARATH	35.169	472	291	6	6018	6479	32	498	1.80e-93	314
AML77002.1	tr|B9RHX0|B9RHX0_RICCO	35.000	500	300	10	5990	6478	7	492	2.48e-93	313
AML77002.1	tr|B9RHX0|B9RHX0_RICCO	35.000	500	300	10	5990	6478	7	492	2.48e-93	313
AML77002.1	tr|A0A218WL77|A0A218WL77_PUNGR	36.810	489	293	7	5998	6477	15	496	2.55e-93	314
AML77002.1	tr|A0A218WL77|A0A218WL77_PUNGR	36.810	489	293	7	5998	6477	15	496	2.55e-93	314
AML77002.1	sp|Q9LIP5|C71BW_ARATH	36.383	470	280	7	6020	6478	32	493	2.84e-93	313
AML77002.1	sp|P93531|C71D7_SOLCH	35.010	477	294	6	6011	6477	24	494	3.51e-93	313
AML77002.1	sp|O22203|C98A3_ARATH	37.317	477	272	9	6017	6477	26	491	3.75e-93	313
AML77002.1	tr|A0A2I0AUK1|A0A2I0AUK1_9ASPA	38.229	497	279	11	6008	6478	17	511	3.89e-93	313
AML77002.1	tr|A0A2I0AUK1|A0A2I0AUK1_9ASPA	38.229	497	279	11	6008	6478	17	511	3.89e-93	313
AML77002.1	tr|A0A2P6S6H6|A0A2P6S6H6_ROSCH	35.700	493	287	12	6004	6477	18	499	5.31e-93	313
AML77002.1	sp|O48923|C71DA_SOYBN	35.758	495	300	10	5994	6478	19	505	7.26e-93	312
AML77002.1	tr|B9SVN7|B9SVN7_RICCO	34.728	478	295	7	6015	6480	32	504	8.29e-93	312
AML77002.1	tr|B9SVN7|B9SVN7_RICCO	34.728	478	295	7	6015	6480	32	504	8.29e-93	312
AML77002.1	tr|A0A1S5T865|A0A1S5T865_CAMSI	35.152	495	304	7	5989	6477	15	498	9.05e-93	312
AML77002.1	sp|A0A0N9HT29|C71BE_SINHE	34.216	491	301	8	6002	6481	18	497	9.12e-93	312
AML77002.1	tr|A0A151TAP4|A0A151TAP4_CAJCA	36.952	479	275	9	6017	6479	27	494	9.31e-93	312
AML77002.1	tr|A0A151TAP4|A0A151TAP4_CAJCA	36.952	479	275	9	6017	6479	27	494	9.31e-93	312
AML77002.1	tr|A0A2P6P3J6|A0A2P6P3J6_ROSCH	33.589	521	319	12	5975	6479	34	543	9.79e-93	313
AML77002.1	sp|D5JBX1|GAO_BARSP	36.864	491	287	11	5997	6478	10	486	1.00e-92	311
AML77002.1	tr|A0A2Z4HPV9|A0A2Z4HPV9_PYRPY	38.495	465	267	6	6027	6478	39	497	1.17e-92	312
AML77002.1	tr|A0A0B2RYI7|A0A0B2RYI7_GLYSO	35.010	477	290	7	6015	6479	17	485	1.19e-92	311
AML77002.1	tr|F4YYF2|F4YYF2_CYNCS	37.081	507	296	7	5989	6479	2	501	1.39e-92	311
AML77002.1	tr|F4YYF2|F4YYF2_CYNCS	37.081	507	296	7	5989	6479	2	501	1.39e-92	311
AML77002.1	sp|P49264|C71B1_THLAR	34.592	503	301	12	5991	6479	3	491	1.57e-92	311
AML77002.1	tr|B9T233|B9T233_RICCO	34.141	495	309	8	5994	6481	10	494	2.13e-92	311
AML77002.1	tr|B9T233|B9T233_RICCO	34.141	495	309	8	5994	6481	10	494	2.13e-92	311
AML77002.1	tr|A0A151TY44|A0A151TY44_CAJCA	35.745	470	290	9	6016	6479	24	487	2.42e-92	310
AML77002.1	tr|B9RHW8|B9RHW8_RICCO	33.204	515	316	11	5985	6481	15	519	3.22e-92	311
AML77002.1	tr|B9RHW8|B9RHW8_RICCO	33.204	515	316	11	5985	6481	15	519	3.22e-92	311
AML77002.1	tr|A0A455I265|A0A455I265_EUPPU	37.716	464	272	7	6027	6478	39	497	3.56e-92	310
AML77002.1	tr|A0A2P6S6G7|A0A2P6S6G7_ROSCH	35.060	502	297	13	5994	6477	17	507	3.68e-92	311
AML77002.1	tr|A0A455IC04|A0A455IC04_EUPPU	37.500	464	273	7	6027	6478	40	498	3.70e-92	310
AML77002.1	tr|A0A060L8Y9|A0A060L8Y9_ANTAD	36.810	489	274	9	6018	6487	35	507	3.92e-92	310
AML77002.1	tr|A0A060L8Y9|A0A060L8Y9_ANTAD	36.810	489	274	9	6018	6487	35	507	3.92e-92	310
AML77002.1	sp|O81970|C71A9_SOYBN	37.367	471	272	10	6012	6470	27	486	4.48e-92	310
AML77002.1	tr|A0A455JC55|A0A455JC55_EUPPU	37.716	464	272	7	6027	6478	39	497	4.65e-92	310
AML77002.1	tr|A0A0B2PSW0|A0A0B2PSW0_GLYSO	36.709	474	279	9	6017	6477	27	492	4.88e-92	310
AML77002.1	tr|A0A0B2PSW0|A0A0B2PSW0_GLYSO	36.709	474	279	9	6017	6477	27	492	4.88e-92	310
AML77002.1	tr|A0A2G9HYB0|A0A2G9HYB0_9LAMI	34.989	463	286	6	6029	6482	49	505	6.82e-92	310
AML77002.1	tr|A0A2G9HYB0|A0A2G9HYB0_9LAMI	34.989	463	286	6	6029	6482	49	505	6.82e-92	310
AML77002.1	sp|O81974|C71D8_SOYBN	35.992	514	292	14	5986	6478	1	498	7.19e-92	309
AML77002.1	tr|A0A2G9GCD1|A0A2G9GCD1_9LAMI	36.864	491	290	11	5999	6477	16	498	8.58e-92	309
AML77002.1	tr|A0A2G9GCD1|A0A2G9GCD1_9LAMI	36.864	491	290	11	5999	6477	16	498	8.58e-92	309
AML77002.1	tr|A0A2P6QD81|A0A2P6QD81_ROSCH	34.400	500	302	9	5998	6479	11	502	8.78e-92	310
AML77002.1	tr|T1NXM2|T1NXM2_9ROSA	38.495	465	267	7	6027	6478	40	498	9.36e-92	309
AML77002.1	tr|T1NXM2|T1NXM2_9ROSA	38.495	465	267	7	6027	6478	40	498	9.36e-92	309
AML77002.1	tr|A0A346TLE7|A0A346TLE7_NARPA	35.200	500	308	8	5986	6477	1	492	9.90e-92	309
AML77002.1	tr|A0A346TLE7|A0A346TLE7_NARPA	35.200	500	308	8	5986	6477	1	492	9.90e-92	309
AML77002.1	sp|Q96581|C75A4_GENTR	37.695	512	287	13	5989	6478	6	507	1.17e-91	309
AML77002.1	tr|A0A6B9FBP9|A0A6B9FBP9_9ROSI	37.131	474	273	6	6017	6475	35	498	1.24e-91	309
AML77002.1	tr|A0A6B9FBP9|A0A6B9FBP9_9ROSI	37.131	474	273	6	6017	6475	35	498	1.24e-91	309
AML77002.1	sp|X2JE85|C7BL2_TANPA	34.000	500	311	10	5986	6478	1	488	1.25e-91	308
AML77002.1	tr|A0A0B2SAZ9|A0A0B2SAZ9_GLYSO	37.448	478	276	8	6017	6482	36	502	1.40e-91	309
AML77002.1	tr|G7K4E9|G7K4E9_MEDTR	34.331	501	311	8	5986	6478	7	497	1.46e-91	308
AML77002.1	sp|D5JBW9|GAO_SAUCO	36.546	498	293	11	5989	6479	6	487	1.48e-91	308
AML77002.1	tr|B9RE29|B9RE29_RICCO	33.333	498	314	7	5993	6478	4	495	2.00e-91	308
AML77002.1	tr|B9RE29|B9RE29_RICCO	33.333	498	314	7	5993	6478	4	495	2.00e-91	308
AML77002.1	tr|A0A151SPJ6|A0A151SPJ6_CAJCA	38.675	468	257	10	6027	6474	39	496	2.12e-91	308
AML77002.1	tr|A0A151SPJ6|A0A151SPJ6_CAJCA	38.675	468	257	10	6027	6474	39	496	2.12e-91	308
AML77002.1	tr|B9R857|B9R857_RICCO	36.129	465	288	6	6012	6470	24	485	2.28e-91	308
AML77002.1	tr|B9R857|B9R857_RICCO	36.129	465	288	6	6012	6470	24	485	2.28e-91	308
AML77002.1	tr|T1NXM6|T1NXM6_FRAVR	38.065	465	269	7	6027	6478	40	498	2.32e-91	308
AML77002.1	tr|T1NXM6|T1NXM6_FRAVR	38.065	465	269	7	6027	6478	40	498	2.32e-91	308
AML77002.1	tr|A0A2Z4N9A4|A0A2Z4N9A4_SALMI	35.174	489	296	8	6000	6474	19	500	2.54e-91	308
AML77002.1	tr|A0A2G9I2Z1|A0A2G9I2Z1_9LAMI	34.989	463	286	6	6029	6482	49	505	2.68e-91	308
AML77002.1	tr|A0A2G9I2Z1|A0A2G9I2Z1_9LAMI	34.989	463	286	6	6029	6482	49	505	2.68e-91	308
AML77002.1	sp|P47195|C80A1_BERST	34.894	470	291	6	6014	6478	24	483	2.68e-91	307
AML77002.1	tr|B9RRA1|B9RRA1_RICCO	34.400	500	305	7	5995	6477	18	511	3.08e-91	308
AML77002.1	tr|B9RRA1|B9RRA1_RICCO	34.400	500	305	7	5995	6477	18	511	3.08e-91	308
AML77002.1	tr|A0A5B7AK51|A0A5B7AK51_DAVIN	34.947	475	286	8	6019	6479	39	504	3.68e-91	308
AML77002.1	sp|Q96514|C71B7_ARATH	33.400	500	321	5	5990	6478	2	500	4.93e-91	307
AML77002.1	sp|Q42798|C93A1_SOYBN	36.328	512	296	13	5986	6479	1	500	5.09e-91	307
AML77002.1	tr|T1NXM5|T1NXM5_FRAVE	38.065	465	269	7	6027	6478	40	498	5.94e-91	307
AML77002.1	tr|T1NXM5|T1NXM5_FRAVE	38.065	465	269	7	6027	6478	40	498	5.94e-91	307
AML77002.1	tr|A0A2P6PT75|A0A2P6PT75_ROSCH	33.533	501	311	8	5994	6479	10	503	6.27e-91	307
AML77002.1	tr|A0A0B2SGZ6|A0A0B2SGZ6_GLYSO	36.943	471	285	6	6013	6478	13	476	6.43e-91	306
AML77002.1	tr|A0A0B2NUR9|A0A0B2NUR9_GLYSO	37.576	495	285	10	5998	6479	5	488	6.91e-91	306
AML77002.1	tr|A0A2P6PD97|A0A2P6PD97_ROSCH	33.594	512	309	9	5986	6478	1	500	7.03e-91	306
AML77002.1	tr|J7FYJ5|J7FYJ5_COFAR	37.103	504	287	11	5991	6477	1	491	7.11e-91	306
AML77002.1	tr|J7FYJ5|J7FYJ5_COFAR	37.103	504	287	11	5991	6477	1	491	7.11e-91	306
AML77002.1	tr|A0A151SPD8|A0A151SPD8_CAJCA	37.199	457	269	6	6034	6478	1	451	7.74e-91	305
AML77002.1	tr|A0A151SPD8|A0A151SPD8_CAJCA	37.199	457	269	6	6034	6478	1	451	7.74e-91	305
AML77002.1	tr|A0A2G9HNG5|A0A2G9HNG5_9LAMI	35.842	505	300	9	5986	6480	1	491	7.82e-91	306
AML77002.1	tr|A0A2G9HNG5|A0A2G9HNG5_9LAMI	35.842	505	300	9	5986	6480	1	491	7.82e-91	306
AML77002.1	tr|T1NXM4|T1NXM4_FRAAN	38.065	465	269	7	6027	6478	40	498	1.00e-90	306
AML77002.1	tr|T1NXM4|T1NXM4_FRAAN	38.065	465	269	7	6027	6478	40	498	1.00e-90	306
AML77002.1	tr|A0A2G9H6R5|A0A2G9H6R5_9LAMI	35.918	490	294	9	6004	6479	20	503	1.04e-90	306
AML77002.1	tr|A0A2G9H6R5|A0A2G9H6R5_9LAMI	35.918	490	294	9	6004	6479	20	503	1.04e-90	306
AML77002.1	tr|A0A2P6P319|A0A2P6P319_ROSCH	37.972	503	291	8	5991	6478	3	499	1.13e-90	306
AML77002.1	tr|T1NXM3|T1NXM3_FRAAN	38.065	465	269	7	6027	6478	40	498	1.18e-90	306
AML77002.1	tr|T1NXM3|T1NXM3_FRAAN	38.065	465	269	7	6027	6478	40	498	1.18e-90	306
AML77002.1	sp|Q9LIP4|C71BX_ARATH	35.518	473	286	5	6019	6480	32	496	1.28e-90	306
AML77002.1	tr|A0A2G9FYA3|A0A2G9FYA3_9LAMI	35.771	506	299	10	5986	6480	1	491	1.46e-90	305
AML77002.1	tr|A0A2G9FYA3|A0A2G9FYA3_9LAMI	35.771	506	299	10	5986	6480	1	491	1.46e-90	305
AML77002.1	sp|Q8LM92|C75B4_ORYSJ	35.192	520	310	8	5982	6478	8	523	1.60e-90	306
AML77002.1	tr|A0A0B2PHR0|A0A0B2PHR0_GLYSO	36.518	471	284	8	6017	6477	27	492	1.73e-90	305
AML77002.1	tr|A0A0B2PHR0|A0A0B2PHR0_GLYSO	36.518	471	284	8	6017	6477	27	492	1.73e-90	305
AML77002.1	sp|O48922|C98A2_SOYBN	36.518	471	284	8	6017	6477	27	492	2.06e-90	305
AML77002.1	tr|G7IUY6|G7IUY6_MEDTR	34.244	476	291	7	6015	6478	35	500	2.31e-90	305
AML77002.1	sp|E1B2Z9|C7AV8_CICIN	36.179	492	291	11	5997	6479	10	487	2.33e-90	305
AML77002.1	sp|E1B2Z9|C7AV8_CICIN	36.179	492	291	11	5997	6479	10	487	2.33e-90	305
AML77002.1	tr|A0A072V0W0|A0A072V0W0_MEDTR	34.137	498	311	7	5990	6478	22	511	3.17e-90	305
AML77002.1	sp|D5J9U8|GAO_LACSA	35.944	498	295	12	5989	6479	7	487	3.27e-90	304
AML77002.1	sp|X2JI34|GAO_TANPA	36.473	499	293	12	5988	6479	6	487	3.89e-90	304
AML77002.1	tr|G7KAT1|G7KAT1_MEDTR	33.728	507	306	10	5991	6478	5	500	5.71e-90	304
AML77002.1	tr|G7L7J6|G7L7J6_MEDTR	35.608	469	289	6	6018	6477	38	502	6.49e-90	304
AML77002.1	tr|G7KE88|G7KE88_MEDTR	33.268	511	319	7	5982	6479	1	502	7.86e-90	304
AML77002.1	tr|B9RQJ9|B9RQJ9_RICCO	35.329	501	295	9	6001	6477	16	511	8.03e-90	304
AML77002.1	tr|B9RQJ9|B9RQJ9_RICCO	35.329	501	295	9	6001	6477	16	511	8.03e-90	304
AML77002.1	tr|A0A251SU99|A0A251SU99_HELAN	35.934	487	292	11	6000	6479	14	487	8.20e-90	303
AML77002.1	tr|A0A251SU99|A0A251SU99_HELAN	35.934	487	292	11	6000	6479	14	487	8.20e-90	303
AML77002.1	sp|D5JBX0|GAO_HELAN	35.934	487	292	11	6000	6479	14	487	8.20e-90	303
AML77002.1	tr|T1NXM1|T1NXM1_FRAVE	37.849	465	270	7	6027	6478	40	498	9.42e-90	303
AML77002.1	tr|T1NXM1|T1NXM1_FRAVE	37.849	465	270	7	6027	6478	40	498	9.42e-90	303
AML77002.1	tr|A0A2P6RYS2|A0A2P6RYS2_ROSCH	35.319	470	288	6	6018	6477	98	561	1.00e-89	306
AML77002.1	sp|P48418|C75A1_PETHY	34.836	488	308	5	5996	6477	11	494	1.03e-89	303
AML77002.1	tr|A0A2P6RKS8|A0A2P6RKS8_ROSCH	34.436	514	311	10	5989	6486	9	512	1.17e-89	303
AML77002.1	tr|R9WPB6|R9WPB6_9ROSI	35.282	496	303	8	5985	6470	2	489	1.23e-89	303
AML77002.1	tr|R9WPB6|R9WPB6_9ROSI	35.282	496	303	8	5985	6470	2	489	1.23e-89	303
AML77002.1	tr|A0A3S8NUY8|A0A3S8NUY8_CICEN	35.818	483	291	10	6004	6479	17	487	1.32e-89	302
AML77002.1	tr|A0A0B2PF02|A0A0B2PF02_GLYSO	35.294	476	292	8	6016	6478	10	482	1.44e-89	302
AML77002.1	sp|Q9LIP3|C71BY_ARATH	35.532	470	290	7	6019	6480	32	496	1.59e-89	302
AML77002.1	tr|A0A2I0A361|A0A2I0A361_9ASPA	34.719	481	292	6	6014	6477	33	508	1.74e-89	303
AML77002.1	tr|A0A2G9GCC6|A0A2G9GCC6_9LAMI	36.709	474	286	8	6014	6477	29	498	2.06e-89	302
AML77002.1	tr|A0A2G9GCC6|A0A2G9GCC6_9LAMI	36.709	474	286	8	6014	6477	29	498	2.06e-89	302
AML77002.1	sp|Q9SBQ9|F3PH_PETHY	37.393	468	273	6	6025	6478	40	501	2.75e-89	302
AML77002.1	tr|B9SB73|B9SB73_RICCO	36.054	441	268	6	6019	6449	34	470	2.93e-89	301
AML77002.1	tr|B9SB73|B9SB73_RICCO	36.054	441	268	6	6019	6449	34	470	2.93e-89	301
AML77002.1	tr|A0A0B2RZM4|A0A0B2RZM4_GLYSO	33.803	497	301	10	6002	6483	22	505	2.99e-89	302
AML77002.1	tr|A0A678SN46|A0A678SN46_EUPPU	34.073	496	314	7	5989	6477	15	504	3.00e-89	302
AML77002.1	sp|A0A2H5AIX6|C3H_NARPS	35.234	491	306	7	5995	6477	6	492	3.02e-89	302
AML77002.1	sp|A0A2H5AIX6|C3H_NARPS	35.234	491	306	7	5995	6477	6	492	3.02e-89	302
AML77002.1	tr|A0A2I0AA38|A0A2I0AA38_9ASPA	36.111	504	296	12	5990	6477	4	497	3.25e-89	301
AML77002.1	tr|A0A2I0AA38|A0A2I0AA38_9ASPA	36.111	504	296	12	5990	6477	4	497	3.25e-89	301
AML77002.1	sp|P93530|C71D6_SOLCH	35.654	474	278	9	6010	6467	23	485	3.55e-89	301
AML77002.1	tr|A0A3Q8QEF5|A0A3Q8QEF5_CICIN	35.611	483	292	10	6004	6479	17	487	3.62e-89	301
AML77002.1	sp|D5JBW8|GAO_CICIN	35.611	483	292	10	6004	6479	17	487	3.62e-89	301
AML77002.1	tr|G7KAS9|G7KAS9_MEDTR	34.025	482	294	8	6017	6483	34	506	3.69e-89	301
AML77002.1	tr|A0A2Z4N9A5|A0A2Z4N9A5_SALMI	36.325	468	279	5	6027	6478	37	501	4.11e-89	302
AML77002.1	sp|Q9LTL8|C71BO_ARATH	35.141	498	307	8	5995	6479	1	495	4.41e-89	301
AML77002.1	tr|A0A396JSJ8|A0A396JSJ8_MEDTR	34.497	487	301	7	6005	6478	36	517	4.61e-89	302
AML77002.1	sp|O48956|C98A1_SORBI	35.974	467	287	6	6019	6477	32	494	6.51e-89	301
AML77002.1	sp|A0A343URW6|TEX1_CATRO	35.211	497	294	11	5999	6478	10	495	6.94e-89	301
AML77002.1	tr|G7JZP7|G7JZP7_MEDTR	33.267	499	315	8	5988	6478	9	497	7.20e-89	301
AML77002.1	tr|A0A2P6RDQ1|A0A2P6RDQ1_ROSCH	34.592	503	309	10	5991	6479	8	504	7.44e-89	301
AML77002.1	tr|D5M8Q4|D5M8Q4_9MAGN	35.800	500	299	10	5990	6477	7	496	7.94e-89	301
AML77002.1	tr|D5M8Q4|D5M8Q4_9MAGN	35.800	500	299	10	5990	6477	7	496	7.94e-89	301
AML77002.1	tr|B9SB72|B9SB72_RICCO	35.470	468	265	7	6019	6478	33	471	7.96e-89	300
AML77002.1	tr|B9SB72|B9SB72_RICCO	35.470	468	265	7	6019	6478	33	471	7.96e-89	300
AML77002.1	tr|A0A2P6P5G6|A0A2P6P5G6_ROSCH	35.614	497	292	12	5998	6476	43	529	1.03e-88	301
AML77002.1	tr|A0A2P6RKR2|A0A2P6RKR2_ROSCH	34.902	510	313	10	5992	6486	9	514	1.06e-88	300
AML77002.1	tr|B9RM58|B9RM58_RICCO	34.387	506	305	11	5990	6479	22	516	1.10e-88	301
AML77002.1	tr|B9RM58|B9RM58_RICCO	34.387	506	305	11	5990	6479	22	516	1.10e-88	301
AML77002.1	sp|C0SJS4|C71AJ_APIGR	35.113	487	295	9	5991	6470	3	475	1.14e-88	299
AML77002.1	sp|O65788|C71B2_ARATH	34.257	505	307	10	5993	6480	4	500	1.21e-88	300
AML77002.1	tr|A0A0A1E4E0|A0A0A1E4E0_9SOLA	35.381	472	295	5	6012	6477	29	496	1.32e-88	300
AML77002.1	tr|A0A0A1E4E0|A0A0A1E4E0_9SOLA	35.381	472	295	5	6012	6477	29	496	1.32e-88	300
AML77002.1	sp|W8JCE8|CYBT1_CATRO	35.903	493	282	13	6010	6479	22	503	1.74e-88	300
AML77002.1	sp|X2EW55|C71B1_TANPA	33.868	499	306	9	5993	6478	8	495	1.75e-88	299
AML77002.1	tr|A0A0A1DZ21|A0A0A1DZ21_9SOLA	35.381	472	295	5	6012	6477	29	496	1.81e-88	300
AML77002.1	tr|A0A0A1DZ21|A0A0A1DZ21_9SOLA	35.381	472	295	5	6012	6477	29	496	1.81e-88	300
AML77002.1	tr|A0A2P6SB24|A0A2P6SB24_ROSCH	35.699	479	274	14	6018	6477	51	514	1.86e-88	300
AML77002.1	tr|Q2MJ15|Q2MJ15_MEDTR	35.244	471	288	7	6018	6477	36	500	2.65e-88	299
AML77002.1	tr|A0A346RPF8|A0A346RPF8_9LILI	33.589	521	309	11	5986	6477	1	513	2.81e-88	300
AML77002.1	tr|A0A0A1E1Y9|A0A0A1E1Y9_9SOLA	35.593	472	294	5	6012	6477	29	496	2.95e-88	299
AML77002.1	tr|A0A0A1E1Y9|A0A0A1E1Y9_9SOLA	35.593	472	294	5	6012	6477	29	496	2.95e-88	299
AML77002.1	tr|A0A411DX73|A0A411DX73_CHRMO	35.331	484	302	5	6001	6477	16	495	2.98e-88	299
AML77002.1	sp|A0A068Q5V6|C7150_PRUMU	32.515	489	317	9	5997	6479	9	490	4.30e-88	298
AML77002.1	tr|B9S5P8|B9S5P8_RICCO	35.181	469	291	5	6019	6477	34	499	4.40e-88	299
AML77002.1	tr|B9S5P8|B9S5P8_RICCO	35.181	469	291	5	6019	6477	34	499	4.40e-88	299
AML77002.1	tr|A0A396I4X9|A0A396I4X9_MEDTR	33.010	515	323	10	5975	6479	37	539	4.68e-88	300
AML77002.1	tr|A0A678RV51|A0A678RV51_EUPPU	33.669	496	316	7	5989	6477	15	504	4.89e-88	299
AML77002.1	tr|B9S9Q2|B9S9Q2_RICCO	36.217	497	297	8	5993	6477	6	494	5.74e-88	298
AML77002.1	tr|B9S9Q2|B9S9Q2_RICCO	36.217	497	297	8	5993	6477	6	494	5.74e-88	298
AML77002.1	tr|A0A346RPF9|A0A346RPF9_9LILI	33.589	521	309	11	5986	6477	1	513	6.09e-88	299
AML77002.1	tr|A0A1B2ZBY5|A0A1B2ZBY5_VITVI	36.044	455	282	6	6029	6477	38	489	6.68e-88	298
AML77002.1	tr|A0A346RPE9|A0A346RPE9_PHORE	33.529	510	310	9	5992	6477	8	512	7.44e-88	298
AML77002.1	sp|P48419|C75A3_PETHY	35.102	490	300	8	5998	6477	13	494	9.73e-88	298
AML77002.1	tr|A0A2P6RN03|A0A2P6RN03_ROSCH	35.246	488	297	9	6004	6477	53	535	1.11e-87	299
AML77002.1	tr|B9R9P5|B9R9P5_RICCO	36.111	504	287	10	5986	6478	1	480	1.23e-87	296
AML77002.1	tr|B9R9P5|B9R9P5_RICCO	36.111	504	287	10	5986	6478	1	480	1.23e-87	296
AML77002.1	tr|A0A346RPF1|A0A346RPF1_9LILI	33.794	506	300	10	6000	6477	14	512	2.09e-87	297
AML77002.1	tr|A0A2P6P3K7|A0A2P6P3K7_ROSCH	33.597	506	313	9	5988	6479	4	500	2.15e-87	296
AML77002.1	tr|A0A2Z4N9C7|A0A2Z4N9C7_SALMI	35.842	505	304	11	5991	6482	1	498	2.61e-87	296
AML77002.1	tr|A0A151RSE4|A0A151RSE4_CAJCA	35.824	455	273	7	6034	6477	1	447	2.70e-87	295
AML77002.1	tr|A0A151RSE4|A0A151RSE4_CAJCA	35.824	455	273	7	6034	6477	1	447	2.70e-87	295
AML77002.1	tr|B9T234|B9T234_RICCO	33.535	495	312	8	5994	6481	10	494	3.21e-87	296
AML77002.1	tr|B9T234|B9T234_RICCO	33.535	495	312	8	5994	6481	10	494	3.21e-87	296
AML77002.1	sp|Q9LTL0|C71BQ_ARATH	38.004	471	275	7	6020	6480	33	496	3.31e-87	296
AML77002.1	tr|A0A7C9E274|A0A7C9E274_OPUST	36.364	473	285	8	6018	6480	29	495	3.85e-87	296
AML77002.1	tr|B9T235|B9T235_RICCO	34.325	504	311	9	5986	6478	1	495	4.54e-87	295
AML77002.1	tr|B9T235|B9T235_RICCO	34.325	504	311	9	5986	6478	1	495	4.54e-87	295
AML77002.1	tr|A0A346RPE5|A0A346RPE5_PHODC	33.597	506	301	10	6000	6477	14	512	4.66e-87	296
AML77002.1	tr|A0A346RPF7|A0A346RPF7_9LILI	33.597	506	301	10	6000	6477	14	512	4.66e-87	296
AML77002.1	tr|A0A346RPF6|A0A346RPF6_9LILI	33.597	506	301	10	6000	6477	14	512	4.66e-87	296
AML77002.1	sp|A0A068Q609|C7124_PRUMU	36.273	499	298	9	5993	6478	30	521	6.09e-87	296
AML77002.1	tr|A0A346RPE4|A0A346RPE4_ELAGV	32.882	517	310	12	5986	6474	1	508	6.33e-87	296
AML77002.1	tr|A0A346RPF4|A0A346RPF4_9LILI	33.996	503	297	10	6000	6474	14	509	7.31e-87	295
AML77002.1	tr|A0A2N9QL60|A0A2N9QL60_9MAGN	34.110	472	292	7	6018	6477	33	497	7.39e-87	295
AML77002.1	tr|A0A2N9QL60|A0A2N9QL60_9MAGN	34.110	472	292	7	6018	6477	33	497	7.39e-87	295
AML77002.1	sp|Q9LTM6|C71BH_ARATH	33.996	503	318	5	5991	6481	1	501	7.67e-87	295
AML77002.1	tr|A0A346RPF3|A0A346RPF3_9LILI	33.597	506	301	10	6000	6477	14	512	7.89e-87	295
AML77002.1	tr|A0A2G9IBI0|A0A2G9IBI0_9LAMI	36.400	500	277	9	5989	6481	14	479	8.73e-87	294
AML77002.1	tr|A0A2G9IBI0|A0A2G9IBI0_9LAMI	36.400	500	277	9	5989	6481	14	479	8.73e-87	294
AML77002.1	tr|A0A0N6VV47|A0A0N6VV47_LYCRU	35.306	490	299	8	5998	6477	14	495	9.03e-87	295
AML77002.1	tr|A0A0N6VV47|A0A0N6VV47_LYCRU	35.306	490	299	8	5998	6477	14	495	9.03e-87	295
AML77002.1	tr|A0A0B2NY44|A0A0B2NY44_GLYSO	35.849	477	295	7	6012	6480	22	495	9.55e-87	294
AML77002.1	tr|A0A2I0AWD6|A0A2I0AWD6_9ASPA	35.248	505	290	7	5998	6478	7	498	9.75e-87	295
AML77002.1	tr|A0A2I0AWD6|A0A2I0AWD6_9ASPA	35.248	505	290	7	5998	6478	7	498	9.75e-87	295
AML77002.1	tr|A0A0B2RJK7|A0A0B2RJK7_GLYSO	35.443	474	286	9	6019	6479	38	504	1.04e-86	295
AML77002.1	tr|A0A0B2RJK7|A0A0B2RJK7_GLYSO	35.443	474	286	9	6019	6479	38	504	1.04e-86	295
AML77002.1	tr|A0A346RPE8|A0A346RPE8_9LILI	33.794	506	300	10	6000	6477	14	512	1.06e-86	295
AML77002.1	sp|W8JIT4|CYPD2_CATRO	35.021	474	286	8	6018	6479	38	501	1.19e-86	294
AML77002.1	tr|A0A0B2RM34|A0A0B2RM34_GLYSO	36.957	460	275	7	6027	6477	41	494	1.31e-86	294
AML77002.1	sp|P37120|C75A2_SOLME	34.454	476	302	5	6008	6477	26	497	1.68e-86	294
AML77002.1	tr|A0A346RPF0|A0A346RPF0_9LILI	33.794	506	300	10	6000	6477	14	512	1.97e-86	294
AML77002.1	tr|A0A396I2M3|A0A396I2M3_MEDTR	34.400	500	287	11	5988	6478	83	550	2.12e-86	295
AML77002.1	tr|A0A346RPE7|A0A346RPE7_9LILI	33.597	506	301	10	6000	6477	14	512	2.46e-86	294
AML77002.1	tr|A0A346RPF2|A0A346RPF2_9LILI	33.597	506	301	10	6000	6477	14	512	2.46e-86	294
AML77002.1	sp|A0A068Q721|C7113_PRUMU	35.575	461	278	6	6027	6477	57	508	2.74e-86	293
AML77002.1	sp|Q9LTM0|C71BN_ARATH	33.477	463	296	4	6027	6480	40	499	3.31e-86	293
AML77002.1	tr|A0A346RPF5|A0A346RPF5_9LILI	33.202	506	303	10	6000	6477	14	512	3.60e-86	293
AML77002.1	sp|O04164|C71A6_NEPRA	35.922	515	292	13	5991	6479	3	505	3.90e-86	293
AML77002.1	sp|A0A068Q6L2|C7317_PRUMU	34.073	496	314	6	5989	6477	24	513	4.41e-86	293
AML77002.1	tr|A0A678SS99|A0A678SS99_EUPPU	33.468	496	317	7	5989	6477	15	504	5.04e-86	293
AML77002.1	tr|A0A072TSC7|A0A072TSC7_MEDTR	34.375	480	299	8	6008	6478	24	496	5.66e-86	292
AML77002.1	tr|A0A072U7W3|A0A072U7W3_MEDTR	33.068	502	281	7	6003	6478	22	494	7.76e-86	292
AML77002.1	sp|P48421|C83A1_ARATH	31.225	506	333	9	5986	6482	1	500	7.91e-86	292
AML77002.1	tr|B9RHW6|B9RHW6_RICCO	35.294	476	291	9	6012	6479	64	530	1.17e-85	292
AML77002.1	tr|B9RHW6|B9RHW6_RICCO	35.294	476	291	9	6012	6479	64	530	1.17e-85	292
AML77002.1	tr|A0A0B2QXH2|A0A0B2QXH2_GLYSO	35.537	484	291	9	6008	6479	19	493	1.55e-85	291
AML77002.1	tr|A0A0B2QXH2|A0A0B2QXH2_GLYSO	35.537	484	291	9	6008	6479	19	493	1.55e-85	291
AML77002.1	sp|Q42799|C93A2_SOYBN	35.537	484	291	9	6008	6479	19	493	1.55e-85	291
AML77002.1	tr|A0A0N6XEU6|A0A0N6XEU6_LYCBA	35.699	479	285	8	6012	6477	27	495	1.57e-85	291
AML77002.1	tr|A0A0N6XEU6|A0A0N6XEU6_LYCBA	35.699	479	285	8	6012	6477	27	495	1.57e-85	291
AML77002.1	tr|A0A2P6RKQ0|A0A2P6RKQ0_ROSCH	34.827	491	297	9	6000	6477	19	499	1.72e-85	291
AML77002.1	tr|D8SCG3|D8SCG3_SELML	33.881	487	308	8	5997	6477	35	513	1.77e-85	291
