AML77002.1	tr|A0A2G9GCU5|A0A2G9GCU5_9LAMI	52.929	495	227	3	5986	6478	1	491	1.02e-165	519
AML77002.1	tr|B9RBW9|B9RBW9_RICCO	51.190	504	235	6	5986	6481	1	501	1.77e-163	513
AML77002.1	tr|A0A6M3TXH1|A0A6M3TXH1_LITER	46.341	492	259	3	5994	6481	6	496	1.26e-153	484
AML77002.1	tr|A0A2G9FXM5|A0A2G9FXM5_9LAMI	49.501	501	230	5	5986	6481	1	483	4.07e-153	483
AML77002.1	tr|A0A6M3TY96|A0A6M3TY96_LITER	45.200	500	263	5	5986	6481	1	493	4.25e-149	471
AML77002.1	tr|A0A2S1RED8|A0A2S1RED8_CHRMO	51.434	488	222	9	5997	6478	9	487	3.83e-147	466
AML77002.1	tr|A0A2G9H5W3|A0A2G9H5W3_9LAMI	48.193	498	250	4	5986	6481	1	492	6.11e-147	465
AML77002.1	tr|A0A2G9HLA0|A0A2G9HLA0_9LAMI	43.902	492	270	4	5993	6481	7	495	2.29e-133	426
AML77002.1	tr|B9RHX8|B9RHX8_RICCO	43.035	481	261	7	6004	6480	23	494	1.30e-126	407
AML77002.1	tr|B9SRM5|B9SRM5_RICCO	41.980	505	280	7	5986	6478	1	504	2.31e-123	398
AML77002.1	tr|B9RC29|B9RC29_RICCO	42.128	470	260	6	6013	6478	29	490	4.66e-122	394
AML77002.1	tr|B9SRM4|B9SRM4_RICCO	41.837	490	271	5	6014	6490	32	520	4.08e-118	384
AML77002.1	tr|B9R9F5|B9R9F5_RICCO	41.988	493	273	7	5990	6478	8	491	5.55e-118	382
AML77002.1	tr|A0A0B4VFR8|A0A0B4VFR8_PODPE	42.140	458	255	4	6028	6477	48	503	8.93e-118	382
AML77002.1	tr|B9SRM6|B9SRM6_RICCO	37.474	475	291	2	6011	6480	27	500	7.47e-115	373
AML77002.1	tr|B9SRN0|B9SRN0_RICCO	39.873	474	272	4	6019	6480	48	520	3.38e-114	372
AML77002.1	tr|A0A1U9X5Y8|A0A1U9X5Y8_THAGA	39.676	494	283	6	5994	6478	13	500	1.23e-113	370
AML77002.1	tr|B9SRM8|B9SRM8_RICCO	37.681	483	286	5	6010	6480	27	506	3.26e-112	366
AML77002.1	tr|B9SRN5|B9SRN5_RICCO	38.382	482	282	5	6011	6480	32	510	1.17e-110	362
AML77002.1	tr|A0A1U9X5Z7|A0A1U9X5Z7_THAGA	38.569	503	292	6	5989	6480	8	504	2.23e-109	358
AML77002.1	tr|A0A2G9IBC6|A0A2G9IBC6_9LAMI	37.678	491	292	8	5999	6481	18	502	5.62e-109	357
AML77002.1	tr|B9SRN4|B9SRN4_RICCO	39.579	475	272	6	6019	6480	38	510	1.15e-106	350
AML77002.1	tr|B9RBQ8|B9RBQ8_RICCO	37.550	498	298	6	5989	6479	17	508	2.43e-105	346
AML77002.1	tr|A0A2G9IBB5|A0A2G9IBB5_9LAMI	36.978	503	302	8	5991	6483	7	504	3.23e-105	345
AML77002.1	tr|F2VR48|F2VR48_PRUAV	38.523	501	288	8	5991	6478	3	496	3.90e-104	342
AML77002.1	tr|D5M8Q3|D5M8Q3_9MAGN	37.302	504	297	7	5989	6478	2	500	5.39e-104	342
AML77002.1	tr|Q5C9L5|Q5C9L5_THLFG	42.184	467	257	5	6013	6477	25	480	8.56e-104	341
AML77002.1	tr|A0A2G9IBB7|A0A2G9IBB7_9LAMI	36.364	495	303	7	5994	6481	13	502	5.77e-103	339
AML77002.1	tr|B9SB69|B9SB69_RICCO	38.429	471	277	6	6019	6479	34	501	6.22e-103	339
AML77002.1	tr|A0A0A0RI01|A0A0A0RI01_PAELC	37.988	487	291	5	6004	6480	15	500	7.89e-103	338
AML77002.1	tr|B9SB66|B9SB66_RICCO	38.771	472	274	7	6019	6479	34	501	1.17e-102	338
AML77002.1	tr|R9WS52|R9WS52_9ROSI	37.649	502	294	6	5990	6478	3	498	1.74e-100	332
AML77002.1	tr|B9SRN1|B9SRN1_RICCO	36.789	492	291	6	5982	6456	1	489	3.17e-100	331
AML77002.1	tr|A0A0N6XG41|A0A0N6XG41_LYCBA	38.672	512	293	9	5993	6487	7	514	7.34e-100	330
AML77002.1	tr|A0A2G9GCT6|A0A2G9GCT6_9LAMI	38.664	494	282	8	6000	6478	13	500	1.92e-99	329
AML77002.1	tr|A0A0N6VV42|A0A0N6VV42_LYCRU	38.966	503	287	8	5993	6479	7	505	2.08e-99	329
AML77002.1	tr|A0A2G9HN69|A0A2G9HN69_9LAMI	37.576	495	297	7	5994	6481	13	502	2.37e-99	328
AML77002.1	tr|B9T1C6|B9T1C6_RICCO	35.000	500	313	6	5983	6478	8	499	3.87e-99	328
AML77002.1	tr|A0A3G1WR69|A0A3G1WR69_9LAMI	38.229	497	294	7	5991	6478	1	493	1.08e-98	327
AML77002.1	tr|A0A151TRR2|A0A151TRR2_CAJCA	38.280	465	270	6	6027	6478	30	490	2.38e-98	325
AML77002.1	tr|I1WYE8|I1WYE8_PAELC	39.014	487	274	7	6008	6478	19	498	5.68e-98	325
AML77002.1	tr|A0A2G9H8E5|A0A2G9H8E5_9LAMI	36.140	487	296	9	6000	6479	13	491	1.75e-97	323
AML77002.1	tr|I0IV87|I0IV87_GLYSO	36.128	501	307	6	5986	6477	1	497	2.54e-97	323
AML77002.1	tr|D2XSZ0|D2XSZ0_CHRMO	37.702	496	288	7	5999	6478	6	496	3.79e-97	322
AML77002.1	tr|D0EUZ8|D0EUZ8_9ERIC	35.259	502	309	7	5985	6477	2	496	6.18e-97	322
AML77002.1	tr|B9RLP6|B9RLP6_RICCO	37.556	450	265	5	6042	6478	1	447	1.40e-96	319
AML77002.1	tr|A0A2S1Q4X0|A0A2S1Q4X0_CHRMO	37.298	496	290	7	5999	6478	6	496	1.46e-96	320
AML77002.1	tr|A0A2G9HZZ9|A0A2G9HZZ9_9LAMI	37.755	490	293	7	5999	6481	18	502	1.86e-96	320
AML77002.1	tr|D2XSY8|D2XSY8_CHRMO	37.500	496	289	7	5999	6478	6	496	2.21e-96	320
AML77002.1	tr|D2XSZ2|D2XSZ2_CHRMO	37.500	496	289	7	5999	6478	6	496	3.06e-96	320
AML77002.1	tr|D2XSZ1|D2XSZ1_CHRMO	37.500	496	289	7	5999	6478	6	496	3.34e-96	320
AML77002.1	tr|J7FTV2|J7FTV2_COFAR	37.712	472	279	8	6017	6478	26	492	3.71e-96	319
AML77002.1	tr|A0A2G9H402|A0A2G9H402_9LAMI	37.014	489	292	9	6000	6479	12	493	1.27e-95	317
AML77002.1	tr|D2XSY7|D2XSY7_CHRMO	37.298	496	290	7	5999	6478	6	496	1.73e-95	317
AML77002.1	tr|A0A2I0B5P5|A0A2I0B5P5_9ASPA	37.500	488	281	10	6010	6478	26	508	2.45e-95	317
AML77002.1	tr|B9RHW4|B9RHW4_RICCO	35.091	493	303	9	5994	6478	11	494	2.60e-95	317
AML77002.1	tr|A0A0A1E1K2|A0A0A1E1K2_9SOLA	37.866	478	279	6	6025	6487	40	514	2.79e-95	317
AML77002.1	tr|A0A0A1E1Y4|A0A0A1E1Y4_9SOLA	37.866	478	279	6	6025	6487	40	514	2.82e-95	317
AML77002.1	tr|A0A2I0A2H7|A0A2I0A2H7_9ASPA	35.375	506	305	8	5993	6479	9	511	3.20e-95	317
AML77002.1	tr|B9SJN4|B9SJN4_RICCO	37.945	477	269	9	6017	6477	29	494	3.67e-95	317
AML77002.1	tr|A0A0A1DZD6|A0A0A1DZD6_9SOLA	37.945	477	279	6	6025	6487	40	513	7.26e-95	316
AML77002.1	tr|A0A0B2QDG0|A0A0B2QDG0_GLYSO	38.065	465	271	6	6027	6478	40	500	7.67e-95	316
AML77002.1	tr|Q2XP00|Q2XP00_ANTMA	39.140	465	263	7	6027	6478	52	509	1.10e-94	315
AML77002.1	tr|D2XSY9|D2XSY9_CHRMO	37.298	496	290	7	5999	6478	6	496	1.16e-94	315
AML77002.1	tr|A0A2H9ZS65|A0A2H9ZS65_9ASPA	35.197	483	294	7	6005	6477	30	503	2.00e-94	315
AML77002.1	tr|B9RAS2|B9RAS2_RICCO	35.259	502	307	7	5991	6482	14	507	2.03e-94	314
AML77002.1	tr|B9RHX0|B9RHX0_RICCO	35.000	500	300	10	5990	6478	7	492	3.34e-94	313
AML77002.1	tr|A0A218WL77|A0A218WL77_PUNGR	36.810	489	293	7	5998	6477	15	496	3.44e-94	314
AML77002.1	tr|A0A2I0AUK1|A0A2I0AUK1_9ASPA	38.229	497	279	11	6008	6478	17	511	5.23e-94	313
AML77002.1	tr|B9SVN7|B9SVN7_RICCO	34.728	478	295	7	6015	6480	32	504	1.11e-93	312
AML77002.1	tr|A0A151TAP4|A0A151TAP4_CAJCA	36.952	479	275	9	6017	6479	27	494	1.25e-93	312
AML77002.1	tr|F4YYF2|F4YYF2_CYNCS	37.081	507	296	7	5989	6479	2	501	1.88e-93	311
AML77002.1	tr|B9T233|B9T233_RICCO	34.141	495	309	8	5994	6481	10	494	2.86e-93	311
AML77002.1	tr|B9RHW8|B9RHW8_RICCO	33.204	515	316	11	5985	6481	15	519	4.34e-93	311
AML77002.1	tr|A0A060L8Y9|A0A060L8Y9_ANTAD	36.810	489	274	9	6018	6487	35	507	5.27e-93	310
AML77002.1	tr|A0A0B2PSW0|A0A0B2PSW0_GLYSO	36.709	474	279	9	6017	6477	27	492	6.56e-93	310
AML77002.1	tr|A0A2G9HYB0|A0A2G9HYB0_9LAMI	34.989	463	286	6	6029	6482	49	505	9.17e-93	310
AML77002.1	tr|A0A2G9GCD1|A0A2G9GCD1_9LAMI	36.864	491	290	11	5999	6477	16	498	1.15e-92	309
AML77002.1	tr|T1NXM2|T1NXM2_9ROSA	38.495	465	267	7	6027	6478	40	498	1.26e-92	309
AML77002.1	tr|A0A346TLE7|A0A346TLE7_NARPA	35.200	500	308	8	5986	6477	1	492	1.33e-92	309
AML77002.1	tr|A0A6B9FBP9|A0A6B9FBP9_9ROSI	37.131	474	273	6	6017	6475	35	498	1.67e-92	309
AML77002.1	tr|B9RE29|B9RE29_RICCO	33.333	498	314	7	5993	6478	4	495	2.69e-92	308
AML77002.1	tr|A0A151SPJ6|A0A151SPJ6_CAJCA	38.675	468	257	10	6027	6474	39	496	2.85e-92	308
AML77002.1	tr|B9R857|B9R857_RICCO	36.129	465	288	6	6012	6470	24	485	3.07e-92	308
AML77002.1	tr|T1NXM6|T1NXM6_FRAVR	38.065	465	269	7	6027	6478	40	498	3.13e-92	308
AML77002.1	tr|A0A2G9I2Z1|A0A2G9I2Z1_9LAMI	34.989	463	286	6	6029	6482	49	505	3.60e-92	308
AML77002.1	tr|B9RRA1|B9RRA1_RICCO	34.400	500	305	7	5995	6477	18	511	4.14e-92	308
AML77002.1	tr|T1NXM5|T1NXM5_FRAVE	38.065	465	269	7	6027	6478	40	498	7.99e-92	307
AML77002.1	tr|J7FYJ5|J7FYJ5_COFAR	37.103	504	287	11	5991	6477	1	491	9.56e-92	306
AML77002.1	tr|A0A151SPD8|A0A151SPD8_CAJCA	37.199	457	269	6	6034	6478	1	451	1.04e-91	305
AML77002.1	tr|A0A2G9HNG5|A0A2G9HNG5_9LAMI	35.842	505	300	9	5986	6480	1	491	1.05e-91	306
AML77002.1	tr|T1NXM4|T1NXM4_FRAAN	38.065	465	269	7	6027	6478	40	498	1.35e-91	306
AML77002.1	tr|A0A2G9H6R5|A0A2G9H6R5_9LAMI	35.918	490	294	9	6004	6479	20	503	1.40e-91	306
AML77002.1	tr|T1NXM3|T1NXM3_FRAAN	38.065	465	269	7	6027	6478	40	498	1.59e-91	306
AML77002.1	tr|A0A2G9FYA3|A0A2G9FYA3_9LAMI	35.771	506	299	10	5986	6480	1	491	1.96e-91	305
AML77002.1	tr|A0A0B2PHR0|A0A0B2PHR0_GLYSO	36.518	471	284	8	6017	6477	27	492	2.33e-91	305
AML77002.1	sp|E1B2Z9|C7AV8_CICIN	36.179	492	291	11	5997	6479	10	487	3.14e-91	305
AML77002.1	tr|B9RQJ9|B9RQJ9_RICCO	35.329	501	295	9	6001	6477	16	511	1.08e-90	304
AML77002.1	tr|A0A251SU99|A0A251SU99_HELAN	35.934	487	292	11	6000	6479	14	487	1.10e-90	303
AML77002.1	tr|T1NXM1|T1NXM1_FRAVE	37.849	465	270	7	6027	6478	40	498	1.27e-90	303
AML77002.1	tr|R9WPB6|R9WPB6_9ROSI	35.282	496	303	8	5985	6470	2	489	1.65e-90	303
AML77002.1	tr|A0A2G9GCC6|A0A2G9GCC6_9LAMI	36.709	474	286	8	6014	6477	29	498	2.78e-90	302
AML77002.1	tr|B9SB73|B9SB73_RICCO	36.054	441	268	6	6019	6449	34	470	3.94e-90	301
AML77002.1	sp|A0A2H5AIX6|C3H_NARPS	35.234	491	306	7	5995	6477	6	492	4.07e-90	302
AML77002.1	tr|A0A2I0AA38|A0A2I0AA38_9ASPA	36.111	504	296	12	5990	6477	4	497	4.38e-90	301
AML77002.1	tr|D5M8Q4|D5M8Q4_9MAGN	35.800	500	299	10	5990	6477	7	496	1.07e-89	301
AML77002.1	tr|B9SB72|B9SB72_RICCO	35.470	468	265	7	6019	6478	33	471	1.07e-89	300
AML77002.1	tr|B9RM58|B9RM58_RICCO	34.387	506	305	11	5990	6479	22	516	1.48e-89	301
AML77002.1	tr|A0A0A1E4E0|A0A0A1E4E0_9SOLA	35.381	472	295	5	6012	6477	29	496	1.77e-89	300
AML77002.1	tr|A0A0A1DZ21|A0A0A1DZ21_9SOLA	35.381	472	295	5	6012	6477	29	496	2.43e-89	300
AML77002.1	tr|A0A0A1E1Y9|A0A0A1E1Y9_9SOLA	35.593	472	294	5	6012	6477	29	496	3.96e-89	299
AML77002.1	tr|B9S5P8|B9S5P8_RICCO	35.181	469	291	5	6019	6477	34	499	5.92e-89	299
AML77002.1	tr|B9S9Q2|B9S9Q2_RICCO	36.217	497	297	8	5993	6477	6	494	7.72e-89	298
AML77002.1	tr|B9R9P5|B9R9P5_RICCO	36.111	504	287	10	5986	6478	1	480	1.65e-88	296
AML77002.1	tr|A0A151RSE4|A0A151RSE4_CAJCA	35.824	455	273	7	6034	6477	1	447	3.63e-88	295
AML77002.1	tr|B9T234|B9T234_RICCO	33.535	495	312	8	5994	6481	10	494	4.32e-88	296
AML77002.1	tr|B9T235|B9T235_RICCO	34.325	504	311	9	5986	6478	1	495	6.10e-88	295
AML77002.1	tr|A0A2N9QL60|A0A2N9QL60_9MAGN	34.110	472	292	7	6018	6477	33	497	9.94e-88	295
AML77002.1	tr|A0A2G9IBI0|A0A2G9IBI0_9LAMI	36.400	500	277	9	5989	6481	14	479	1.17e-87	294
AML77002.1	tr|A0A0N6VV47|A0A0N6VV47_LYCRU	35.306	490	299	8	5998	6477	14	495	1.22e-87	295
AML77002.1	tr|A0A2I0AWD6|A0A2I0AWD6_9ASPA	35.248	505	290	7	5998	6478	7	498	1.31e-87	295
AML77002.1	tr|A0A0B2RJK7|A0A0B2RJK7_GLYSO	35.443	474	286	9	6019	6479	38	504	1.40e-87	295
AML77002.1	tr|B9RHW6|B9RHW6_RICCO	35.294	476	291	9	6012	6479	64	530	1.57e-86	292
AML77002.1	tr|A0A0B2QXH2|A0A0B2QXH2_GLYSO	35.537	484	291	9	6008	6479	19	493	2.08e-86	291
AML77002.1	tr|A0A0N6XEU6|A0A0N6XEU6_LYCBA	35.699	479	285	8	6012	6477	27	495	2.12e-86	291
AML77002.1	tr|D8SCG3|D8SCG3_SELML	33.881	487	308	8	5997	6477	35	513	2.39e-86	291
AML77002.1	tr|B9RAR9|B9RAR9_RICCO	35.329	501	303	9	5987	6477	13	502	4.96e-86	290
AML77002.1	tr|A0A0B2RI76|A0A0B2RI76_GLYSO	35.667	457	275	10	6034	6478	2	451	8.72e-86	288
AML77002.1	tr|B9R855|B9R855_RICCO	35.043	468	293	8	6018	6477	27	491	1.46e-85	288
AML77002.1	tr|W5XJS5|W5XJS5_9BRYO	36.970	495	279	12	6012	6483	30	514	3.34e-85	288
AML77002.1	tr|B9RM57|B9RM57_RICCO	33.265	487	301	10	5993	6463	6	484	4.14e-85	287
AML77002.1	tr|A0A151SNY4|A0A151SNY4_CAJCA	36.842	418	240	8	6070	6478	1	403	4.69e-85	284
AML77002.1	tr|B9SBU8|B9SBU8_RICCO	35.119	504	299	12	5990	6478	7	497	5.62e-85	287
AML77002.1	tr|A0A251SA57|A0A251SA57_HELAN	34.205	497	310	9	5986	6477	1	485	8.33e-85	286
AML77002.1	tr|B9RHX3|B9RHX3_RICCO	36.042	480	284	10	6011	6479	61	528	4.22e-84	285
AML77002.1	tr|W5XJ66|W5XJ66_9BRYO	31.622	487	310	9	6008	6475	68	550	4.61e-84	286
AML77002.1	tr|A0A2I0AIY3|A0A2I0AIY3_9ASPA	35.451	488	279	8	6018	6477	40	519	8.04e-84	284
AML77002.1	tr|A0A2I0AA26|A0A2I0AA26_9ASPA	33.682	478	298	8	6010	6477	28	496	2.43e-83	282
AML77002.1	tr|B9SBG5|B9SBG5_RICCO	31.558	507	323	9	5986	6474	1	501	3.57e-83	282
AML77002.1	tr|B9RHW2|B9RHW2_RICCO	33.333	483	297	9	6012	6481	29	499	4.10e-83	281
AML77002.1	tr|B9SA84|B9SA84_RICCO	35.084	476	288	8	6017	6480	49	515	7.53e-83	281
AML77002.1	tr|B9SG22|B9SG22_RICCO	35.332	467	286	8	6018	6477	31	488	8.32e-83	280
AML77002.1	tr|A0A2I0AJF6|A0A2I0AJF6_9ASPA	33.268	514	306	12	5989	6477	3	504	1.27e-82	280
AML77002.1	tr|B9SVN9|B9SVN9_RICCO	37.426	505	290	10	5990	6480	10	502	1.30e-82	280
AML77002.1	tr|B9RHI5|B9RHI5_RICCO	32.177	519	323	9	5984	6479	23	535	2.19e-82	281
AML77002.1	tr|B9RBW8|B9RBW8_RICCO	48.322	298	147	4	5986	6279	1	295	2.32e-82	275
AML77002.1	tr|A0A0B2PCC7|A0A0B2PCC7_GLYSO	34.583	480	290	8	6017	6478	31	504	3.32e-82	279
AML77002.1	tr|B9RLJ1|B9RLJ1_RICCO	34.556	518	303	9	5986	6479	1	506	5.75e-82	278
AML77002.1	tr|A0A151SWS0|A0A151SWS0_CAJCA	31.299	508	326	8	5990	6477	8	512	6.82e-82	278
AML77002.1	tr|B9RMP3|B9RMP3_RICCO	33.547	468	292	6	6027	6478	43	507	1.35e-81	278
AML77002.1	tr|W5XJR7|W5XJR7_9BRYO	34.646	508	296	11	5990	6474	19	513	3.54e-81	276
AML77002.1	tr|A0A0B2QXI7|A0A0B2QXI7_GLYSO	36.652	442	260	9	6053	6479	1	437	4.14e-81	273
AML77002.1	tr|B9RAS4|B9RAS4_RICCO	31.737	501	324	8	5999	6481	25	525	5.22e-81	276
AML77002.1	tr|B9S9U3|B9S9U3_RICCO	33.932	501	304	10	5993	6478	10	498	5.60e-81	275
AML77002.1	tr|B9SBV3|B9SBV3_RICCO	34.444	450	279	7	6039	6477	58	502	6.90e-81	275
AML77002.1	tr|A0A0B2QKN3|A0A0B2QKN3_GLYSO	54.808	208	93	1	5720	5927	14	220	1.01e-80	264
AML77002.1	tr|A0A0B2SLU3|A0A0B2SLU3_GLYSO	31.335	517	325	9	5986	6477	1	512	3.00e-80	274
AML77002.1	tr|B9R747|B9R747_RICCO	33.069	505	311	11	5986	6477	1	491	7.82e-80	272
AML77002.1	tr|B9T0U6|B9T0U6_RICCO	35.498	462	285	7	6025	6477	55	512	1.11e-79	272
AML77002.1	tr|B9RAR8|B9RAR8_RICCO	34.455	505	313	10	5982	6477	7	502	1.31e-79	271
AML77002.1	tr|W5S082|W5S082_ASTMO	33.871	496	306	9	5991	6477	4	486	1.50e-79	271
AML77002.1	tr|W5XJ46|W5XJ46_9BRYO	34.146	451	281	6	6038	6477	81	526	2.81e-79	271
AML77002.1	tr|B9R738|B9R738_RICCO	34.810	474	288	10	6015	6474	26	492	3.98e-79	270
AML77002.1	tr|A0A2P6Q0Q9|A0A2P6Q0Q9_ROSCH	32.866	499	308	10	5997	6477	11	500	4.89e-79	270
AML77002.1	tr|W5XRP2|W5XRP2_9BRYO	33.858	508	309	9	5988	6479	45	541	6.51e-79	271
AML77002.1	tr|B9RHX9|B9RHX9_RICCO	45.118	297	153	3	5637	5933	140	426	8.81e-79	266
AML77002.1	tr|B9R991|B9R991_RICCO	34.263	502	300	11	5993	6479	9	495	1.15e-78	269
AML77002.1	tr|A0A2G9HGN9|A0A2G9HGN9_9LAMI	31.875	480	257	9	6018	6481	18	443	1.48e-78	266
AML77002.1	tr|G7K579|G7K579_MEDTR	32.934	501	312	9	5986	6477	1	486	2.01e-78	268
AML77002.1	tr|B9R737|B9R737_RICCO	36.623	456	260	14	6036	6476	44	485	2.51e-78	267
AML77002.1	tr|B9RAS3|B9RAS3_RICCO	32.994	491	317	7	5994	6474	24	512	7.16e-78	267
AML77002.1	tr|A0A396IJ45|A0A396IJ45_MEDTR	35.163	492	293	8	5999	6477	9	487	9.27e-78	266
AML77002.1	tr|B9RBQ9|B9RBQ9_RICCO	33.475	469	290	7	6025	6477	57	519	9.37e-78	267
AML77002.1	tr|B9RHX6|B9RHX6_RICCO	32.965	452	280	9	6039	6478	23	463	9.83e-78	265
AML77002.1	tr|A0A2I0B5B1|A0A2I0B5B1_9ASPA	33.884	484	278	16	6015	6470	33	502	1.34e-77	266
AML77002.1	tr|A0A2G9GE24|A0A2G9GE24_9LAMI	32.099	486	313	7	6004	6477	20	500	2.10e-77	265
AML77002.1	sp|Q6WNQ8|C81E8_MEDTR	32.681	511	315	10	5986	6482	1	496	2.65e-77	265
AML77002.1	tr|A0A2I0APA9|A0A2I0APA9_9ASPA	34.151	489	281	12	6017	6477	100	575	3.03e-77	267
AML77002.1	tr|A0A2G9GEC1|A0A2G9GEC1_9LAMI	31.673	502	330	6	5986	6477	1	499	3.32e-77	265
AML77002.1	tr|G8A1W0|G8A1W0_MEDTR	33.196	485	292	11	6002	6477	17	478	3.51e-77	264
AML77002.1	tr|A0A2G9GE26|A0A2G9GE26_9LAMI	30.952	504	327	8	5986	6477	1	495	5.80e-77	264
AML77002.1	tr|A0A2I0B5A6|A0A2I0B5A6_9ASPA	33.745	486	290	13	6015	6477	34	510	8.00e-77	264
AML77002.1	tr|A0A2H9ZSL1|A0A2H9ZSL1_9ASPA	33.262	466	294	8	6021	6477	34	491	8.87e-77	263
AML77002.1	tr|W5XJS0|W5XJS0_9BRYO	34.447	479	285	12	6017	6476	50	518	1.40e-76	263
AML77002.1	tr|A0A2I0B3R3|A0A2I0B3R3_9ASPA	34.261	467	287	7	6019	6479	33	485	1.82e-76	262
AML77002.1	tr|A0A072V074|A0A072V074_MEDTR	33.663	505	288	11	6001	6477	5	490	2.17e-76	262
AML77002.1	tr|A0A159AKL8|A0A159AKL8_THYVU	33.615	473	286	11	6018	6478	36	492	2.18e-76	262
AML77002.1	tr|A0A2P6RNU2|A0A2P6RNU2_ROSCH	33.750	480	289	9	6010	6477	42	504	2.52e-76	262
AML77002.1	tr|A0A151SNP7|A0A151SNP7_CAJCA	32.874	435	232	4	6053	6480	1	382	2.86e-76	258
AML77002.1	tr|A0A396HQ19|A0A396HQ19_MEDTR	32.877	511	323	10	5974	6475	2	501	2.91e-76	262
AML77002.1	tr|A0A159AKG3|A0A159AKG3_THYVU	32.278	474	291	10	6018	6478	36	492	9.02e-76	260
AML77002.1	tr|W5XRQ0|W5XRQ0_9BRYO	32.544	507	309	10	5992	6477	61	555	1.62e-75	261
AML77002.1	tr|B9T2D1|B9T2D1_RICCO	31.452	496	310	9	5991	6479	12	484	3.39e-75	258
AML77002.1	tr|A0A2G9H6Q9|A0A2G9H6Q9_9LAMI	33.678	484	298	7	6011	6479	30	505	1.17e-74	257
AML77002.1	tr|A0A0B2QWB5|A0A0B2QWB5_GLYSO	38.529	340	199	4	6141	6473	4	340	1.18e-74	252
AML77002.1	tr|A0A2G9G8E9|A0A2G9G8E9_9LAMI	34.146	492	283	17	6001	6475	22	489	1.83e-74	256
AML77002.1	tr|W5XK09|W5XK09_9BRYO	32.143	476	297	9	6014	6473	40	505	2.08e-74	257
AML77002.1	tr|A0A2G9GE28|A0A2G9GE28_9LAMI	30.120	498	325	7	5986	6477	1	481	2.78e-74	256
AML77002.1	tr|A0A2P6QLQ8|A0A2P6QLQ8_ROSCH	33.544	474	288	10	6018	6477	31	491	3.48e-74	255
AML77002.1	tr|B9RCY8|B9RCY8_RICCO	32.360	445	247	6	6018	6461	28	419	7.15e-74	252
AML77002.1	tr|A0A0B4KI85|A0A0B4KI85_PRUAR	49.200	250	114	5	6238	6478	5	250	7.69e-74	245
AML77002.1	tr|A0A1D8RCH1|A0A1D8RCH1_9BRAS	33.196	485	282	10	6016	6479	25	488	9.95e-74	254
AML77002.1	tr|B9SYN4|B9SYN4_RICCO	34.476	525	280	14	5993	6482	5	500	1.12e-73	254
AML77002.1	tr|A0A1D8AHA2|A0A1D8AHA2_9POAL	34.519	478	280	7	6027	6478	48	518	1.23e-73	254
AML77002.1	tr|B9SYM4|B9SYM4_RICCO	33.929	504	308	9	5995	6477	11	510	1.77e-73	254
AML77002.1	tr|G7JRC7|G7JRC7_MEDTR	33.128	486	291	11	6002	6477	14	475	5.27e-73	251
AML77002.1	tr|A0A1D8RCG3|A0A1D8RCG3_CHOTE	34.038	473	277	12	6022	6479	29	481	5.45e-73	252
AML77002.1	tr|B9SVN8|B9SVN8_RICCO	34.165	521	295	12	5986	6478	6	506	5.57e-73	252
AML77002.1	tr|I6XNK2|I6XNK2_TRIRP	31.792	519	309	17	5991	6478	7	511	1.75e-72	251
AML77002.1	tr|A0A0B4KIC0|A0A0B4KIC0_PRUPE	48.400	250	116	5	6238	6478	5	250	1.81e-72	241
AML77002.1	tr|B9R743|B9R743_RICCO	33.264	481	291	14	6014	6477	24	491	2.45e-72	250
AML77002.1	tr|B9R7K5|B9R7K5_RICCO	31.887	530	321	13	5982	6481	1	520	3.09e-72	250
AML77002.1	tr|A0A072UNJ5|A0A072UNJ5_MEDTR	33.843	458	282	12	6028	6474	45	492	3.80e-72	250
AML77002.1	tr|A0A2P6RS14|A0A2P6RS14_ROSCH	33.192	473	291	10	6018	6477	31	491	6.68e-72	249
AML77002.1	tr|A0A2G9HNW3|A0A2G9HNW3_9LAMI	34.180	433	271	8	6055	6480	3	428	1.12e-71	246
AML77002.1	tr|A0A2I0B5C0|A0A2I0B5C0_9ASPA	32.830	530	308	16	5986	6477	1	520	1.27e-71	249
AML77002.1	tr|W5XRP8|W5XRP8_9BRYO	30.453	486	309	11	6014	6477	36	514	2.59e-71	248
AML77002.1	tr|A0A2I0B5A7|A0A2I0B5A7_9ASPA	31.141	517	321	12	5986	6476	1	508	2.06e-70	245
AML77002.1	tr|B9R7M0|B9R7M0_RICCO	30.815	503	319	10	5999	6476	18	516	3.55e-70	244
AML77002.1	tr|B9T2D3|B9T2D3_RICCO	30.426	516	330	11	5985	6480	2	508	5.08e-70	244
AML77002.1	tr|B9SJN3|B9SJN3_RICCO	35.417	384	235	7	6103	6477	10	389	7.12e-70	239
AML77002.1	tr|B9SG23|B9SG23_RICCO	33.475	469	251	12	6014	6477	25	437	7.91e-70	241
AML77002.1	tr|V5QPP4|V5QPP4_ANTAD	40.404	297	143	7	5654	5933	3	282	9.21e-70	235
AML77002.1	tr|A0A2P6RS06|A0A2P6RS06_ROSCH	32.000	500	306	11	6000	6477	4	491	1.24e-69	242
AML77002.1	tr|A0A2P6RNT8|A0A2P6RNT8_ROSCH	33.399	506	310	13	5986	6477	1	493	1.26e-69	242
AML77002.1	tr|A0A3Q7K757|A0A3Q7K757_CICAR	30.309	518	318	14	5991	6478	7	511	1.64e-69	243
AML77002.1	tr|B9T2D2|B9T2D2_RICCO	29.268	492	328	8	6000	6478	25	509	1.83e-69	242
AML77002.1	tr|B9SMA4|B9SMA4_RICCO	33.333	468	296	13	6020	6477	69	530	3.03e-69	242
AML77002.1	tr|A0A0C4Y217|A0A0C4Y217_PAESU	45.946	259	123	5	5670	5919	2	252	4.54e-69	231
AML77002.1	tr|A0A2P6Q0Q0|A0A2P6Q0Q0_ROSCH	32.604	457	280	14	6036	6477	57	500	6.22e-69	240
AML77002.1	tr|B9R7L5|B9R7L5_RICCO	31.589	516	324	12	5986	6477	1	511	1.07e-68	240
AML77002.1	tr|W5XJ71|W5XJ71_9BRYO	32.438	484	290	13	6018	6477	31	501	1.15e-68	240
AML77002.1	tr|A0A2P6RS39|A0A2P6RS39_ROSCH	33.547	468	277	13	6027	6477	41	491	1.20e-68	239
AML77002.1	tr|F8RYF7|F8RYF7_ASTMO	30.000	520	318	14	5991	6478	7	512	2.93e-68	239
AML77002.1	tr|B9SYM5|B9SYM5_RICCO	32.438	484	301	13	6012	6476	36	512	3.90e-68	239
AML77002.1	tr|A0A2P6RW79|A0A2P6RW79_ROSCH	31.360	456	291	11	6036	6477	58	505	1.08e-67	237
AML77002.1	tr|B9T1Z9|B9T1Z9_RICCO	31.760	466	301	12	6020	6477	72	528	6.02e-67	235
AML77002.1	tr|W5XJ62|W5XJ62_9BRYO	33.871	496	300	12	6008	6477	30	523	7.53e-67	235
AML77002.1	tr|H7BRP2|H7BRP2_ASTME	33.621	464	278	10	6030	6477	44	493	9.10e-67	234
AML77002.1	tr|B9R7L8|B9R7L8_RICCO	31.589	516	324	13	5986	6477	1	511	9.47e-67	234
AML77002.1	tr|K9JZ57|K9JZ57_ONOVI	30.095	525	316	16	5991	6478	5	515	1.14e-66	234
AML77002.1	tr|B9RMF1|B9RMF1_RICCO	32.684	462	289	12	6021	6474	65	512	1.32e-66	234
AML77002.1	tr|B9RLL3|B9RLL3_RICCO	32.096	458	283	11	6035	6475	7	453	3.44e-66	231
AML77002.1	tr|B9R746|B9R746_RICCO	32.985	479	287	13	6018	6477	37	500	4.19e-66	232
AML77002.1	tr|W5XK05|W5XK05_9BRYO	31.535	482	302	10	6008	6477	28	493	1.59e-65	230
AML77002.1	tr|B9R7L3|B9R7L3_RICCO	31.853	518	314	15	5988	6477	9	515	2.01e-65	231
AML77002.1	tr|A0A0B2PQJ7|A0A0B2PQJ7_GLYSO	32.763	409	252	9	6085	6479	19	418	2.50e-65	227
AML77002.1	tr|B9R7L9|B9R7L9_RICCO	31.134	485	306	12	6017	6477	30	510	3.88e-65	230
AML77002.1	tr|B9RYU2|B9RYU2_RICCO	31.723	476	295	14	6016	6476	63	523	1.67e-64	228
AML77002.1	tr|A0A2P6Q0R5|A0A2P6Q0R5_ROSCH	34.341	463	277	11	6027	6474	39	489	3.58e-64	226
AML77002.1	tr|B9S8Q1|B9S8Q1_RICCO	30.375	507	325	12	5993	6476	7	508	4.44e-64	226
AML77002.1	tr|A0A0G7ZP02|A0A0G7ZP02_PICGL	32.225	481	296	14	5986	6446	1	471	4.76e-64	226
AML77002.1	tr|A0A2G9H904|A0A2G9H904_9LAMI	31.837	490	306	12	5991	6475	7	473	1.48e-63	224
AML77002.1	tr|B9SY53|B9SY53_RICCO	44.528	265	139	2	6222	6478	169	433	1.54e-63	222
AML77002.1	tr|A0A2G9FZ27|A0A2G9FZ27_9LAMI	31.343	469	298	9	6020	6474	60	518	1.88e-63	225
AML77002.1	tr|A0A1Z2R7H5|A0A1Z2R7H5_9MARC	31.723	476	286	13	6012	6465	36	494	2.21e-63	224
AML77002.1	tr|A0A1Z2R7I0|A0A1Z2R7I0_9MARC	31.702	470	282	13	6018	6465	45	497	6.67e-63	223
AML77002.1	tr|A0A0B2RJS9|A0A0B2RJS9_GLYSO	34.171	398	223	9	6100	6479	14	390	8.63e-63	219
AML77002.1	tr|A0A218NGS0|A0A218NGS0_RAUSE	32.657	493	263	16	6006	6477	24	468	1.32e-62	221
AML77002.1	tr|B9TA51|B9TA51_RICCO	44.706	255	134	4	6227	6477	11	262	4.16e-62	212
AML77002.1	tr|A0A2P6RNU0|A0A2P6RNU0_ROSCH	30.210	523	315	11	5986	6477	1	504	4.56e-62	221
AML77002.1	tr|B9T4M2|B9T4M2_RICCO	31.169	462	298	10	6029	6478	56	509	8.51e-62	220
AML77002.1	tr|X2D8D0|X2D8D0_IPOPU	31.195	452	283	11	6013	6446	28	469	3.00e-61	218
AML77002.1	tr|A0A1Z2R7G8|A0A1Z2R7G8_9MARC	31.681	464	286	14	6019	6465	68	517	3.31e-61	219
AML77002.1	tr|A0A1Z2R7G7|A0A1Z2R7G7_MARPA	31.098	492	310	14	5990	6465	3	481	4.35e-61	217
AML77002.1	tr|A0A2R2ZJB8|A0A2R2ZJB8_FAGTA	30.608	477	300	12	5991	6446	3	469	6.25e-61	217
AML77002.1	tr|B9RMU6|B9RMU6_RICCO	48.768	203	101	2	6280	6480	4	205	7.97e-61	206
AML77002.1	tr|B9R7L2|B9R7L2_RICCO	29.808	520	326	13	5988	6477	9	519	1.06e-60	217
AML77002.1	tr|A0A0B2RFD5|A0A0B2RFD5_GLYSO	40.072	277	154	4	5667	5933	13	287	1.57e-60	221
AML77002.1	tr|B9R7K8|B9R7K8_RICCO	30.461	499	305	10	5994	6477	13	484	1.61e-60	215
AML77002.1	tr|A0A1Z2R7G9|A0A1Z2R7G9_MARPA	30.661	499	305	14	5990	6465	17	497	1.63e-60	216
AML77002.1	tr|A0A2G9HTG5|A0A2G9HTG5_9LAMI	30.689	479	304	11	5986	6446	1	469	2.48e-60	215
AML77002.1	tr|B2LSE0|B2LSE0_TRIPR	31.197	468	294	13	5998	6446	4	462	5.15e-60	214
AML77002.1	tr|B2LSE1|B2LSE1_TRIPR	31.416	452	283	12	6013	6446	28	470	5.72e-60	214
AML77002.1	tr|B2LSD9|B2LSD9_TRIPR	31.416	452	283	12	6013	6446	28	470	6.00e-60	214
AML77002.1	tr|L7T707|L7T707_SINHE	30.977	481	299	12	5986	6446	1	468	7.60e-60	214
AML77002.1	tr|A0A2R2ZJB6|A0A2R2ZJB6_FAGTA	30.361	471	296	11	5991	6446	3	456	8.68e-60	213
AML77002.1	tr|C0LUU6|C0LUU6_SOYBN	30.625	480	304	11	5986	6446	1	470	1.14e-59	213
AML77002.1	tr|C5IWL6|C5IWL6_SOYBN	30.625	480	304	11	5986	6446	1	470	1.35e-59	213
AML77002.1	tr|A0A1B1IHZ1|A0A1B1IHZ1_CAMAC	30.689	479	304	12	5986	6446	1	469	1.69e-59	213
AML77002.1	tr|D0UGE7|D0UGE7_9FABA	31.463	499	311	14	5986	6465	1	487	1.80e-59	213
AML77002.1	tr|A0A0B2PPF9|A0A0B2PPF9_GLYSO	34.125	337	208	6	5607	5933	15	347	2.71e-59	207
AML77002.1	tr|A0A1Z2R7H4|A0A1Z2R7H4_CONJP	29.979	477	301	13	6008	6465	35	497	3.07e-59	212
AML77002.1	tr|G0KVB3|G0KVB3_9ASTR	30.818	477	299	12	5991	6446	3	469	3.31e-59	212
AML77002.1	tr|Q2LAD8|Q2LAD8_SOLTU	31.263	499	311	14	5986	6465	1	486	3.50e-59	212
AML77002.1	tr|Q4JLA2|Q4JLA2_MALDO	31.313	495	316	10	5986	6465	1	486	3.72e-59	212
AML77002.1	tr|D6MXQ6|D6MXQ6_ISATI	30.689	479	304	11	5986	6446	1	469	5.36e-59	211
AML77002.1	tr|A0A1Z2R7G6|A0A1Z2R7G6_CONJP	31.897	464	285	14	6019	6465	59	508	1.16e-58	211
AML77002.1	tr|A0A1B1SPI1|A0A1B1SPI1_LEPAP	30.689	479	304	11	5986	6446	1	469	1.32e-58	210
AML77002.1	tr|A8CF55|A8CF55_BRACM	30.271	479	306	11	5986	6446	1	469	1.94e-58	209
AML77002.1	tr|E2F4D8|E2F4D8_SCUBA	31.828	465	284	14	6004	6446	18	471	2.30e-58	209
AML77002.1	tr|A0A088FG01|A0A088FG01_FAGTA	29.569	487	321	9	6000	6475	17	492	3.30e-58	209
AML77002.1	tr|A0A1Z2R7H6|A0A1Z2R7H6_9MARC	30.886	463	291	14	6019	6465	60	509	3.32e-58	209
AML77002.1	tr|F2VR43|F2VR43_PRUAV	30.958	449	288	9	6013	6446	28	469	3.86e-58	209
AML77002.1	tr|B9R7K4|B9R7K4_RICCO	29.434	530	334	13	5982	6481	1	520	3.94e-58	209
AML77002.1	tr|A0A2G9GRD7|A0A2G9GRD7_9LAMI	30.538	465	294	13	6001	6446	15	469	7.42e-58	208
AML77002.1	tr|Q2MJ09|Q2MJ09_MEDTR	30.222	450	291	11	6013	6446	28	470	1.21e-57	207
AML77002.1	tr|Q9ZSR0|Q9ZSR0_MESCR	29.482	502	295	16	6000	6465	48	526	1.50e-57	208
AML77002.1	tr|W5XJ38|W5XJ38_9BRYO	31.739	460	282	10	6039	6477	58	506	1.66e-57	207
AML77002.1	tr|W5XMH0|W5XMH0_9MONI	30.021	473	298	13	5989	6446	20	474	1.71e-57	207
AML77002.1	tr|A0A2G9GHG6|A0A2G9GHG6_9LAMI	28.274	481	288	13	6014	6475	30	472	2.08e-57	206
AML77002.1	tr|Q9XEH8|Q9XEH8_PINTA	32.321	461	282	14	5986	6426	1	451	2.52e-57	206
AML77002.1	tr|A0A0U1XSM6|A0A0U1XSM6_BARSP	31.498	454	279	12	6013	6446	28	469	2.89e-57	206
AML77002.1	tr|B9RBR1|B9RBR1_RICCO	42.213	244	123	6	5701	5933	4	240	2.97e-57	197
AML77002.1	tr|A0A2I0ASX4|A0A2I0ASX4_9ASPA	29.293	495	326	12	5986	6465	1	486	4.18e-57	206
AML77002.1	tr|F8QM88|F8QM88_PHYPA	29.592	490	315	13	5994	6465	21	498	7.86e-57	205
AML77002.1	tr|D5L6I0|D5L6I0_9ERIC	48.588	177	86	2	5743	5915	1	176	2.55e-56	192
AML77002.1	tr|B9T9S7|B9T9S7_RICCO	29.817	493	304	14	5993	6465	47	517	2.99e-56	204
AML77002.1	tr|A0A0U1XP01|A0A0U1XP01_LACSA	30.197	457	281	12	6013	6446	28	469	4.18e-56	202
AML77002.1	tr|B9SA81|B9SA81_RICCO	49.254	201	101	1	5729	5929	3	202	2.16e-55	191
AML77002.1	tr|Q9AXP9|Q9AXP9_9ROSI	30.208	480	305	13	5986	6446	1	469	2.31e-55	201
AML77002.1	tr|W5XK02|W5XK02_9BRYO	28.600	500	331	10	5994	6476	32	522	3.37e-55	201
AML77002.1	tr|A0A2G9G1M9|A0A2G9G1M9_9LAMI	30.947	433	276	11	6062	6483	69	489	8.02e-55	199
AML77002.1	tr|W5XJ41|W5XJ41_9BRYO	30.556	468	293	11	6007	6451	30	488	8.68e-55	199
AML77002.1	tr|Q17UC0|Q17UC0_CUCSA	30.909	440	272	12	6027	6446	42	469	1.48e-54	198
AML77002.1	tr|A0A2G9G9Y9|A0A2G9G9Y9_9LAMI	28.390	472	282	13	6008	6446	50	498	1.81e-54	199
AML77002.1	tr|A0A2I0AF51|A0A2I0AF51_9ASPA	30.208	384	219	4	5995	6378	14	348	2.96e-54	192
AML77002.1	tr|A0A2G9GEA4|A0A2G9GEA4_9LAMI	27.932	469	285	9	6021	6477	161	588	4.62e-54	199
AML77002.1	tr|B9SY12|B9SY12_RICCO	28.743	501	303	12	5989	6473	18	480	7.75e-54	195
AML77002.1	tr|A0A1S2X8P2|A0A1S2X8P2_CICAR	29.867	452	288	12	6013	6446	28	468	9.54e-54	196
AML77002.1	tr|D2K8K9|D2K8K9_BAMOL	29.412	476	314	11	5986	6446	1	469	1.52e-53	195
AML77002.1	tr|D8SBK8|D8SBK8_SELML	29.885	435	283	12	6025	6446	70	495	1.71e-53	196
AML77002.1	tr|W8E7E3|W8E7E3_HORVU	28.903	474	317	11	5986	6445	1	468	2.69e-53	194
AML77002.1	tr|A0A0B2PD37|A0A0B2PD37_GLYSO	30.973	452	255	16	6018	6436	40	467	1.21e-52	191
AML77002.1	tr|A0A2G9HN86|A0A2G9HN86_9LAMI	33.433	335	208	8	5610	5935	33	361	1.38e-52	188
AML77002.1	tr|A0A2G9GRB3|A0A2G9GRB3_9LAMI	28.454	485	309	12	5986	6446	1	471	2.91e-52	191
AML77002.1	tr|D8S0Y1|D8S0Y1_SELML	29.655	435	284	12	6025	6446	70	495	3.77e-52	192
AML77002.1	tr|F8QM89|F8QM89_SELML	29.655	435	284	12	6025	6446	70	495	4.11e-52	192
AML77002.1	tr|O82526|O82526_CAPCH	29.120	443	286	11	6022	6446	1	433	7.11e-52	189
AML77002.1	tr|B9T515|B9T515_RICCO	37.193	285	165	5	5648	5927	58	333	3.08e-51	183
AML77002.1	tr|A0A220NVF8|A0A220NVF8_CAMSI	28.327	526	335	15	5979	6477	1	511	3.23e-51	189
AML77002.1	tr|W5XJ74|W5XJ74_9BRYO	27.093	454	308	9	6019	6453	41	490	3.73e-51	189
AML77002.1	tr|A0A2G9HNK1|A0A2G9HNK1_9LAMI	28.185	518	337	15	5977	6475	4	505	4.74e-51	188
AML77002.1	sp|Q5Z5S6|C7019_ORYSJ	28.785	469	313	10	6019	6476	38	496	5.10e-51	187
AML77002.1	tr|A0A0B2PB00|A0A0B2PB00_GLYSO	45.918	196	79	3	6284	6479	4	172	1.01e-50	176
AML77002.1	tr|B9SG18|B9SG18_RICCO	34.084	311	195	5	6184	6492	16	318	1.48e-50	181
AML77002.1	tr|B9T872|B9T872_RICCO	48.205	195	100	1	6280	6474	1	194	1.76e-50	176
AML77002.1	tr|A0A1S5T4F7|A0A1S5T4F7_PUNGR	36.577	298	170	6	6101	6386	31	321	2.09e-50	180
AML77002.1	tr|A0A2G9HEY0|A0A2G9HEY0_9LAMI	29.237	472	292	15	6027	6477	56	506	4.29e-50	185
AML77002.1	tr|B9SD83|B9SD83_RICCO	29.519	437	280	12	6028	6446	43	469	5.36e-50	185
AML77002.1	tr|A0A2I0B1V7|A0A2I0B1V7_9ASPA	28.715	498	325	14	5986	6465	1	486	6.06e-50	184
AML77002.1	tr|Q40909|Q40909_POPKI	29.176	425	274	11	6039	6446	4	418	9.19e-50	182
AML77002.1	tr|S4S388|S4S388_JATCU	27.475	495	333	13	5995	6475	23	505	1.03e-49	184
AML77002.1	tr|A0A2G9GR86|A0A2G9GR86_9LAMI	27.586	493	303	13	5986	6446	1	471	1.59e-49	183
AML77002.1	tr|A0A2G9GL12|A0A2G9GL12_9LAMI	29.358	436	283	10	6052	6476	103	524	1.87e-49	184
AML77002.1	tr|A0A0B2RHT0|A0A0B2RHT0_GLYSO	27.000	500	337	12	5989	6476	9	492	2.95e-49	182
AML77002.1	tr|E3T9X1|E3T9X1_ALLSA	27.366	486	321	13	6001	6465	14	488	3.45e-49	182
AML77002.1	tr|B9T870|B9T870_RICCO	46.500	200	106	1	5730	5929	1	199	3.97e-49	172
AML77002.1	tr|B9RBR7|B9RBR7_RICCO	43.147	197	98	5	5744	5933	2	191	4.15e-49	172
AML77002.1	tr|F4YRL2|F4YRL2_9APIA	29.437	462	286	12	6039	6477	55	499	5.98e-49	182
AML77002.1	tr|A0A2Z4I2V7|A0A2Z4I2V7_LYCRD	29.175	473	301	13	5996	6446	9	469	8.00e-49	181
AML77002.1	tr|B9SZS2|B9SZS2_RICCO	38.235	272	149	6	6222	6477	25	293	1.15e-48	174
AML77002.1	tr|A0A2G9GVR9|A0A2G9GVR9_9LAMI	28.571	490	275	14	5991	6475	7	426	6.06e-48	177
AML77002.1	tr|A0A0B2QTF1|A0A0B2QTF1_GLYSO	28.442	443	293	12	6027	6447	58	498	7.33e-48	179
AML77002.1	tr|B9R7J5|B9R7J5_RICCO	27.163	497	334	13	5995	6476	23	506	1.48e-47	178
AML77002.1	sp|Q5Z5R7|C701S_ORYSJ	28.387	465	306	12	6025	6476	46	496	1.92e-47	177
AML77002.1	tr|A0A0B2RE17|A0A0B2RE17_GLYSO	29.975	407	258	10	6057	6446	1	397	5.03e-47	174
AML77002.1	tr|B9SJ86|B9SJ86_RICCO	33.841	328	206	6	6018	6337	31	355	5.69e-47	172
AML77002.1	tr|A0A0B2P4R0|A0A0B2P4R0_GLYSO	28.442	443	293	12	6027	6447	58	498	9.00e-47	176
AML77002.1	tr|A0A0B2SWE2|A0A0B2SWE2_GLYSO	27.361	413	277	9	6055	6447	25	434	6.22e-46	172
AML77002.1	tr|A0A2G9FYR4|A0A2G9FYR4_9LAMI	45.789	190	90	3	5746	5934	192	369	8.82e-46	168
AML77002.1	tr|A0A2I0AP13|A0A2I0AP13_9ASPA	27.386	482	327	10	5986	6452	1	474	1.38e-45	172
AML77002.1	tr|D0Q1D3|D0Q1D3_COFAR	27.655	499	337	11	5992	6477	20	507	2.74e-45	171
AML77002.1	tr|A0A0B2QRA5|A0A0B2QRA5_GLYSO	27.232	448	306	10	6018	6452	40	480	3.62e-45	171
AML77002.1	tr|A0A0M4LA67|A0A0M4LA67_MORAL	30.899	356	233	5	5989	6337	5	354	1.26e-44	164
AML77002.1	tr|B9SYM2|B9SYM2_RICCO	38.776	245	138	6	5691	5928	13	252	1.42e-44	161
AML77002.1	tr|B9VV87|B9VV87_9MONI	36.000	250	148	7	6204	6446	27	271	1.43e-44	163
AML77002.1	tr|A0A0B2QSX4|A0A0B2QSX4_GLYSO	26.585	410	283	8	6055	6447	61	469	3.46e-44	167
AML77002.1	tr|A0A0B2QGV0|A0A0B2QGV0_GLYSO	50.658	152	74	1	6004	6155	18	168	3.62e-44	161
AML77002.1	tr|D0Q1D4|D0Q1D4_COFAR	27.790	457	299	8	6036	6477	69	509	5.47e-44	167
AML77002.1	tr|A0A0B2PI80|A0A0B2PI80_GLYSO	37.273	220	124	5	6214	6424	2	216	5.66e-44	158
AML77002.1	tr|A0A151QWA9|A0A151QWA9_CAJCA	26.601	406	282	7	6055	6447	32	434	4.03e-43	164
AML77002.1	tr|A0A2G9HZX7|A0A2G9HZX7_9LAMI	31.667	300	196	5	5999	6293	18	313	7.20e-43	158
AML77002.1	tr|B9SIK5|B9SIK5_RICCO	36.364	231	97	3	5706	5932	33	217	1.31e-42	154
AML77002.1	tr|B9RHY2|B9RHY2_RICCO	35.531	273	165	7	6003	6270	32	298	2.16e-40	151
AML77002.1	tr|A0A0B2PTS0|A0A0B2PTS0_GLYSO	26.619	417	280	9	6055	6447	90	504	2.49e-40	157
AML77002.1	tr|Q17UB9|Q17UB9_CUCME	41.040	173	99	2	6276	6446	5	176	1.03e-39	144
AML77002.1	tr|A0A2P6RS21|A0A2P6RS21_ROSCH	30.548	347	223	7	6027	6361	41	381	1.18e-39	151
AML77002.1	tr|A0A2G9FZC6|A0A2G9FZC6_9LAMI	28.443	334	225	7	6027	6356	88	411	2.07e-39	152
AML77002.1	tr|A0A0B2QX39|A0A0B2QX39_GLYSO	43.902	164	82	3	6324	6478	1	163	3.33e-39	142
AML77002.1	tr|B9RBR0|B9RBR0_RICCO	30.469	256	175	2	5986	6240	1	254	2.08e-36	137
AML77002.1	tr|R9WNI5|R9WNI5_9ROSI	34.667	225	138	5	5652	5871	43	263	2.42e-36	137
AML77002.1	tr|A0A2I0A2H3|A0A2I0A2H3_9ASPA	42.331	163	84	3	5776	5933	103	260	1.98e-35	135
AML77002.1	tr|A0A0B2PP97|A0A0B2PP97_GLYSO	38.728	173	97	4	6307	6478	1	165	3.15e-34	129
AML77002.1	tr|B9SVN6|B9SVN6_RICCO	50.000	108	52	1	6375	6480	2	109	8.32e-34	125
AML77002.1	tr|A0A173H1Q1|A0A173H1Q1_9LAMI	51.786	112	53	1	5745	5856	1	111	9.93e-34	124
AML77002.1	tr|A0A2G9HU76|A0A2G9HU76_9LAMI	25.835	449	242	10	6029	6477	22	379	2.31e-33	132
AML77002.1	tr|B9S895|B9S895_RICCO	31.984	247	162	5	6020	6263	35	278	1.21e-32	128
AML77002.1	tr|A0A0B4KID2|A0A0B4KID2_9ROSA	51.887	106	51	0	5795	5900	1	106	1.47e-32	121
AML77002.1	tr|A0A0B4KIE7|A0A0B4KIE7_PRUAR	47.706	109	57	0	5795	5903	1	109	2.98e-32	120
AML77002.1	tr|A0A2I0B5L2|A0A2I0B5L2_9ASPA	44.628	121	67	0	6362	6482	1	121	5.19e-32	120
AML77002.1	tr|A0A0B4KIB9|A0A0B4KIB9_9ROSA	51.376	109	53	0	5795	5903	1	109	8.02e-32	119
AML77002.1	tr|A0A2G9GEU3|A0A2G9GEU3_9LAMI	26.829	328	228	5	6004	6321	19	344	5.60e-31	124
AML77002.1	tr|B9RAS1|B9RAS1_RICCO	30.242	248	154	6	5606	5843	57	295	5.62e-31	123
AML77002.1	tr|A0A2G9H8E9|A0A2G9H8E9_9LAMI	46.552	116	62	0	5820	5935	290	405	6.54e-31	126
AML77002.1	tr|B9S3I3|B9S3I3_RICCO	26.301	365	208	7	6053	6406	1	315	1.77e-30	122
AML77002.1	tr|B9TPU9|B9TPU9_RICCO	32.353	238	154	5	6019	6252	34	268	7.18e-30	119
AML77002.1	tr|A0A2S0RR21|A0A2S0RR21_9GENT	35.922	206	121	5	6204	6402	15	216	2.47e-29	116
AML77002.1	tr|A0A2G9G5H7|A0A2G9G5H7_9LAMI	30.233	258	170	7	6011	6261	19	273	2.74e-29	118
AML77002.1	tr|A0A2G9G2K5|A0A2G9G2K5_9LAMI	31.119	286	182	9	5999	6276	16	294	1.55e-28	116
AML77002.1	tr|A0A0B2QM76|A0A0B2QM76_GLYSO	43.478	115	64	1	6287	6401	2	115	2.13e-28	109
AML77002.1	tr|B9T2D0|B9T2D0_RICCO	40.441	136	73	2	5804	5933	270	403	2.27e-28	118
AML77002.1	tr|A0A2G9G9G9|A0A2G9G9G9_9LAMI	26.281	449	284	15	6014	6445	35	453	6.82e-28	118
AML77002.1	tr|A0A2P6Q0R9|A0A2P6Q0R9_ROSCH	25.000	340	209	5	6012	6347	34	331	1.78e-27	119
AML77002.1	tr|A0A0B2SK61|A0A0B2SK61_GLYSO	24.161	447	294	14	6014	6445	45	461	1.84e-27	117
AML77002.1	tr|A0A2G9HN93|A0A2G9HN93_9LAMI	40.650	123	68	2	5813	5935	4	121	1.99e-27	107
AML77002.1	tr|A0A220NVF9|A0A220NVF9_CAMSI	25.813	461	279	18	6014	6450	38	459	7.04e-27	115
AML77002.1	tr|Q40907|Q40907_POPKI	27.764	407	266	12	5986	6375	1	396	9.42e-27	113
AML77002.1	tr|B9RHC8|B9RHC8_RICCO	42.593	108	61	1	5827	5933	1	108	1.44e-26	104
AML77002.1	tr|U5YM12|U5YM12_MALDO	24.375	480	306	15	5993	6445	19	468	3.15e-26	113
AML77002.1	tr|B9SKJ4|B9SKJ4_RICCO	23.543	446	296	12	6018	6446	43	460	4.28e-26	113
AML77002.1	tr|A0A2I0B5L5|A0A2I0B5L5_9ASPA	33.649	211	134	2	6006	6215	348	553	5.34e-26	114
AML77002.1	tr|A0A2P6RNT6|A0A2P6RNT6_ROSCH	44.444	117	61	2	6284	6400	4	116	5.96e-26	104
AML77002.1	tr|A0A1X9H7V5|A0A1X9H7V5_TRIWF	25.055	455	283	14	6014	6445	36	455	1.11e-25	112
AML77002.1	tr|A0A2G9H511|A0A2G9H511_9LAMI	27.545	334	210	10	6125	6446	54	367	1.36e-25	110
AML77002.1	tr|B9SRU4|B9SRU4_RICCO	35.625	160	71	3	6311	6470	115	242	4.13e-25	105
AML77002.1	tr|A0A0B2QFX3|A0A0B2QFX3_GLYSO	40.367	109	64	1	5738	5846	2	109	6.66e-25	99.4
AML77002.1	tr|B9SYN2|B9SYN2_RICCO	26.848	257	181	2	6018	6268	27	282	9.86e-25	106
AML77002.1	tr|A0A0B2QFA5|A0A0B2QFA5_GLYSO	28.279	244	127	6	6209	6447	58	258	3.04e-24	103
AML77002.1	tr|A0A220NVG1|A0A220NVG1_CAMSI	30.594	219	129	5	5695	5899	254	463	1.84e-23	105
AML77002.1	tr|Q0PCE8|Q0PCE8_SOLME	27.143	280	185	7	6110	6377	6	278	3.41e-23	100
AML77002.1	tr|B3RH47|B3RH47_9ROSA	26.241	282	189	7	6110	6379	7	281	5.43e-23	99.8
AML77002.1	tr|A0A220NVG9|A0A220NVG9_CAMSI	24.628	471	311	15	5990	6451	9	444	6.77e-23	103
AML77002.1	tr|A0A0B2Q5U7|A0A0B2Q5U7_GLYSO	29.493	217	132	5	5695	5899	241	448	1.37e-22	102
AML77002.1	tr|B9TGE8|B9TGE8_RICCO	36.301	146	88	2	6001	6144	16	158	1.38e-22	94.7
AML77002.1	tr|A0A2P6Q0R7|A0A2P6Q0R7_ROSCH	30.857	175	116	3	5998	6169	11	183	2.51e-22	96.3
AML77002.1	tr|A0A2I0A3H5|A0A2I0A3H5_9ASPA	25.551	454	281	18	6018	6450	47	464	3.98e-22	100
AML77002.1	tr|Q0PCE7|Q0PCE7_SOLME	26.165	279	187	7	6110	6376	6	277	5.70e-22	96.7
AML77002.1	tr|A0A2G9GVV1|A0A2G9GVV1_9LAMI	22.807	456	309	14	6006	6448	32	457	7.26e-22	100
AML77002.1	tr|A0A2G9H4H9|A0A2G9H4H9_9LAMI	24.945	453	290	16	6015	6449	27	447	7.71e-22	99.8
AML77002.1	tr|A0A1D8RF65|A0A1D8RF65_STRHE	24.748	497	294	18	5986	6457	1	442	1.12e-21	99.4
AML77002.1	tr|A0A1D8RF49|A0A1D8RF49_TRIVS	25.455	495	286	18	5986	6451	1	441	1.12e-21	99.4
AML77002.1	tr|B9RY37|B9RY37_RICCO	26.050	476	291	15	5988	6449	13	441	1.30e-21	99.0
AML77002.1	tr|A0A2I0B8K2|A0A2I0B8K2_9ASPA	23.566	488	300	14	6015	6482	67	501	1.72e-21	99.4
AML77002.1	tr|B9SC56|B9SC56_RICCO	24.889	450	282	15	6018	6451	30	439	1.98e-21	98.6
AML77002.1	tr|A0A0B2P7N6|A0A0B2P7N6_GLYSO	26.360	478	299	18	5988	6452	4	441	1.98e-21	98.6
AML77002.1	tr|B9R7Y0|B9R7Y0_RICCO	23.725	451	295	14	6016	6449	11	429	2.34e-21	98.2
AML77002.1	tr|C7T4G7|C7T4G7_WHEAT	29.956	227	137	8	6230	6446	25	239	2.75e-21	94.0
AML77002.1	tr|M9Q2P3|M9Q2P3_VITVI	25.212	472	292	16	5998	6451	15	443	2.85e-21	98.2
AML77002.1	tr|B9T450|B9T450_RICCO	28.197	305	176	12	5609	5899	174	449	3.14e-21	97.8
AML77002.1	tr|A0A151SPY3|A0A151SPY3_CAJCA	29.224	219	134	5	5693	5899	208	417	3.91e-21	97.4
AML77002.1	tr|B9RHC7|B9RHC7_RICCO	26.984	252	171	4	6025	6270	45	289	4.62e-21	94.7
AML77002.1	tr|K9MZ39|K9MZ39_9BRAS	32.275	189	119	3	6267	6452	114	296	8.49e-21	94.0
AML77002.1	tr|Q400R7|Q400R7_LACSA	26.408	284	180	9	6110	6376	6	277	1.05e-20	92.8
AML77002.1	tr|A0A1Z1MY54|A0A1Z1MY54_PEA	26.742	445	275	17	6018	6451	36	440	1.19e-20	95.9
AML77002.1	tr|C7T4G9|C7T4G9_WHEAT	29.646	226	137	8	6230	6445	25	238	1.55e-20	91.7
AML77002.1	tr|C7T4G4|C7T4G4_WHEAT	29.646	226	137	8	6230	6445	25	238	1.72e-20	91.7
AML77002.1	tr|A0A2G9FXZ3|A0A2G9FXZ3_9LAMI	30.469	256	150	6	5657	5900	221	460	1.96e-20	95.5
AML77002.1	tr|A0A151SI06|A0A151SI06_CAJCA	24.740	481	305	15	5986	6452	1	438	2.03e-20	95.5
AML77002.1	tr|A0A1D8RF30|A0A1D8RF30_OROMI	24.897	486	289	17	5989	6451	7	439	2.23e-20	95.1
AML77002.1	tr|A0A2G9H4W9|A0A2G9H4W9_9LAMI	23.810	483	295	16	5991	6451	12	443	2.44e-20	95.1
AML77002.1	tr|A0A1W6S9Y7|A0A1W6S9Y7_CHEMJ	28.571	245	156	7	5990	6218	13	254	2.59e-20	91.3
AML77002.1	tr|A0A1D8RF31|A0A1D8RF31_OROCE	24.536	485	292	16	5989	6451	7	439	4.33e-20	94.4
AML77002.1	tr|A0A220NVG5|A0A220NVG5_CAMSI	24.948	481	303	16	5986	6451	1	438	6.19e-20	94.0
AML77002.1	tr|B9SV76|B9SV76_RICCO	23.729	472	327	15	5986	6450	1	446	1.59e-19	92.8
AML77002.1	tr|A0A220NVG6|A0A220NVG6_CAMSI	25.219	456	267	14	6018	6451	38	441	1.75e-19	92.4
AML77002.1	tr|A0A151R0U6|A0A151R0U6_CAJCA	24.230	487	280	16	5998	6452	4	433	2.04e-19	92.0
AML77002.1	tr|B9T864|B9T864_RICCO	27.948	229	156	6	6222	6447	40	262	3.86e-19	88.6
AML77002.1	tr|B9SEB4|B9SEB4_RICCO	28.139	231	147	7	5677	5902	244	460	4.06e-19	91.7
AML77002.1	tr|D7TFC7|D7TFC7_VITVI	25.813	461	261	17	6018	6451	39	445	5.06e-19	90.9
AML77002.1	tr|A0A2G9H5V6|A0A2G9H5V6_9LAMI	34.932	146	56	1	6333	6478	136	242	5.09e-19	87.4
AML77002.1	tr|A0A1D8RF46|A0A1D8RF46_STRHE	25.257	487	288	19	5991	6457	10	440	7.44e-19	90.5
AML77002.1	tr|B9S6B8|B9S6B8_RICCO	28.049	246	151	8	5667	5906	243	468	9.13e-19	90.5
AML77002.1	tr|B9SAF0|B9SAF0_RICCO	23.282	451	301	14	6017	6451	30	451	1.29e-18	89.7
AML77002.1	tr|A0A151TC27|A0A151TC27_CAJCA	29.114	237	145	7	5669	5902	179	395	1.47e-18	89.4
AML77002.1	tr|A0A2G9I963|A0A2G9I963_9LAMI	30.000	240	148	7	5676	5908	215	441	1.50e-18	89.4
AML77002.1	tr|A0A2G9I6B8|A0A2G9I6B8_9LAMI	31.674	221	135	8	5691	5906	248	457	1.57e-18	89.7
AML77002.1	tr|A0A2G9GPW3|A0A2G9GPW3_9LAMI	24.048	499	304	18	5991	6466	15	461	1.64e-18	89.7
AML77002.1	tr|A0A2G9FVW3|A0A2G9FVW3_9LAMI	29.583	240	153	7	6222	6449	90	325	1.67e-18	87.8
AML77002.1	tr|A0A2G9HYR6|A0A2G9HYR6_9LAMI	31.915	141	87	4	5995	6127	1	140	2.24e-18	82.4
AML77002.1	tr|B9T6D5|B9T6D5_RICCO	30.000	140	93	1	5990	6129	14	148	3.96e-18	82.4
AML77002.1	tr|J3T3R0|J3T3R0_PHERA	29.515	227	141	7	5677	5900	226	436	4.01e-18	88.2
AML77002.1	tr|A0A2G9IA64|A0A2G9IA64_9LAMI	23.636	385	254	11	6109	6469	116	484	4.40e-18	88.2
AML77002.1	tr|B9RYI0|B9RYI0_RICCO	27.193	228	152	6	6230	6453	230	447	5.06e-18	87.8
AML77002.1	tr|A0A2G9HE44|A0A2G9HE44_9LAMI	29.437	231	148	7	5678	5898	242	467	8.70e-18	87.4
AML77002.1	tr|B9S6I4|B9S6I4_RICCO	24.520	469	305	16	5994	6449	14	446	1.03e-17	87.0
AML77002.1	tr|A0A2P6RNW0|A0A2P6RNW0_ROSCH	28.839	267	172	9	6027	6279	43	305	1.09e-17	84.7
AML77002.1	tr|B9SHL8|B9SHL8_RICCO	29.333	225	143	8	6229	6447	48	262	1.09e-17	84.3
AML77002.1	tr|A0A1D8RF50|A0A1D8RF50_TRIVS	24.949	489	289	16	5988	6451	4	439	1.30e-17	86.7
AML77002.1	tr|A0A2I0A4B6|A0A2I0A4B6_9ASPA	25.000	460	307	17	5999	6449	21	451	1.46e-17	86.7
AML77002.1	tr|A0A2G9GJK6|A0A2G9GJK6_9LAMI	27.039	233	153	6	5685	5910	199	421	1.78e-17	85.9
AML77002.1	tr|B9SV74|B9SV74_RICCO	27.854	219	147	6	6236	6449	236	448	1.89e-17	86.3
AML77002.1	tr|B9R7C1|B9R7C1_RICCO	24.681	470	299	18	5992	6451	3	427	2.28e-17	85.9
AML77002.1	tr|A0A2G9HE80|A0A2G9HE80_9LAMI	27.350	234	155	6	5686	5914	253	476	2.89e-17	85.9
AML77002.1	sp|Q6JTJ0|T7H_TAXCU	29.249	253	172	5	6197	6445	218	467	3.10e-17	85.9
AML77002.1	tr|A0A1D8RF66|A0A1D8RF66_TRIVS	24.045	445	288	14	6018	6451	38	443	8.70e-17	84.0
AML77002.1	tr|A0A1Z1MY52|A0A1Z1MY52_PEA	25.102	490	287	18	5988	6451	4	439	9.17e-17	84.0
AML77002.1	tr|B9SN45|B9SN45_RICCO	22.826	460	304	16	6007	6450	27	451	9.81e-17	84.0
AML77002.1	tr|A0A2G9GQL0|A0A2G9GQL0_9LAMI	27.778	216	144	5	5690	5899	243	452	1.01e-16	84.0
AML77002.1	tr|A0A2I0B995|A0A2I0B995_9ASPA	29.091	220	138	5	5693	5900	290	503	1.22e-16	84.0
AML77002.1	tr|B9RG11|B9RG11_RICCO	27.273	253	164	6	5656	5900	214	454	1.36e-16	83.6
AML77002.1	tr|A0A151QQ24|A0A151QQ24_CAJCA	29.268	246	153	6	5657	5900	221	447	1.36e-16	83.6
AML77002.1	sp|Q2MJ21|C7A67_MEDTR	25.692	253	169	6	6208	6445	243	491	1.72e-16	83.6
AML77002.1	tr|A0A0B2QSZ8|A0A0B2QSZ8_GLYSO	26.087	230	152	5	5678	5902	246	462	2.30e-16	82.8
AML77002.1	tr|A0A0B2RQC9|A0A0B2RQC9_GLYSO	27.273	231	152	5	5678	5900	232	454	2.64e-16	82.8
AML77002.1	tr|A0A0B2Q1G4|A0A0B2Q1G4_GLYSO	27.650	217	121	6	5695	5899	171	363	2.90e-16	81.6
AML77002.1	tr|A0A2G9HB37|A0A2G9HB37_9LAMI	30.539	167	99	5	6297	6457	1	156	3.78e-16	77.0
AML77002.1	sp|Q84KI1|T14H_TAXCU	29.536	237	152	8	6218	6446	236	465	4.73e-16	82.0
AML77002.1	tr|A0A2G9HG86|A0A2G9HG86_9LAMI	26.578	301	186	9	5596	5881	103	383	6.21e-16	81.3
AML77002.1	tr|A0A2P6Q0Y0|A0A2P6Q0Y0_ROSCH	24.900	249	135	4	6017	6263	45	243	6.75e-16	78.6
