ACT52241.1	tr|A0A1L7NQ99|A0A1L7NQ99_AMACR	100.000	415	0	0	121007	121421	1	415	0.0	868
ACT52241.1	tr|A0A0K9QDU3|A0A0K9QDU3_SPIOL	88.164	414	48	1	121007	121420	1	413	0.0	772
ACT52241.1	tr|A0A7C8YTT5|A0A7C8YTT5_OPUST	87.775	409	50	0	121007	121415	1	409	0.0	759
ACT52241.1	tr|A0A7C9DU41|A0A7C9DU41_OPUST	85.401	411	60	0	121007	121417	1	411	0.0	748
ACT52241.1	tr|A5YT92|A5YT92_9CARY	85.961	406	57	0	121007	121412	1	406	0.0	746
ACT52241.1	tr|A0A1S6Q8E9|A0A1S6Q8E9_9CARY	83.575	414	67	1	121007	121420	1	413	0.0	727
ACT52241.1	tr|A0A061E6H8|A0A061E6H8_THECC	82.064	407	73	0	121007	121413	1	407	0.0	713
ACT52241.1	tr|L0HR50|L0HR50_9ERIC	81.995	411	73	1	121007	121417	1	410	0.0	711
ACT52241.1	tr|A0A5B7A2A6|A0A5B7A2A6_DAVIN	80.779	411	78	1	121007	121417	1	410	0.0	711
ACT52241.1	tr|A0A0R4J4H6|A0A0R4J4H6_SOYBN	80.976	410	78	0	121007	121416	1	410	0.0	710
ACT52241.1	tr|A0A2Z5HTT9|A0A2Z5HTT9_CAMSI	81.509	411	75	1	121007	121417	1	410	0.0	707
ACT52241.1	tr|A0A5B6VG05|A0A5B6VG05_9ROSI	82.064	407	73	0	121007	121413	1	407	0.0	707
ACT52241.1	tr|A0A445HKB9|A0A445HKB9_GLYSO	80.732	410	79	0	121007	121416	1	410	0.0	707
ACT52241.1	tr|A0A5N6QNX9|A0A5N6QNX9_9ROSI	81.327	407	76	0	121007	121413	1	407	0.0	706
ACT52241.1	tr|A0A5D3A7L6|A0A5D3A7L6_GOSMU	81.572	407	75	0	121007	121413	1	407	0.0	706
ACT52241.1	tr|A0A5B7A4Z0|A0A5B7A4Z0_DAVIN	80.590	407	79	0	121007	121413	1	407	0.0	706
ACT52241.1	tr|A0A6P4NJG5|A0A6P4NJG5_GOSAR	81.572	407	75	0	121007	121413	1	407	0.0	706
ACT52241.1	tr|A0A5J5WQT8|A0A5J5WQT8_GOSBA	81.572	407	75	0	121007	121413	1	407	0.0	706
ACT52241.1	tr|A0A5D2HGX9|A0A5D2HGX9_GOSDA	81.572	407	75	0	121007	121413	1	407	0.0	706
ACT52241.1	tr|C9WKP7|C9WKP7_DIOKA	79.710	414	84	0	121007	121420	1	414	0.0	706
ACT52241.1	tr|A0A0B0MS53|A0A0B0MS53_GOSAR	80.779	411	79	0	121007	121417	1	411	0.0	706
ACT52241.1	tr|O22107|O22107_SOYBN	80.732	410	79	0	121007	121416	1	410	0.0	705
ACT52241.1	tr|I1LJ81|I1LJ81_SOYBN	80.535	411	80	0	121007	121417	1	411	0.0	705
ACT52241.1	tr|C6TGQ1|C6TGQ1_SOYBN	80.732	410	79	0	121007	121416	1	410	0.0	705
ACT52241.1	tr|A0A445I192|A0A445I192_GLYSO	80.535	411	80	0	121007	121417	1	411	0.0	705
ACT52241.1	tr|A0A6J1AFD8|A0A6J1AFD8_9ROSI	81.327	407	76	0	121007	121413	1	407	0.0	704
ACT52241.1	tr|A0A5D2DIA1|A0A5D2DIA1_GOSDA	81.818	407	74	0	121007	121413	1	407	0.0	704
ACT52241.1	tr|A0A1U8LR92|A0A1U8LR92_GOSHI	81.818	407	74	0	121007	121413	1	407	0.0	704
ACT52241.1	tr|A0A5D2W1I2|A0A5D2W1I2_GOSMU	81.818	407	74	0	121007	121413	1	407	0.0	704
ACT52241.1	tr|A0A6M2ESI4|A0A6M2ESI4_9ROSI	80.049	411	81	1	121007	121417	1	410	0.0	704
ACT52241.1	tr|A0A6J5VM73|A0A6J5VM73_PRUAR	80.340	412	81	0	121007	121418	1	412	0.0	704
ACT52241.1	tr|D7U5I9|D7U5I9_VITVI	79.469	414	84	1	121007	121420	1	413	0.0	704
ACT52241.1	tr|A0A6P5XBC8|A0A6P5XBC8_DURZI	81.081	407	77	0	121007	121413	1	407	0.0	703
ACT52241.1	tr|A0A6M6A6G3|A0A6M6A6G3_CITJP	80.196	409	81	0	121007	121415	1	409	0.0	703
ACT52241.1	tr|A0A1U8MEP5|A0A1U8MEP5_GOSHI	81.327	407	76	0	121007	121413	1	407	0.0	703
ACT52241.1	tr|A0A6A3BJM3|A0A6A3BJM3_HIBSY	80.637	408	78	1	121007	121413	1	408	0.0	702
ACT52241.1	tr|A0A5D2RN12|A0A5D2RN12_GOSTO	81.327	407	76	0	121007	121413	1	407	0.0	702
ACT52241.1	tr|A0A2I4E7I3|A0A2I4E7I3_JUGRE	80.292	411	81	0	121007	121417	1	411	0.0	701
ACT52241.1	tr|A0A5J5SIE4|A0A5J5SIE4_GOSBA	81.572	407	75	0	121007	121413	1	407	0.0	701
ACT52241.1	tr|A0A445I052|A0A445I052_GLYSO	80.340	412	80	1	121007	121417	1	412	0.0	701
ACT52241.1	tr|J9VC95|J9VC95_9ERIC	80.630	413	73	1	121007	121412	1	413	0.0	701
ACT52241.1	tr|A0A4D6LKM3|A0A4D6LKM3_VIGUN	79.756	410	83	0	121007	121416	1	410	0.0	700
ACT52241.1	tr|A0A0D2Q5Z3|A0A0D2Q5Z3_GOSRA	81.572	407	75	0	121007	121413	1	407	0.0	700
ACT52241.1	tr|A0A2R6RBS9|A0A2R6RBS9_ACTCC	79.952	414	80	1	121007	121420	1	411	0.0	700
ACT52241.1	tr|A0A0D2RSZ7|A0A0D2RSZ7_GOSRA	83.805	389	63	0	121007	121395	1	389	0.0	700
ACT52241.1	tr|A0A200RCG2|A0A200RCG2_9MAGN	80.846	402	77	0	121007	121408	1	402	0.0	699
ACT52241.1	tr|A0A6H0DB90|A0A6H0DB90_TRIWF	80.098	407	81	0	121007	121413	1	407	0.0	699
ACT52241.1	tr|A0A5N5IAF1|A0A5N5IAF1_9ROSA	78.641	412	88	0	121007	121418	1	412	0.0	698
ACT52241.1	tr|Q0PYJ6|Q0PYJ6_9FABA	80.098	407	81	0	121007	121413	1	407	0.0	698
ACT52241.1	tr|A0A5D2DJ18|A0A5D2DJ18_GOSDA	83.548	389	64	0	121007	121395	1	389	0.0	697
ACT52241.1	tr|A0A4Y1RZB7|A0A4Y1RZB7_PRUDU	79.369	412	85	0	121007	121418	76	487	0.0	697
ACT52241.1	tr|A0A6A3CMM9|A0A6A3CMM9_HIBSY	79.562	411	83	1	121007	121417	1	410	0.0	697
ACT52241.1	tr|A0A5J5SHN8|A0A5J5SHN8_GOSBA	83.548	389	64	0	121007	121395	1	389	0.0	697
ACT52241.1	tr|A0A5E4EMI0|A0A5E4EMI0_PRUDU	79.369	412	85	0	121007	121418	1	412	0.0	697
ACT52241.1	tr|A0A0A6ZA44|A0A0A6ZA44_9ROSI	80.882	408	77	1	121007	121414	1	407	0.0	697
ACT52241.1	tr|D6QX55|D6QX55_GLYUR	79.952	414	81	2	121007	121420	1	412	0.0	697
ACT52241.1	tr|A0A059BD58|A0A059BD58_EUCGR	84.021	388	62	0	121007	121394	1	388	0.0	697
ACT52241.1	tr|A0A5D2M2V9|A0A5D2M2V9_GOSTO	83.548	389	64	0	121007	121395	1	389	0.0	696
ACT52241.1	tr|S5VRK5|S5VRK5_MALDO	78.641	412	88	0	121007	121418	1	412	0.0	696
ACT52241.1	tr|A0A5D2W2D1|A0A5D2W2D1_GOSMU	83.548	389	64	0	121007	121395	1	389	0.0	696
ACT52241.1	tr|A0A2P6PPV8|A0A2P6PPV8_ROSCH	79.369	412	84	1	121007	121417	1	412	0.0	696
ACT52241.1	tr|A0A1U8JS38|A0A1U8JS38_GOSHI	83.290	389	65	0	121007	121395	1	389	0.0	696
ACT52241.1	tr|A0A5J5WIM2|A0A5J5WIM2_GOSBA	81.980	394	71	0	121007	121400	1	394	0.0	696
ACT52241.1	tr|A0A5B7A2T2|A0A5B7A2T2_DAVIN	80.049	411	81	1	121007	121417	1	410	0.0	696
ACT52241.1	tr|A0A6P4NXK5|A0A6P4NXK5_GOSAR	81.886	403	73	0	121007	121409	1	403	0.0	696
ACT52241.1	tr|A0A6P6AE96|A0A6P6AE96_DURZI	80.835	407	78	0	121007	121413	1	407	0.0	695
ACT52241.1	tr|A0A1S3CD95|A0A1S3CD95_CUCME	78.947	418	87	1	121007	121424	1	417	0.0	695
ACT52241.1	tr|A0A5A7TS05|A0A5A7TS05_CUCME	80.590	407	79	0	121007	121413	1	407	0.0	695
ACT52241.1	tr|Q84LE3|Q84LE3_LOTJA	80.149	403	80	0	121007	121409	1	403	0.0	695
ACT52241.1	tr|A0A1U8LQK8|A0A1U8LQK8_GOSHI	79.097	421	74	1	121007	121413	1	421	0.0	695
ACT52241.1	tr|A0A2H5PKK4|A0A2H5PKK4_CITUN	81.864	397	72	0	121007	121403	1	397	0.0	695
ACT52241.1	tr|A0A1S3TJV8|A0A1S3TJV8_VIGRR	79.512	410	84	0	121007	121416	1	410	0.0	695
ACT52241.1	tr|A0A6M6A830|A0A6M6A830_9ROSI	82.353	391	69	0	121007	121397	1	391	0.0	694
ACT52241.1	tr|A0A6P5TLU0|A0A6P5TLU0_PRUAV	78.883	412	87	0	121007	121418	1	412	0.0	694
ACT52241.1	tr|A0A6M6A5X4|A0A6M6A5X4_9ROSI	82.353	391	69	0	121007	121397	1	391	0.0	694
ACT52241.1	tr|B9HRH0|B9HRH0_POPTR	78.589	411	87	1	121007	121417	1	410	0.0	694
ACT52241.1	tr|A0A6M6A6I7|A0A6M6A6I7_9ROSI	82.609	391	68	0	121007	121397	1	391	0.0	694
ACT52241.1	tr|A0A1R3HVU4|A0A1R3HVU4_COCAP	85.714	378	54	0	121007	121384	1	378	0.0	694
ACT52241.1	tr|C6KE07|C6KE07_GLYUR	79.710	414	82	2	121007	121420	1	412	0.0	694
ACT52241.1	tr|M5VJU8|M5VJU8_PRUPE	79.126	412	86	0	121007	121418	1	412	0.0	694
ACT52241.1	tr|A4F3N9|A4F3N9_GLYUR	79.319	411	84	1	121007	121417	1	410	0.0	694
ACT52241.1	tr|A0A2I4GBT7|A0A2I4GBT7_JUGRE	80.098	407	81	0	121007	121413	1	407	0.0	694
ACT52241.1	tr|A0A6M6A815|A0A6M6A815_CITMA	82.353	391	69	0	121007	121397	1	391	0.0	693
ACT52241.1	tr|A0A6M6A9F0|A0A6M6A9F0_CITUN	82.353	391	69	0	121007	121397	1	391	0.0	693
ACT52241.1	tr|A0A386AT65|A0A386AT65_GARJA	79.075	411	85	1	121007	121417	1	410	0.0	693
ACT52241.1	tr|A0A0B0N8L6|A0A0B0N8L6_GOSAR	81.638	403	74	0	121007	121409	1	403	0.0	693
ACT52241.1	tr|A0A067DLL9|A0A067DLL9_CITSI	82.353	391	69	0	121007	121397	1	391	0.0	693
ACT52241.1	tr|A0A2R2WEW0|A0A2R2WEW0_CUCSA	78.708	418	88	1	121007	121424	1	417	0.0	693
ACT52241.1	tr|A0A6M6A693|A0A6M6A693_CITMA	82.353	391	69	0	121007	121397	1	391	0.0	693
ACT52241.1	tr|A0A6N2L7Y8|A0A6N2L7Y8_SALVM	78.589	411	87	1	121007	121417	1	410	0.0	693
ACT52241.1	tr|A0A0D2Q5Z6|A0A0D2Q5Z6_GOSRA	81.081	407	76	1	121007	121413	1	406	0.0	693
ACT52241.1	tr|A0A067KZX7|A0A067KZX7_JATCU	79.562	411	83	1	121007	121417	1	410	0.0	693
ACT52241.1	tr|A0A1U8LJ88|A0A1U8LJ88_GOSHI	81.390	403	75	0	121007	121409	1	403	0.0	693
ACT52241.1	tr|A0A6M6A6F5|A0A6M6A6F5_CITSI	82.353	391	69	0	121007	121397	1	391	0.0	693
ACT52241.1	tr|A0A6M6A586|A0A6M6A586_CITUN	82.353	391	69	0	121007	121397	1	391	0.0	693
ACT52241.1	tr|A0A6M6A5W5|A0A6M6A5W5_CITRE	82.353	391	69	0	121007	121397	1	391	0.0	693
ACT52241.1	tr|V4S8C8|V4S8C8_CITCL	82.353	391	69	0	121007	121397	1	391	0.0	693
ACT52241.1	tr|A5C8Q7|A5C8Q7_VITVI	76.157	432	84	2	121007	121420	1	431	0.0	693
ACT52241.1	tr|A0A2P5YK26|A0A2P5YK26_GOSBA	81.390	403	75	0	121007	121409	1	403	0.0	693
ACT52241.1	sp|C9E894|SQS2_PANGI	79.024	410	85	1	121007	121415	1	410	0.0	693
ACT52241.1	tr|A0A1L2EEC8|A0A1L2EEC8_GYNPE	78.378	407	88	0	121007	121413	1	407	0.0	692
ACT52241.1	tr|A0A6P8CDB8|A0A6P8CDB8_PUNGR	80.676	414	79	1	121007	121420	1	413	0.0	692
ACT52241.1	tr|A0A1C9U3X4|A0A1C9U3X4_CUCME	78.708	418	88	1	121007	121424	1	417	0.0	692
ACT52241.1	tr|A0A5E4FSJ5|A0A5E4FSJ5_PRUDU	78.883	412	87	0	121007	121418	1	412	0.0	692
ACT52241.1	tr|A0A6M6A8M9|A0A6M6A8M9_CITRE	82.353	391	69	0	121007	121397	1	391	0.0	692
ACT52241.1	tr|A0A6M6A871|A0A6M6A871_CITAR	82.353	391	69	0	121007	121397	1	391	0.0	692
ACT52241.1	tr|A0A2R2WEV4|A0A2R2WEV4_TRIKI	79.853	407	82	0	121007	121413	1	407	0.0	692
ACT52241.1	tr|A0A6I9TRW8|A0A6I9TRW8_SESIN	79.462	409	84	0	121007	121415	1	409	0.0	692
ACT52241.1	tr|A0A5D2H9W7|A0A5D2H9W7_GOSDA	81.141	403	76	0	121007	121409	1	403	0.0	692
ACT52241.1	tr|A0A0A0LIW1|A0A0A0LIW1_CUCSA	78.469	418	89	1	121007	121424	1	417	0.0	691
ACT52241.1	tr|A2AWV9|A2AWV9_PANQU	78.780	410	86	1	121007	121415	1	410	0.0	691
ACT52241.1	tr|A0A6M6A9F8|A0A6M6A9F8_9ROSI	82.097	391	70	0	121007	121397	1	391	0.0	691
ACT52241.1	tr|A0A1U8A906|A0A1U8A906_NELNU	78.870	407	86	0	121007	121413	1	407	0.0	691
ACT52241.1	tr|C7EDC9|C7EDC9_GLYUR	79.469	414	83	2	121007	121420	1	412	0.0	691
ACT52241.1	tr|I1V8B3|I1V8B3_9ROSA	78.155	412	90	0	121007	121418	1	412	0.0	691
ACT52241.1	tr|Q5S266|Q5S266_9APIA	79.024	410	85	1	121007	121415	1	410	0.0	691
ACT52241.1	tr|A0A6P6AEG0|A0A6P6AEG0_DURZI	80.835	407	78	0	121007	121413	1	407	0.0	691
ACT52241.1	tr|A0A6P5Z4P7|A0A6P5Z4P7_DURZI	80.098	407	81	0	121007	121413	1	407	0.0	691
ACT52241.1	tr|A0A0D2PYN9|A0A0D2PYN9_GOSRA	78.860	421	75	1	121007	121413	1	421	0.0	691
ACT52241.1	tr|A0A6J5Y2Q2|A0A6J5Y2Q2_PRUAR	78.657	417	84	1	121007	121418	1	417	0.0	691
ACT52241.1	tr|V7AI48|V7AI48_PHAVU	79.024	410	86	0	121007	121416	1	410	0.0	691
ACT52241.1	tr|A0A6M6A575|A0A6M6A575_CITMA	82.097	391	70	0	121007	121397	1	391	0.0	691
ACT52241.1	tr|D6QX53|D6QX53_GLYUR	79.469	414	83	2	121007	121420	1	412	0.0	691
ACT52241.1	tr|A0A1J6IJ43|A0A1J6IJ43_NICAT	78.624	407	87	0	121007	121413	1	407	0.0	691
ACT52241.1	tr|A4F3P1|A4F3P1_9FABA	79.562	411	83	1	121007	121417	1	410	0.0	691
ACT52241.1	tr|F2XG55|F2XG55_9APIA	79.024	410	85	1	121007	121415	1	410	0.0	691
ACT52241.1	tr|A0A6M6A5L0|A0A6M6A5L0_CITJP	82.353	391	69	0	121007	121397	1	391	0.0	690
ACT52241.1	tr|A0A2R2WEV1|A0A2R2WEV1_MOMCO	79.361	407	84	0	121007	121413	1	407	0.0	690
ACT52241.1	tr|A9XU48|A9XU48_GOSHI	82.776	389	67	0	121007	121395	1	389	0.0	690
ACT52241.1	tr|A0A2R2WEV3|A0A2R2WEV3_9ROSI	79.607	407	83	0	121007	121413	1	407	0.0	690
ACT52241.1	tr|A0A2R2WEW2|A0A2R2WEW2_BENHI	79.853	407	82	0	121007	121413	1	407	0.0	690
ACT52241.1	tr|A0A5D2RDQ8|A0A5D2RDQ8_GOSTO	81.141	403	76	0	121007	121409	1	403	0.0	689
ACT52241.1	tr|A0A2R6R1N1|A0A2R6R1N1_ACTCC	83.721	387	63	0	121007	121393	1	387	0.0	689
ACT52241.1	tr|A0A5D2ZZ78|A0A5D2ZZ78_GOSMU	81.141	403	76	0	121007	121409	1	403	0.0	689
ACT52241.1	tr|C4P9M3|C4P9M3_GYNPE	77.887	407	90	0	121007	121413	1	407	0.0	689
ACT52241.1	tr|D6QX38|D6QX38_GLYUR	82.609	391	68	0	121007	121397	1	391	0.0	689
ACT52241.1	tr|C6KE08|C6KE08_GLYUR	80.435	414	80	1	121007	121420	1	413	0.0	688
ACT52241.1	tr|A0A2G2XNI8|A0A2G2XNI8_CAPBA	78.870	407	86	0	121007	121413	1	407	0.0	688
ACT52241.1	tr|A0A5B6WN50|A0A5B6WN50_9ROSI	81.047	401	64	1	121007	121395	1	401	0.0	688
ACT52241.1	tr|Q42761|Q42761_GLYGL	79.268	410	84	1	121007	121416	1	409	0.0	688
ACT52241.1	tr|A0A2R2WF36|A0A2R2WF36_MOMCH	79.361	407	84	0	121007	121413	1	407	0.0	688
ACT52241.1	tr|A0A1S2YNM6|A0A1S2YNM6_CICAR	79.361	407	84	0	121007	121413	1	407	0.0	688
ACT52241.1	tr|A0A5C7I5V5|A0A5C7I5V5_9ROSI	78.502	414	86	1	121007	121420	1	411	0.0	688
ACT52241.1	tr|F2XG56|F2XG56_9APIA	78.780	410	86	1	121007	121415	1	410	0.0	688
ACT52241.1	tr|A0A247YZX7|A0A247YZX7_9ASTR	78.345	411	88	1	121007	121417	1	410	0.0	687
ACT52241.1	tr|A0A5J5B0H1|A0A5J5B0H1_9ASTE	82.732	388	67	0	121005	121392	41	428	0.0	687
ACT52241.1	tr|A0A2H5PKJ8|A0A2H5PKJ8_CITUN	79.853	407	72	1	121007	121403	1	407	0.0	687
ACT52241.1	tr|D6QX41|D6QX41_GLYUR	82.353	391	69	0	121007	121397	1	391	0.0	687
ACT52241.1	tr|A0A0S3SDP4|A0A0S3SDP4_PHAAN	78.832	411	86	1	121007	121416	1	411	0.0	687
ACT52241.1	tr|A0A251THQ6|A0A251THQ6_HELAN	78.102	411	89	1	121007	121417	1	410	0.0	687
ACT52241.1	tr|A0A2R2WEW6|A0A2R2WEW6_LUFAC	79.361	407	84	0	121007	121413	1	407	0.0	686
ACT52241.1	tr|A0A6M6A6A1|A0A6M6A6A1_CITME	81.586	391	72	0	121007	121397	1	391	0.0	686
ACT52241.1	tr|A0A142K3G9|A0A142K3G9_GLYGL	82.353	391	69	0	121007	121397	1	391	0.0	686
ACT52241.1	tr|A0A247Z014|A0A247Z014_9ASTR	78.102	411	89	1	121007	121417	1	410	0.0	686
ACT52241.1	tr|A0A1D8KVV7|A0A1D8KVV7_MORAL	83.117	385	65	0	121007	121391	1	385	0.0	686
ACT52241.1	tr|A0A6A4MT63|A0A6A4MT63_LUPAL	82.474	388	68	0	121007	121394	1	388	0.0	686
ACT52241.1	tr|D6QX43|D6QX43_GLYUR	82.353	391	69	0	121007	121397	1	391	0.0	686
ACT52241.1	tr|A0A0L9V7B5|A0A0L9V7B5_PHAAN	80.353	397	78	0	121007	121403	1	397	0.0	686
ACT52241.1	tr|A0A6A4R487|A0A6A4R487_LUPAL	82.216	388	69	0	121007	121394	1	388	0.0	686
ACT52241.1	tr|B9WZW7|B9WZW7_EUPTI	82.732	388	67	0	121007	121394	1	388	0.0	686
ACT52241.1	tr|K7NBW9|K7NBW9_SIRGR	79.115	407	85	0	121007	121413	1	407	0.0	685
ACT52241.1	tr|D4NYR1|D4NYR1_BRUGY	78.744	414	87	1	121007	121420	1	413	0.0	685
ACT52241.1	tr|K0E686|K0E686_9ROSI	78.431	408	88	0	121007	121414	1	408	0.0	685
ACT52241.1	tr|A0A6P4ATA1|A0A6P4ATA1_ZIZJJ	78.846	416	85	2	121007	121420	1	415	0.0	685
ACT52241.1	tr|Q42760|Q42760_GLYGL	82.353	391	69	0	121007	121397	1	391	0.0	685
ACT52241.1	tr|S5WCI7|S5WCI7_MALDO	78.883	412	85	1	121007	121418	1	410	0.0	685
ACT52241.1	tr|A0A192YD12|A0A192YD12_SIRGR	79.115	407	85	0	121007	121413	1	407	0.0	685
ACT52241.1	tr|D3K178|D3K178_ARAEL	78.133	407	89	0	121007	121413	1	407	0.0	685
ACT52241.1	tr|A0A445CDW3|A0A445CDW3_ARAHY	80.928	388	74	0	121007	121394	1	388	0.0	684
ACT52241.1	tr|A0A067DLM4|A0A067DLM4_CITSI	83.465	381	63	0	121007	121387	1	381	0.0	684
ACT52241.1	tr|A0A2R2WEZ7|A0A2R2WEZ7_9ROSI	78.870	407	86	0	121007	121413	1	407	0.0	684
ACT52241.1	tr|A0A3N7EY09|A0A3N7EY09_POPTR	79.319	411	84	1	121007	121417	1	410	0.0	684
ACT52241.1	tr|A0A6A5M3R5|A0A6A5M3R5_LUPAL	82.474	388	68	0	121007	121394	1	388	0.0	684
ACT52241.1	tr|D6QX45|D6QX45_GLYUR	82.097	391	70	0	121007	121397	1	391	0.0	684
ACT52241.1	tr|V5N8M3|V5N8M3_PHAVU	79.310	406	84	0	121007	121412	1	406	0.0	684
ACT52241.1	tr|B9RHC3|B9RHC3_RICCO	78.986	414	85	2	121007	121420	1	412	0.0	684
ACT52241.1	tr|A0A4Y7IBE6|A0A4Y7IBE6_PAPSO	80.348	402	79	0	121007	121408	1	402	0.0	684
ACT52241.1	tr|A0A5A7QY45|A0A5A7QY45_STRAF	78.832	411	87	0	121005	121415	6	416	0.0	684
ACT52241.1	tr|A0A1J7IKG7|A0A1J7IKG7_LUPAN	84.392	378	59	0	121007	121384	1	378	0.0	684
ACT52241.1	tr|A0A6P4AXK1|A0A6P4AXK1_ARADU	80.928	388	74	0	121007	121394	1	388	0.0	684
ACT52241.1	tr|A0A067DXZ8|A0A067DXZ8_CITSI	84.574	376	58	0	121007	121382	1	376	0.0	684
ACT52241.1	tr|A0A445CFL6|A0A445CFL6_ARAHY	80.928	388	74	0	121007	121394	1	388	0.0	684
ACT52241.1	tr|A0A6J1L4K6|A0A6J1L4K6_CUCMA	78.624	407	87	0	121007	121413	1	407	0.0	684
ACT52241.1	tr|A0A5B8TZ31|A0A5B8TZ31_9DIPS	79.803	406	82	0	121007	121412	1	406	0.0	684
ACT52241.1	tr|A0A4U5Q9I7|A0A4U5Q9I7_POPAL	81.378	392	73	0	121007	121398	1	392	0.0	683
ACT52241.1	tr|A0A2R2WG76|A0A2R2WG76_CUCMO	78.624	407	87	0	121007	121413	1	407	0.0	683
ACT52241.1	tr|A0A1Q3B357|A0A1Q3B357_CEPFO	77.778	414	91	1	121007	121420	1	413	0.0	683
ACT52241.1	tr|A0A2U8U7L3|A0A2U8U7L3_9LAMI	78.973	409	86	0	121007	121415	1	409	0.0	683
ACT52241.1	tr|A0A0M4KM52|A0A0M4KM52_MORAL	82.597	385	67	0	121007	121391	1	385	0.0	683
ACT52241.1	tr|C7EDD0|C7EDD0_GLYUR	82.097	391	70	0	121007	121397	1	391	0.0	683
ACT52241.1	tr|A2AWW0|A2AWW0_PANQU	78.049	410	89	1	121007	121415	1	410	0.0	682
ACT52241.1	tr|A0A6J1G684|A0A6J1G684_CUCMO	78.624	407	87	0	121007	121413	1	407	0.0	682
ACT52241.1	tr|D6QX40|D6QX40_GLYUR	82.097	391	70	0	121007	121397	1	391	0.0	682
ACT52241.1	tr|A4F3N8|A4F3N8_GLYUR	80.193	414	81	1	121007	121420	1	413	0.0	682
ACT52241.1	sp|A0A1P7Y0A2|SQS10_PANGI	77.561	410	91	1	121007	121415	1	410	0.0	682
ACT52241.1	tr|A0A1I9W041|A0A1I9W041_POPTO	83.246	382	64	0	121007	121388	1	382	0.0	681
ACT52241.1	tr|A0A142IKD0|A0A142IKD0_TRIWF	79.853	407	82	0	121007	121413	1	407	0.0	681
ACT52241.1	tr|A0A5N5FNI5|A0A5N5FNI5_9ROSA	78.155	412	88	1	121007	121418	1	410	0.0	681
ACT52241.1	tr|A0A022RG21|A0A022RG21_ERYGU	78.240	409	89	0	121007	121415	1	409	0.0	680
ACT52241.1	tr|D6QX39|D6QX39_GLYUR	81.841	391	71	0	121007	121397	1	391	0.0	680
ACT52241.1	tr|A0A0D2PZA0|A0A0D2PZA0_GOSRA	82.519	389	62	1	121007	121395	1	383	0.0	679
ACT52241.1	tr|A0A2G5CP11|A0A2G5CP11_AQUCA	78.164	403	88	0	121007	121409	268	670	0.0	679
ACT52241.1	tr|D6QX35|D6QX35_GLYUR	81.841	391	71	0	121007	121397	1	391	0.0	679
ACT52241.1	tr|D6QX44|D6QX44_GLYUR	81.586	391	72	0	121007	121397	1	391	0.0	679
ACT52241.1	tr|A0A6P6W9N5|A0A6P6W9N5_COFAR	78.102	411	89	1	121007	121417	1	410	0.0	679
ACT52241.1	tr|A0A5N6PQF7|A0A5N6PQF7_9ASTR	76.642	411	95	1	121007	121417	1	410	0.0	679
ACT52241.1	tr|A0A068VJH7|A0A068VJH7_COFCA	76.359	423	97	2	121007	121429	1	420	0.0	678
ACT52241.1	tr|A0A0K0VHF1|A0A0K0VHF1_BETPL	80.977	389	74	0	121007	121395	1	389	0.0	678
ACT52241.1	tr|A0A022RUH8|A0A022RUH8_ERYGU	78.484	409	88	0	121007	121415	1	409	0.0	678
ACT52241.1	tr|A0A6A1V3U3|A0A6A1V3U3_9ROSI	80.101	397	79	0	121007	121403	1	397	0.0	678
ACT52241.1	tr|A4F3P0|A4F3P0_9FABA	81.841	391	71	0	121007	121397	1	391	0.0	677
ACT52241.1	tr|A0A2U8J891|A0A2U8J891_TOBAC	80.307	391	77	0	121007	121397	1	391	0.0	677
ACT52241.1	tr|A0A445E2Z2|A0A445E2Z2_ARAHY	83.554	377	62	0	121007	121383	1	377	0.0	677
ACT52241.1	tr|A0A0K2DSF0|A0A0K2DSF0_ASTME	77.561	410	92	0	121007	121416	1	410	0.0	676
ACT52241.1	tr|Q6SYC8|Q6SYC8_ARTAN	76.886	411	94	1	121007	121417	1	410	0.0	676
ACT52241.1	tr|A0A7G5VWJ9|A0A7G5VWJ9_GLYUR	81.330	391	73	0	121007	121397	1	391	0.0	676
ACT52241.1	tr|D6QX37|D6QX37_GLYUR	81.586	391	72	0	121007	121397	1	391	0.0	676
ACT52241.1	tr|A0A5N5N272|A0A5N5N272_9ROSI	80.818	391	75	0	121007	121397	1	391	0.0	676
ACT52241.1	tr|A0A1I9VYJ0|A0A1I9VYJ0_TRIFG	76.570	414	96	1	121007	121420	1	413	0.0	676
ACT52241.1	tr|A0A3G1SVQ0|A0A3G1SVQ0_TARKO	75.912	411	98	1	121007	121417	1	410	0.0	676
ACT52241.1	tr|A0A6B7L8V7|A0A6B7L8V7_PRUVU	76.156	411	98	0	121007	121417	1	411	0.0	675
ACT52241.1	tr|A0A445A8H9|A0A445A8H9_ARAHY	83.024	377	64	0	121007	121383	1	377	0.0	675
ACT52241.1	tr|A0A4D8YHM6|A0A4D8YHM6_SALSN	79.208	404	83	1	121006	121408	17	420	0.0	674
ACT52241.1	tr|O24148|O24148_TOBAC	80.051	391	78	0	121007	121397	1	391	0.0	674
ACT52241.1	tr|G8IGA2|G8IGA2_9APIA	80.879	387	74	0	121007	121393	1	387	0.0	674
ACT52241.1	tr|Q6SYC9|Q6SYC9_ARTAN	76.513	413	96	1	121008	121420	1	412	0.0	674
ACT52241.1	tr|A0A1S6LNR5|A0A1S6LNR5_SECED	77.641	407	91	0	121007	121413	1	407	0.0	674
ACT52241.1	tr|D6QX42|D6QX42_GLYUR	81.586	391	71	1	121007	121397	1	390	0.0	674
ACT52241.1	tr|A0A2C9W375|A0A2C9W375_MANES	81.912	387	70	0	121007	121393	1	387	0.0	674
ACT52241.1	tr|A0A6J1FU93|A0A6J1FU93_CUCMO	78.378	407	88	0	121007	121413	1	407	0.0	673
ACT52241.1	tr|A0A0M4BCB5|A0A0M4BCB5_9APIA	80.051	391	78	0	121007	121397	1	391	0.0	673
ACT52241.1	tr|A0A2G3BW22|A0A2G3BW22_CAPCH	80.051	391	78	0	121007	121397	1	391	0.0	673
ACT52241.1	tr|A0A1U8E082|A0A1U8E082_CAPAN	80.051	391	78	0	121007	121397	1	391	0.0	672
ACT52241.1	tr|F4YF86|F4YF86_PANQU	80.620	387	75	0	121007	121393	1	387	0.0	672
ACT52241.1	tr|Q9XF02|Q9XF02_CAPAN	80.051	391	78	0	121007	121397	1	391	0.0	672
ACT52241.1	tr|A0A1S3ZVP7|A0A1S3ZVP7_TOBAC	79.795	391	79	0	121007	121397	1	391	0.0	672
ACT52241.1	tr|D6QX47|D6QX47_GLYUR	81.586	391	71	1	121007	121397	1	390	0.0	672
ACT52241.1	tr|A0A1U7YHG1|A0A1U7YHG1_NICSY	79.795	391	79	0	121007	121397	1	391	0.0	672
ACT52241.1	tr|E9NX72|E9NX72_ASTME	77.916	403	89	0	121007	121409	1	403	0.0	672
ACT52241.1	tr|G0TEG7|G0TEG7_BACMN	82.292	384	68	0	121007	121390	1	384	0.0	672
ACT52241.1	tr|Q3LRW9|Q3LRW9_9APIA	80.620	387	75	0	121007	121393	1	387	0.0	672
ACT52241.1	tr|A0A1S3ZXV5|A0A1S3ZXV5_TOBAC	79.540	391	80	0	121007	121397	1	391	0.0	672
ACT52241.1	tr|A0A140DJS0|A0A140DJS0_9MAGN	75.676	407	99	0	121007	121413	1	407	0.0	672
ACT52241.1	tr|E9NPB3|E9NPB3_ASTME	77.916	403	89	0	121007	121409	1	403	0.0	671
ACT52241.1	tr|A0A2J6K2K3|A0A2J6K2K3_LACSA	79.177	389	81	0	121007	121395	1	389	0.0	671
ACT52241.1	tr|A0A076V6U7|A0A076V6U7_9APIA	80.103	387	77	0	121007	121393	1	387	0.0	671
ACT52241.1	tr|Q9XJ31|Q9XJ31_SOLTU	79.795	391	79	0	121007	121397	1	391	0.0	671
ACT52241.1	tr|A0A6J1JGC1|A0A6J1JGC1_CUCMA	76.555	418	97	1	121007	121424	1	417	0.0	671
ACT52241.1	tr|A0A2Z2CDP0|A0A2Z2CDP0_9SOLA	75.184	407	101	0	121007	121413	1	407	0.0	670
ACT52241.1	tr|Q8GSL6|Q8GSL6_MEDTR	76.329	414	97	1	121007	121420	1	413	0.0	670
ACT52241.1	tr|A0A484L699|A0A484L699_9ASTE	79.188	394	82	0	121007	121400	1	394	0.0	670
ACT52241.1	tr|A0A3Q7ETS2|A0A3Q7ETS2_SOLLC	80.051	391	78	0	121007	121397	1	391	0.0	670
ACT52241.1	sp|D2K762|SQS3_PANGI	80.928	388	73	1	121007	121393	1	388	0.0	669
ACT52241.1	sp|D0VFU8|SLSS_SOLLC	80.051	391	78	0	121007	121397	1	391	0.0	669
ACT52241.1	tr|M4H273|M4H273_SALMI	78.660	403	85	1	121007	121408	1	403	0.0	669
ACT52241.1	tr|A0A4Y7K3I4|A0A4Y7K3I4_PAPSO	83.777	376	61	0	121007	121382	1	376	0.0	669
ACT52241.1	tr|M4WQU5|M4WQU5_9APIA	80.362	387	76	0	121007	121393	1	387	0.0	669
ACT52241.1	tr|A0A484L746|A0A484L746_9ASTE	78.680	394	84	0	121007	121400	76	469	0.0	669
ACT52241.1	tr|H2BNL6|H2BNL6_SOLTU	79.540	391	80	0	121007	121397	1	391	0.0	668
ACT52241.1	tr|A0A6S7N2J1|A0A6S7N2J1_LACSI	79.177	389	81	0	121007	121395	1	389	0.0	668
ACT52241.1	tr|A0A0S2I7W7|A0A0S2I7W7_9APIA	80.362	387	76	0	121007	121393	1	387	0.0	668
ACT52241.1	sp|O48666|SQS1_PANGI	80.103	387	77	0	121007	121393	1	387	0.0	668
ACT52241.1	tr|A0A2G5CNZ8|A0A2G5CNZ8_AQUCA	79.337	392	81	0	121007	121398	268	659	0.0	667
ACT52241.1	tr|A0A6N2BB81|A0A6N2BB81_SOLCI	79.795	391	79	0	121007	121397	1	391	0.0	667
ACT52241.1	tr|A0A6I9TZA3|A0A6I9TZA3_SESIN	81.395	387	72	0	121007	121393	1	387	0.0	667
ACT52241.1	tr|C5I7U0|C5I7U0_SALMI	78.660	403	85	1	121007	121408	1	403	0.0	667
ACT52241.1	tr|H2BNL7|H2BNL7_SOLTU	79.284	391	81	0	121007	121397	1	391	0.0	666
ACT52241.1	tr|A0A2P5VVN0|A0A2P5VVN0_GOSBA	74.371	437	82	3	121007	121413	1	437	0.0	666
ACT52241.1	tr|A0A2G5CP00|A0A2G5CP00_AQUCA	79.337	392	81	0	121007	121398	268	659	0.0	666
ACT52241.1	tr|H9L9T8|H9L9T8_9SOLA	75.550	409	98	1	121007	121413	1	409	0.0	665
ACT52241.1	sp|P53800|FDFT_NICBE	79.028	391	82	0	121007	121397	1	391	0.0	665
ACT52241.1	tr|U5KKM1|U5KKM1_SOLNI	78.772	391	83	0	121007	121397	1	391	0.0	665
ACT52241.1	tr|V4LST4|V4LST4_EUTSA	77.228	404	88	2	121007	121406	1	404	0.0	665
ACT52241.1	tr|I1Z8B6|I1Z8B6_AZAIN	80.769	390	74	1	121028	121417	1	389	0.0	664
ACT52241.1	sp|A0A1P7Y0D0|SQS13_PANGI	79.587	387	79	0	121007	121393	1	387	0.0	664
ACT52241.1	sp|A0A1P7Y0D4|SQS11_PANGI	79.897	388	77	1	121007	121393	1	388	0.0	664
ACT52241.1	tr|A0A4U5NN27|A0A4U5NN27_POPAL	78.643	398	85	0	121007	121404	1	398	0.0	664
ACT52241.1	tr|A0A1B0THI7|A0A1B0THI7_ARTAN	75.669	411	99	1	121007	121417	1	410	0.0	664
ACT52241.1	tr|Q9FUK1|Q9FUK1_ARTAN	75.669	411	99	1	121007	121417	1	410	0.0	664
ACT52241.1	sp|A0A1P7Y0A8|SQS12_PANGI	79.587	387	79	0	121007	121393	1	387	0.0	664
ACT52241.1	tr|I3S9I1|I3S9I1_MEDTR	75.845	414	99	1	121007	121420	1	413	0.0	663
ACT52241.1	tr|A0A2Z7ARQ0|A0A2Z7ARQ0_9LAMI	82.447	376	66	0	121007	121382	1	376	0.0	662
ACT52241.1	tr|A0A6J1FXS8|A0A6J1FXS8_CUCMO	80.206	389	77	0	121007	121395	1	389	0.0	662
ACT52241.1	tr|A0A2Z6NE73|A0A2Z6NE73_TRISU	82.574	373	65	0	121007	121379	1	373	0.0	662
ACT52241.1	tr|H2BNL9|H2BNL9_SOLCH	79.028	391	82	0	121007	121397	1	391	0.0	661
ACT52241.1	tr|A0A1J3DCN5|A0A1J3DCN5_NOCCA	75.422	415	98	3	121007	121419	1	413	0.0	661
ACT52241.1	tr|A0A2Z6PE52|A0A2Z6PE52_TRISU	82.574	373	65	0	121007	121379	1	373	0.0	661
ACT52241.1	tr|A0A1J3GRP8|A0A1J3GRP8_NOCCA	75.422	415	98	3	121007	121419	1	413	0.0	660
ACT52241.1	tr|A0A087GJP5|A0A087GJP5_ARAAL	77.206	408	90	2	121007	121412	1	407	0.0	660
ACT52241.1	tr|A0A6J1JEC3|A0A6J1JEC3_CUCMA	80.206	389	77	0	121007	121395	1	389	0.0	660
ACT52241.1	tr|A0A1J3IIT0|A0A1J3IIT0_NOCCA	75.422	415	98	3	121007	121419	1	413	0.0	660
ACT52241.1	tr|W9SSB5|W9SSB5_9ROSA	82.383	386	68	0	121007	121392	1	386	0.0	660
ACT52241.1	tr|A0A6D2HVU9|A0A6D2HVU9_9BRAS	74.463	419	103	3	121003	121419	45	461	0.0	659
ACT52241.1	tr|A0A397YKK9|A0A397YKK9_BRACM	76.716	408	92	2	121007	121412	1	407	0.0	659
ACT52241.1	tr|A0A2L0V4L3|A0A2L0V4L3_TRAAM	77.949	390	86	0	121007	121396	1	390	0.0	658
ACT52241.1	tr|R0F5H9|R0F5H9_9BRAS	75.181	415	99	3	121007	121419	1	413	0.0	658
ACT52241.1	tr|A0A218X5T1|A0A218X5T1_PUNGR	77.778	414	85	2	121007	121420	1	407	0.0	658
ACT52241.1	tr|A0A0D3BLC7|A0A0D3BLC7_BRAOL	76.471	408	93	2	121007	121412	1	407	0.0	657
ACT52241.1	tr|A0A6P5N6U0|A0A6P5N6U0_ARADU	78.827	392	82	1	121028	121419	1	391	0.0	657
ACT52241.1	tr|A0A0K0MGD8|A0A0K0MGD8_SALMI	78.261	391	85	0	121007	121397	1	391	0.0	656
ACT52241.1	tr|M4H1H3|M4H1H3_SALMI	78.261	391	85	0	121007	121397	1	391	0.0	656
ACT52241.1	tr|A0A103XTL9|A0A103XTL9_CYNCS	75.912	411	84	2	121007	121417	1	396	0.0	656
ACT52241.1	tr|A0A1J3EFZ1|A0A1J3EFZ1_NOCCA	76.238	404	91	2	121007	121405	1	404	0.0	656
ACT52241.1	tr|A0A565C9Q8|A0A565C9Q8_9BRAS	76.543	405	90	2	121007	121406	1	405	0.0	655
ACT52241.1	sp|A0A1P7Y0C9|SQS8_PANGI	81.117	376	71	0	121007	121382	1	376	0.0	655
ACT52241.1	tr|A0A6P6AEA8|A0A6P6AEA8_DURZI	80.570	386	75	0	121028	121413	1	386	0.0	655
ACT52241.1	tr|D0ETI8|D0ETI8_BUPCH	77.436	390	88	0	121007	121396	1	390	0.0	655
ACT52241.1	tr|A0A6J0KIP0|A0A6J0KIP0_RAPSA	75.980	408	95	2	121007	121412	1	407	0.0	654
ACT52241.1	tr|D0ETJ1|D0ETJ1_BUPCH	77.179	390	89	0	121007	121396	1	390	0.0	653
ACT52241.1	tr|A0A178UT28|A0A178UT28_ARATH	75.490	408	97	2	121007	121412	1	407	0.0	652
ACT52241.1	tr|A0A1P7Y094|A0A1P7Y094_PANGI	74.101	417	78	1	121007	121393	1	417	0.0	652
ACT52241.1	tr|A0A144IM03|A0A144IM03_9APIA	78.553	387	83	0	121007	121393	1	387	0.0	652
ACT52241.1	tr|A0A1P7Y0C6|A0A1P7Y0C6_PANGI	74.341	417	77	1	121007	121393	1	417	0.0	652
ACT52241.1	tr|A0A1D8RGA9|A0A1D8RGA9_ALBBR	74.265	408	105	0	121007	121414	1	408	0.0	652
ACT52241.1	tr|A0A0X9WHR6|A0A0X9WHR6_NIGSA	76.060	401	96	0	121007	121407	1	401	0.0	651
ACT52241.1	tr|D7MEB9|D7MEB9_ARALL	75.245	408	98	2	121007	121412	1	407	0.0	651
ACT52241.1	sp|P53799|FDFT1_ARATH	75.245	408	98	2	121007	121412	1	407	0.0	651
ACT52241.1	tr|A0A4D8YU74|A0A4D8YU74_SALSN	77.806	392	87	0	121007	121398	1	392	0.0	650
ACT52241.1	tr|A0A5N5LFE0|A0A5N5LFE0_9ROSI	71.689	438	73	1	121007	121393	1	438	0.0	650
ACT52241.1	tr|A0A0A1CLJ9|A0A0A1CLJ9_MATCR	77.892	389	86	0	121007	121395	1	389	0.0	650
ACT52241.1	tr|A0A1V0CTE2|A0A1V0CTE2_LEPAP	75.000	408	99	2	121007	121412	1	407	0.0	650
ACT52241.1	tr|A0A3S3MMH1|A0A3S3MMH1_9MAGN	75.430	407	99	1	121007	121413	1	406	0.0	650
ACT52241.1	tr|D0ETJ0|D0ETJ0_BUPCH	76.982	391	89	1	121007	121396	1	391	0.0	649
ACT52241.1	tr|A0A6J0MG93|A0A6J0MG93_RAPSA	75.735	408	96	2	121007	121412	1	407	0.0	649
ACT52241.1	tr|A0A398AL44|A0A398AL44_BRACM	75.000	408	98	2	121007	121412	1	406	0.0	647
ACT52241.1	tr|A0A078FXL1|A0A078FXL1_BRANA	73.821	424	92	3	121007	121412	1	423	0.0	647
ACT52241.1	tr|Q32R64|Q32R64_BUPFA	76.726	391	90	1	121007	121396	1	391	0.0	646
ACT52241.1	tr|D3YHM9|D3YHM9_9SOLA	74.447	407	104	0	121007	121413	1	407	0.0	646
ACT52241.1	tr|A0A4D8YU32|A0A4D8YU32_SALSN	77.157	394	90	0	121004	121397	27	420	0.0	645
ACT52241.1	tr|A0A3P6BWQ8|A0A3P6BWQ8_BRAOL	73.585	424	93	3	121007	121412	1	423	0.0	645
ACT52241.1	tr|A0A314KMA5|A0A314KMA5_NICAT	77.519	387	87	0	121007	121393	1	387	0.0	644
ACT52241.1	tr|A0A6P5F776|A0A6P5F776_ANACO	76.289	388	92	0	121007	121394	1	388	0.0	644
ACT52241.1	tr|A0A397L0G7|A0A397L0G7_BRACM	74.755	408	100	2	121007	121412	1	407	0.0	643
ACT52241.1	tr|V5KA55|V5KA55_PARPY	73.566	401	106	0	121007	121407	1	401	0.0	640
ACT52241.1	tr|A0A1S4BZZ6|A0A1S4BZZ6_TOBAC	76.744	387	90	0	121007	121393	1	387	0.0	640
ACT52241.1	tr|A0A1U7V2S2|A0A1U7V2S2_NICSY	76.744	387	90	0	121007	121393	1	387	0.0	640
ACT52241.1	tr|A0A2Z2BGH2|A0A2Z2BGH2_9LILI	74.201	407	104	1	121007	121413	1	406	0.0	640
ACT52241.1	tr|A0A2H3YCB3|A0A2H3YCB3_PHODC	75.443	395	97	0	121007	121401	1	395	0.0	639
ACT52241.1	tr|A0A2H3YAA1|A0A2H3YAA1_PHODC	76.413	407	95	1	121007	121413	1	406	0.0	639
ACT52241.1	tr|A0A6A6NBM8|A0A6A6NBM8_HEVBR	78.663	389	78	2	121007	121393	1	386	0.0	639
ACT52241.1	tr|A0A3G3C7U8|A0A3G3C7U8_9MAGN	72.973	407	109	1	121007	121413	1	406	0.0	639
ACT52241.1	tr|A0A3G3C7U6|A0A3G3C7U6_9MAGN	72.973	407	109	1	121007	121413	1	406	0.0	639
ACT52241.1	tr|A0A3G3C7V3|A0A3G3C7V3_9MAGN	72.727	407	110	1	121007	121413	1	406	0.0	638
ACT52241.1	tr|A0A6V7QBZ2|A0A6V7QBZ2_ANACO	75.773	388	94	0	121007	121394	1	388	0.0	637
ACT52241.1	tr|A0A6A6LPC0|A0A6A6LPC0_HEVBR	79.028	391	76	1	121007	121397	1	385	0.0	637
ACT52241.1	tr|A0A6J0N2T0|A0A6J0N2T0_RAPSA	73.775	408	104	2	121007	121412	1	407	0.0	637
ACT52241.1	tr|A0A3P6BGY0|A0A3P6BGY0_BRACM	71.136	440	92	4	121007	121412	1	439	0.0	636
ACT52241.1	tr|A0A445HKJ4|A0A445HKJ4_GLYSO	74.634	410	74	1	121007	121416	1	380	0.0	636
ACT52241.1	tr|A0A2H3YCP3|A0A2H3YCP3_PHODC	76.546	388	91	0	121007	121394	1	388	0.0	635
ACT52241.1	tr|I6Z427|I6Z427_9ASPA	76.485	404	94	1	121007	121409	1	404	0.0	635
ACT52241.1	tr|A0A151RIM0|A0A151RIM0_CAJCA	85.838	346	49	0	121007	121352	1	346	0.0	635
ACT52241.1	tr|D0ETI9|D0ETI9_BUPCH	75.448	391	95	1	121007	121396	1	391	0.0	635
ACT52241.1	tr|A0A6I9RZ81|A0A6I9RZ81_ELAGV	77.922	385	85	0	121007	121391	1	385	0.0	634
ACT52241.1	tr|A0A1S3WYJ8|A0A1S3WYJ8_TOBAC	76.227	387	92	0	121007	121393	1	387	0.0	634
ACT52241.1	tr|M4F0P6|M4F0P6_BRARP	70.615	439	95	3	121007	121412	1	438	0.0	634
ACT52241.1	tr|A0A0R0HFK5|A0A0R0HFK5_SOYBN	85.838	346	49	0	121007	121352	1	346	0.0	633
ACT52241.1	tr|Q506K2|Q506K2_DATIN	81.096	365	69	0	121031	121395	2	366	0.0	632
ACT52241.1	tr|A0A3P6EMC2|A0A3P6EMC2_BRAOL	70.023	437	99	3	121007	121412	1	436	0.0	632
ACT52241.1	tr|A0A6B7L982|A0A6B7L982_PRUVU	75.969	387	93	0	121007	121393	1	387	0.0	630
ACT52241.1	tr|A0A0D3DHP9|A0A0D3DHP9_BRAOL	70.023	437	99	3	121007	121412	1	436	0.0	630
ACT52241.1	tr|A0A4P1R166|A0A4P1R166_LUPAN	77.320	388	79	2	121007	121394	1	379	0.0	629
ACT52241.1	tr|A0A6N2L410|A0A6N2L410_SALVM	74.209	411	102	2	121007	121417	1	407	0.0	629
ACT52241.1	tr|A0A4D9AA07|A0A4D9AA07_SALSN	71.158	423	90	1	121007	121397	1	423	0.0	629
ACT52241.1	tr|R9TIU1|R9TIU1_9LILI	75.835	389	94	0	121007	121395	1	389	0.0	628
ACT52241.1	tr|A0A3N6SXH7|A0A3N6SXH7_BRACR	74.817	409	91	4	121007	121412	1	400	0.0	627
ACT52241.1	tr|M0ZV25|M0ZV25_SOLTU	74.677	387	98	0	121007	121393	1	387	0.0	626
ACT52241.1	tr|A0A3L6S9F8|A0A3L6S9F8_PANMI	70.616	422	118	2	120991	121412	69	484	0.0	624
ACT52241.1	tr|A0A1D1Z5K1|A0A1D1Z5K1_9ARAE	71.358	405	116	0	121006	121410	80	484	0.0	624
ACT52241.1	tr|A0A540MKV2|A0A540MKV2_MALBA	84.104	346	55	0	121007	121352	1	346	0.0	620
ACT52241.1	tr|A0A0D9W0C0|A0A0D9W0C0_9ORYZ	73.116	398	105	1	121012	121409	2	397	0.0	620
ACT52241.1	tr|A0A2I0A8V4|A0A2I0A8V4_9ASPA	71.216	403	116	0	121007	121409	1	403	0.0	620
ACT52241.1	tr|A0A5C1H8U1|A0A5C1H8U1_ALOVR	76.596	376	88	0	121007	121382	1	376	0.0	620
ACT52241.1	tr|A0A0D9W0B9|A0A0D9W0B9_9ORYZ	73.116	398	105	1	121012	121409	2	397	0.0	619
ACT52241.1	tr|A0A251SCQ3|A0A251SCQ3_HELAN	69.660	412	124	1	121006	121417	40	450	0.0	619
ACT52241.1	tr|A0A5B7A5N0|A0A5B7A5N0_DAVIN	72.749	411	77	3	121007	121417	1	376	0.0	619
ACT52241.1	tr|A0A022RCR5|A0A022RCR5_ERYGU	84.104	346	55	0	121007	121352	1	346	0.0	619
ACT52241.1	tr|A0A3P5ZMV9|A0A3P5ZMV9_BRACM	73.284	408	94	3	121007	121412	1	395	0.0	618
ACT52241.1	tr|M4D4Z1|M4D4Z1_BRARP	73.284	408	94	3	121007	121412	1	395	0.0	618
ACT52241.1	tr|W1P0F0|W1P0F0_AMBTC	74.805	385	97	0	121007	121391	1	385	0.0	616
ACT52241.1	tr|A0A317YBW1|A0A317YBW1_MAIZE	70.968	403	114	2	121010	121412	1	400	0.0	616
ACT52241.1	tr|B4F9F4|B4F9F4_MAIZE	70.720	403	115	2	121010	121412	1	400	0.0	616
ACT52241.1	tr|A0A1U8EBK8|A0A1U8EBK8_CAPAN	73.643	387	102	0	121007	121393	1	387	0.0	615
ACT52241.1	tr|V5QRI7|V5QRI7_9LILI	70.025	407	122	0	121007	121413	1	407	0.0	614
ACT52241.1	tr|A0A385AJK6|A0A385AJK6_9LILI	69.779	407	123	0	121007	121413	1	407	0.0	614
ACT52241.1	tr|A0A6S7P9V8|A0A6S7P9V8_LACSI	69.136	405	124	1	121006	121409	5	409	0.0	614
ACT52241.1	tr|A0A1D6L8A9|A0A1D6L8A9_MAIZE	70.720	403	115	2	121010	121412	1	400	0.0	613
ACT52241.1	tr|A0A3N6Q4G3|A0A3N6Q4G3_BRACR	72.549	408	97	3	121007	121412	1	395	0.0	613
ACT52241.1	tr|C5WW75|C5WW75_SORBI	70.968	403	114	2	121010	121412	1	400	0.0	613
ACT52241.1	tr|A0A2T7BZJ5|A0A2T7BZJ5_9POAL	72.705	403	107	2	121010	121412	1	400	0.0	613
ACT52241.1	tr|M0S7D9|M0S7D9_MUSAM	71.500	400	113	1	121002	121401	69	467	0.0	611
ACT52241.1	tr|O22106|O22106_MAIZE	71.250	400	112	2	121010	121409	1	397	0.0	611
ACT52241.1	tr|A0A0D9W0C1|A0A0D9W0C1_9ORYZ	74.160	387	98	1	121012	121398	2	386	0.0	610
ACT52241.1	tr|A0A2S3IHR2|A0A2S3IHR2_9POAL	72.457	403	108	2	121010	121412	1	400	0.0	610
ACT52241.1	tr|K9RZQ7|K9RZQ7_ALIPL	72.704	392	107	0	121007	121398	1	392	0.0	610
ACT52241.1	tr|A0A1D1Z163|A0A1D1Z163_9ARAE	68.558	423	113	2	121006	121409	80	501	0.0	610
ACT52241.1	tr|A0A3P6AIY0|A0A3P6AIY0_BRACM	72.059	408	101	3	121007	121412	1	397	0.0	609
ACT52241.1	tr|A0A078I5G6|A0A078I5G6_BRANA	72.059	408	101	3	121007	121412	1	397	0.0	609
ACT52241.1	tr|A0A221ZS49|A0A221ZS49_9LILI	69.975	403	121	0	121007	121409	1	403	0.0	609
ACT52241.1	tr|A0A3L6ESP6|A0A3L6ESP6_MAIZE	73.265	389	101	2	121010	121398	1	386	0.0	608
ACT52241.1	tr|A0A3P6FR00|A0A3P6FR00_BRAOL	75.521	384	81	2	121007	121388	1	373	0.0	608
ACT52241.1	tr|A0A220T7K9|A0A220T7K9_9POAL	70.720	403	115	2	121010	121412	1	400	0.0	608
ACT52241.1	tr|A0A0D3A1Y4|A0A0D3A1Y4_BRAOL	75.521	384	81	2	121007	121388	1	373	0.0	607
ACT52241.1	tr|A0A565C9L7|A0A565C9L7_9BRAS	70.048	414	120	3	121007	121417	1	413	0.0	607
ACT52241.1	tr|A0A5J9WAV5|A0A5J9WAV5_9POAL	74.093	386	97	2	121010	121395	1	383	0.0	605
ACT52241.1	tr|A0A1D6L8A7|A0A1D6L8A7_MAIZE	68.019	419	115	3	121010	121412	1	416	0.0	604
ACT52241.1	tr|V4MLP0|V4MLP0_EUTSA	74.142	379	96	1	121007	121383	1	379	0.0	604
ACT52241.1	tr|A0A0V0IHU7|A0A0V0IHU7_SOLCH	80.802	349	67	0	121049	121397	1	349	0.0	603
ACT52241.1	tr|A0A5P1FAN8|A0A5P1FAN8_ASPOF	72.304	408	107	1	121007	121414	1	402	0.0	603
ACT52241.1	tr|A0A4U6T1T7|A0A4U6T1T7_SETVI	73.575	386	99	2	121010	121395	1	383	0.0	602
ACT52241.1	tr|A0A6G1DIM4|A0A6G1DIM4_9ORYZ	73.879	379	99	0	121012	121390	2	380	0.0	602
ACT52241.1	tr|A0A1J6JES4|A0A1J6JES4_NICAT	70.762	407	111	2	121007	121413	1	399	0.0	602
ACT52241.1	tr|J3LTW3|J3LTW3_ORYBR	73.316	386	103	0	121012	121397	2	387	0.0	601
ACT52241.1	tr|A0A3G1SVP2|A0A3G1SVP2_TARKO	69.059	404	124	1	121007	121409	1	404	0.0	601
ACT52241.1	tr|A0A5N5LFV1|A0A5N5LFV1_9ROSI	68.481	441	85	2	121007	121396	1	438	0.0	601
ACT52241.1	tr|O22105|O22105_ORYSJ	72.680	388	104	1	121012	121399	2	387	0.0	601
ACT52241.1	tr|Q0DMJ9|Q0DMJ9_ORYSJ	72.680	388	104	1	121012	121399	2	387	0.0	601
ACT52241.1	tr|I1PGH0|I1PGH0_ORYGL	72.680	388	104	1	121012	121399	2	387	0.0	601
ACT52241.1	tr|A0A1D6L8A5|A0A1D6L8A5_MAIZE	72.237	389	105	2	121010	121398	1	386	0.0	600
ACT52241.1	tr|A0A287SNW6|A0A287SNW6_HORVV	68.550	407	127	1	121006	121412	107	512	0.0	599
ACT52241.1	tr|A0A075BHT4|A0A075BHT4_DENOF	70.149	402	120	0	121007	121408	1	402	0.0	598
ACT52241.1	tr|A0A3B6KPV2|A0A3B6KPV2_WHEAT	70.398	402	116	2	121012	121412	2	401	0.0	597
ACT52241.1	tr|A0A446TJU0|A0A446TJU0_TRITD	70.398	402	116	2	121012	121412	2	401	0.0	597
ACT52241.1	tr|A0A287SNX0|A0A287SNX0_HORVV	68.550	407	127	1	121006	121412	56	461	0.0	597
ACT52241.1	tr|A0A0K9NJM3|A0A0K9NJM3_ZOSMR	70.951	389	112	1	121007	121394	1	389	0.0	595
ACT52241.1	tr|A0A3B6LVJ0|A0A3B6LVJ0_WHEAT	69.576	401	121	1	121012	121412	2	401	0.0	595
ACT52241.1	tr|A0A067DQQ7|A0A067DQQ7_CITSI	87.382	317	40	0	121007	121323	1	317	0.0	594
ACT52241.1	tr|K4A9V1|K4A9V1_SETIT	68.160	424	120	5	121010	121421	1	421	0.0	594
ACT52241.1	tr|A0A446USE8|A0A446USE8_TRITD	69.576	401	121	1	121012	121412	2	401	0.0	594
ACT52241.1	tr|B9F6K0|B9F6K0_ORYSJ	70.854	398	104	2	121012	121399	2	397	0.0	593
ACT52241.1	tr|F2CXY9|F2CXY9_HORVV	69.327	401	122	1	121012	121412	2	401	0.0	593
ACT52241.1	tr|A0A1I9ZKB2|A0A1I9ZKB2_GINBI	69.608	408	120	2	121007	121410	1	408	0.0	592
ACT52241.1	tr|A0A453M5C4|A0A453M5C4_AEGTS	69.652	402	119	2	121012	121412	2	401	0.0	592
ACT52241.1	tr|A0A3B6MYT5|A0A3B6MYT5_WHEAT	69.403	402	120	2	121012	121412	2	401	0.0	592
ACT52241.1	tr|A0A1S3ZZW4|A0A1S3ZZW4_TOBAC	70.343	408	114	2	121007	121413	1	402	0.0	591
ACT52241.1	tr|A0A1U7V652|A0A1U7V652_NICSY	70.343	408	114	2	121007	121413	1	402	0.0	591
ACT52241.1	tr|A0A5J9W894|A0A5J9W894_9POAL	70.769	390	112	1	121010	121399	1	388	0.0	590
ACT52241.1	tr|A0A446USG2|A0A446USG2_TRITD	68.889	405	121	2	121012	121412	2	405	0.0	589
ACT52241.1	tr|K4AAI5|K4AAI5_SETIT	71.285	397	100	4	121010	121395	1	394	0.0	587
ACT52241.1	tr|A0A6G1D3N6|A0A6G1D3N6_9ORYZ	69.797	394	115	2	121007	121400	1	390	0.0	587
ACT52241.1	tr|A0A0N7BW90|A0A0N7BW90_AMAHY	100.000	289	0	0	49604	49892	1	289	0.0	587
ACT52241.1	tr|W8Q8I3|W8Q8I3_AMASP	98.630	292	4	0	49603	49894	28	319	0.0	586
ACT52241.1	tr|A0A446TJV2|A0A446TJV2_TRITD	73.854	371	97	0	121012	121382	2	372	0.0	585
ACT52241.1	tr|W8Q9H2|W8Q9H2_AMASP	98.630	292	4	0	49603	49894	28	319	0.0	585
ACT52241.1	tr|A0A0N6WBX4|A0A0N6WBX4_AMAPO	99.654	289	1	0	49604	49892	1	289	0.0	585
ACT52241.1	tr|A0A2P2LV69|A0A2P2LV69_RHIMU	86.604	321	42	1	121007	121326	1	321	0.0	585
ACT52241.1	tr|W8R3N7|W8R3N7_AMASP	98.288	292	5	0	49603	49894	28	319	0.0	585
ACT52241.1	tr|C8YXI6|C8YXI6_AMAPA	98.630	292	4	0	49603	49894	29	320	0.0	585
ACT52241.1	tr|A0A453M5D7|A0A453M5D7_AEGTS	72.995	374	101	0	121012	121385	2	375	0.0	584
ACT52241.1	tr|M0ZV23|M0ZV23_SOLTU	72.063	383	100	1	121007	121382	1	383	0.0	584
ACT52241.1	tr|A0A6G1D3N4|A0A6G1D3N4_9ORYZ	72.074	376	103	1	121007	121382	1	374	0.0	583
ACT52241.1	tr|M1K5H3|M1K5H3_AMAPA	98.630	292	4	0	49603	49894	21	312	0.0	583
ACT52241.1	tr|A0A087GJP6|A0A087GJP6_ARAAL	71.111	405	111	3	121007	121405	1	405	0.0	583
ACT52241.1	tr|A0A2I0W8D1|A0A2I0W8D1_9ASPA	66.667	408	136	0	121002	121409	5	412	0.0	583
ACT52241.1	tr|A0A446USF2|A0A446USF2_TRITD	68.828	401	122	2	121012	121412	2	399	0.0	583
ACT52241.1	tr|K4AB52|K4AB52_SETIT	72.396	384	94	3	121010	121382	1	383	0.0	583
ACT52241.1	tr|M1K439|M1K439_AMAPA	98.630	292	4	0	49603	49894	21	312	0.0	583
ACT52241.1	tr|A0A6A3C5U9|A0A6A3C5U9_HIBSY	78.187	353	75	1	121007	121359	1	351	0.0	582
ACT52241.1	tr|A0A2C9V1B0|A0A2C9V1B0_MANES	87.342	316	40	0	121007	121322	1	316	0.0	582
ACT52241.1	tr|I1GLZ2|I1GLZ2_BRADI	70.984	386	109	2	121010	121395	1	383	0.0	581
ACT52241.1	tr|A0A0D9WWK9|A0A0D9WWK9_9ORYZ	67.322	407	129	3	121007	121412	1	404	0.0	580
ACT52241.1	tr|C8YXI5|C8YXI5_AMAPA	97.945	292	6	0	49603	49894	29	320	0.0	580
ACT52241.1	tr|A0A0N7BV26|A0A0N7BV26_AMARE	98.616	289	4	0	49604	49892	1	289	0.0	579
ACT52241.1	tr|W6D7A6|W6D7A6_PINMS	70.284	387	115	0	121007	121393	1	387	0.0	578
ACT52241.1	tr|A0A142K486|A0A142K486_AMAVI	97.260	292	8	0	49603	49894	28	319	0.0	578
ACT52241.1	tr|C8YYL6|C8YYL6_AMATU	96.918	292	9	0	49603	49894	29	320	0.0	577
ACT52241.1	tr|C8YYL7|C8YYL7_AMATU	96.918	292	9	0	49603	49894	29	320	0.0	577
ACT52241.1	tr|M4DMD4|M4DMD4_BRARP	69.118	408	93	3	121007	121412	1	377	0.0	576
ACT52241.1	tr|V4RQF7|V4RQF7_CITCL	82.209	326	58	0	121072	121397	9	334	0.0	576
ACT52241.1	tr|A0A1S4A059|A0A1S4A059_TOBAC	73.404	376	99	1	121007	121381	1	376	0.0	575
ACT52241.1	tr|A0A6N2LEU4|A0A6N2LEU4_SALVM	78.324	346	72	1	121007	121352	1	343	0.0	572
ACT52241.1	tr|A0A061DYM0|A0A061DYM0_THECC	88.119	303	36	0	121049	121351	1	303	0.0	572
ACT52241.1	tr|A0A6D2HEB2|A0A6D2HEB2_9BRAS	69.393	379	114	1	121007	121383	1	379	0.0	572
ACT52241.1	tr|A0A6D2LFL4|A0A6D2LFL4_9BRAS	70.312	384	112	1	121007	121388	3	386	0.0	570
ACT52241.1	tr|A0A446TK20|A0A446TK20_TRITD	72.507	371	97	1	121012	121382	2	367	0.0	569
ACT52241.1	tr|A0A0A0RR94|A0A0A0RR94_9MONI	65.111	407	139	2	121007	121412	1	405	0.0	568
ACT52241.1	tr|A0A3L6TM23|A0A3L6TM23_PANMI	77.778	342	75	1	121010	121351	1	341	0.0	568
ACT52241.1	tr|N1QSR8|N1QSR8_AEGTA	62.500	448	119	4	121012	121412	2	447	0.0	567
ACT52241.1	tr|A9NVS1|A9NVS1_PICSI	69.767	387	117	0	121007	121393	1	387	0.0	566
ACT52241.1	tr|A0A2I0I3Q4|A0A2I0I3Q4_PUNGR	87.129	303	39	0	121049	121351	1	303	0.0	561
ACT52241.1	tr|Q6Z368|Q6Z368_ORYSJ	66.910	411	127	4	121007	121412	1	407	2.66e-180	563
ACT52241.1	tr|A0A0P0X3K4|A0A0P0X3K4_ORYSJ	66.910	411	127	4	121007	121412	1	407	2.66e-180	563
ACT52241.1	tr|A0A0E0AH01|A0A0E0AH01_9ORYZ	66.504	409	131	4	121006	121412	46	450	4.41e-180	565
ACT52241.1	tr|A0A0E0Q5B5|A0A0E0Q5B5_ORYRU	66.993	409	128	4	121007	121412	1	405	4.63e-180	563
ACT52241.1	tr|I1Q8V6|I1Q8V6_ORYGL	66.910	411	127	4	121007	121412	1	407	1.03e-179	562
ACT52241.1	tr|A0A0D3GNE6|A0A0D3GNE6_9ORYZ	66.910	411	127	4	121007	121412	1	407	1.03e-179	562
ACT52241.1	tr|A0A0E0E8V4|A0A0E0E8V4_9ORYZ	66.422	408	131	4	121007	121412	1	404	2.91e-179	560
ACT52241.1	tr|A0A3Q7IH35|A0A3Q7IH35_SOLLC	67.342	395	82	2	121016	121382	1	376	1.58e-178	560
ACT52241.1	tr|A0A142K487|A0A142K487_AMARE	98.929	280	3	0	49615	49894	1	280	2.26e-178	561
ACT52241.1	tr|A0A6G1D2A4|A0A6G1D2A4_9ORYZ	74.277	346	87	1	121007	121352	1	344	2.11e-177	552
ACT52241.1	tr|A9NJG0|A9NJG0_TAXCU	68.193	393	125	0	121007	121399	1	393	7.68e-177	553
ACT52241.1	tr|A0A6G1D5K5|A0A6G1D5K5_9ORYZ	74.203	345	87	1	121007	121351	1	343	1.37e-176	550
ACT52241.1	tr|A0A287SNX8|A0A287SNX8_HORVV	73.988	346	90	0	121006	121351	47	392	3.09e-175	548
ACT52241.1	tr|A0A067DZ45|A0A067DZ45_CITSI	86.598	291	39	0	121007	121297	1	291	4.54e-174	540
ACT52241.1	tr|A0A142K488|A0A142K488_AMABL	97.143	280	7	1	49615	49894	1	279	7.10e-174	548
ACT52241.1	tr|A0A1P8B8L3|A0A1P8B8L3_ARATH	74.927	343	83	2	121072	121412	11	352	1.00e-173	542
ACT52241.1	tr|A0A1P8SJD7|A0A1P8SJD7_HEDHE	73.392	342	91	0	121007	121348	1	342	3.04e-173	540
ACT52241.1	tr|A0A2P5BGQ9|A0A2P5BGQ9_PARAD	86.942	291	38	0	121007	121297	1	291	6.22e-173	537
ACT52241.1	tr|A0A4S8KCY9|A0A4S8KCY9_MUSBA	74.352	347	81	1	121071	121409	165	511	7.58e-173	547
ACT52241.1	tr|A0A2P5FQ12|A0A2P5FQ12_TREOI	86.598	291	39	0	121007	121297	1	291	1.39e-172	536
ACT52241.1	tr|A0A0E0KKE4|A0A0E0KKE4_ORYPU	67.526	388	94	2	121012	121399	2	357	2.73e-172	539
