ACT52241.1	tr|A0A2G9GCU5|A0A2G9GCU5_9LAMI	52.434	452	212	2	128781	129229	40	491	2.62e-158	501
ACT52241.1	tr|B9RBW9|B9RBW9_RICCO	51.648	455	216	2	128781	129231	46	500	3.57e-154	489
ACT52241.1	tr|A0A2S1RED8|A0A2S1RED8_CHRMO	52.018	446	207	3	129335	129779	48	487	4.10e-144	460
ACT52241.1	tr|A0A6M3TY96|A0A6M3TY96_LITER	45.513	468	250	3	128771	129233	27	494	8.92e-143	457
ACT52241.1	tr|A0A6M3TXH1|A0A6M3TXH1_LITER	46.089	473	252	2	129313	129782	24	496	4.37e-142	455
ACT52241.1	tr|A0A2G9FXM5|A0A2G9FXM5_9LAMI	45.984	498	244	6	128739	129229	1	480	1.61e-140	449
ACT52241.1	tr|A0A2G9H5W3|A0A2G9H5W3_9LAMI	46.169	496	256	5	137454	137945	1	489	4.64e-137	440
ACT52241.1	tr|A0A2G9HLA0|A0A2G9HLA0_9LAMI	44.715	492	263	5	129295	129782	9	495	3.78e-131	423
ACT52241.1	tr|B9SRM5|B9SRM5_RICCO	40.476	504	287	5	128739	129229	1	504	1.44e-121	396
ACT52241.1	tr|B9RHX8|B9RHX8_RICCO	42.796	465	255	6	128771	129231	37	494	4.28e-120	391
ACT52241.1	tr|A0A0B4VFR8|A0A0B4VFR8_PODPE	41.228	456	258	4	128782	129228	49	503	1.04e-115	379
ACT52241.1	tr|B9R9F5|B9R9F5_RICCO	41.099	455	255	7	128780	129229	45	491	1.57e-113	372
ACT52241.1	tr|B9SRM8|B9SRM8_RICCO	38.266	473	279	3	128772	129231	34	506	8.44e-113	371
ACT52241.1	tr|B9SRM4|B9SRM4_RICCO	40.438	502	279	6	129299	129780	8	509	2.56e-112	370
ACT52241.1	tr|B9SRN0|B9SRN0_RICCO	39.323	473	274	3	128772	129231	48	520	4.09e-111	367
ACT52241.1	tr|B9SRN5|B9SRN5_RICCO	40.169	473	270	4	128772	129231	38	510	1.60e-110	364
ACT52241.1	tr|D5M8Q3|D5M8Q3_9MAGN	40.678	472	266	6	129319	129779	32	500	2.75e-110	363
ACT52241.1	tr|F2VR48|F2VR48_PRUAV	39.034	497	286	8	129854	130337	4	496	8.28e-110	362
ACT52241.1	tr|B9SRM6|B9SRM6_RICCO	39.019	469	282	2	129317	129781	32	500	2.64e-109	360
ACT52241.1	tr|B9RC29|B9RC29_RICCO	39.186	467	273	6	137486	137948	34	493	1.10e-106	353
ACT52241.1	tr|A0A2G9IBC6|A0A2G9IBC6_9LAMI	36.436	505	305	8	129845	130341	7	503	3.06e-106	352
ACT52241.1	tr|B9SRN4|B9SRN4_RICCO	39.958	473	271	4	128772	129231	38	510	3.21e-106	352
ACT52241.1	tr|A0A2G9IBB5|A0A2G9IBB5_9LAMI	36.759	506	305	6	128742	129235	3	505	3.09e-105	349
ACT52241.1	tr|I1WYE8|I1WYE8_PAELC	39.175	485	282	5	129306	129779	16	498	1.69e-104	347
ACT52241.1	tr|A0A0N6VV42|A0A0N6VV42_LYCRU	40.171	468	261	8	129328	129780	42	505	1.93e-104	347
ACT52241.1	tr|A0A1U9X5Y8|A0A1U9X5Y8_THAGA	37.747	506	297	7	129840	130337	5	500	2.31e-104	346
ACT52241.1	tr|A0A0N6XG41|A0A0N6XG41_LYCBA	40.171	468	261	7	129328	129780	42	505	8.45e-104	345
ACT52241.1	tr|A0A151TRR2|A0A151TRR2_CAJCA	39.140	465	264	5	128780	129229	30	490	9.69e-104	344
ACT52241.1	tr|A0A2G9GCD1|A0A2G9GCD1_9LAMI	38.400	500	287	10	129852	130336	5	498	1.17e-103	344
ACT52241.1	tr|R9WS52|R9WS52_9ROSI	40.211	475	268	8	129318	129779	27	498	1.21e-103	344
ACT52241.1	tr|F4YYF2|F4YYF2_CYNCS	39.241	474	277	5	129317	129780	29	501	1.88e-103	344
ACT52241.1	tr|A0A0A0RI01|A0A0A0RI01_PAELC	37.425	497	300	5	129850	130339	8	500	2.03e-103	343
ACT52241.1	tr|A0A2I0A2H7|A0A2I0A2H7_9ASPA	37.160	514	291	9	128744	129229	1	510	1.35e-102	342
ACT52241.1	tr|A0A060L8Y9|A0A060L8Y9_ANTAD	39.362	470	269	7	129319	129779	35	497	1.35e-102	341
ACT52241.1	tr|D2XSZ0|D2XSZ0_CHRMO	38.911	496	278	8	129299	129779	11	496	1.36e-102	341
ACT52241.1	tr|A0A2I0B5P5|A0A2I0B5P5_9ASPA	38.477	486	277	8	128763	129229	26	508	1.51e-102	342
ACT52241.1	tr|D2XSY8|D2XSY8_CHRMO	38.788	495	280	7	129299	129779	11	496	3.13e-102	340
ACT52241.1	tr|A0A2G9GCT6|A0A2G9GCT6_9LAMI	40.671	477	256	8	128771	129229	33	500	6.84e-102	339
ACT52241.1	tr|D2XSZ1|D2XSZ1_CHRMO	38.710	496	279	8	129299	129779	11	496	1.08e-101	338
ACT52241.1	tr|D2XSZ2|D2XSZ2_CHRMO	38.710	496	279	8	129299	129779	11	496	1.38e-101	338
ACT52241.1	tr|B9RBQ8|B9RBQ8_RICCO	38.562	459	271	4	129328	129780	55	508	1.82e-101	338
ACT52241.1	tr|B9T1C6|B9T1C6_RICCO	36.145	498	306	7	128738	129230	10	500	2.57e-101	337
ACT52241.1	tr|Q2XP00|Q2XP00_ANTMA	40.733	464	257	7	129328	129779	52	509	3.04e-101	338
ACT52241.1	tr|A0A1U9X5Z7|A0A1U9X5Z7_THAGA	39.960	498	287	4	129294	129781	9	504	6.13e-101	337
ACT52241.1	tr|D2XSY7|D2XSY7_CHRMO	38.508	496	280	8	129299	129779	11	496	7.00e-101	336
ACT52241.1	tr|A0A2S1Q4X0|A0A2S1Q4X0_CHRMO	38.105	496	282	8	129299	129779	11	496	1.37e-100	335
ACT52241.1	tr|A0A0B2QDG0|A0A0B2QDG0_GLYSO	38.445	463	272	4	129328	129779	40	500	4.49e-100	334
ACT52241.1	tr|D2XSY9|D2XSY9_CHRMO	38.508	496	280	8	129299	129779	11	496	7.54e-100	333
ACT52241.1	tr|A0A2G9IBB7|A0A2G9IBB7_9LAMI	36.122	490	297	8	129861	130341	21	503	1.04e-99	333
ACT52241.1	tr|A0A0A1E1Y4|A0A0A1E1Y4_9SOLA	40.000	470	257	8	129328	129779	42	504	1.24e-99	333
ACT52241.1	tr|A0A0A1E1K2|A0A0A1E1K2_9SOLA	40.000	470	257	8	129328	129779	42	504	1.33e-99	333
ACT52241.1	tr|Q5C9L5|Q5C9L5_THLFG	41.957	460	256	5	128771	129228	30	480	2.75e-99	331
ACT52241.1	tr|A0A2G9H8E5|A0A2G9H8E5_9LAMI	36.714	493	295	7	128750	129230	4	491	3.02e-99	331
ACT52241.1	tr|A0A0A1DZD6|A0A0A1DZD6_9SOLA	40.085	469	257	8	129328	129779	42	503	3.89e-99	332
ACT52241.1	tr|J7FTV2|J7FTV2_COFAR	36.875	480	290	5	128761	129230	17	493	5.23e-99	331
ACT52241.1	tr|B9SRN1|B9SRN1_RICCO	38.075	478	278	6	128743	129207	17	489	5.35e-99	331
ACT52241.1	tr|I0IV87|I0IV87_GLYSO	34.969	489	307	4	128744	129225	10	494	5.71e-99	331
ACT52241.1	tr|A0A2G9GCC6|A0A2G9GCC6_9LAMI	36.798	481	293	6	129864	130336	21	498	6.29e-99	331
ACT52241.1	tr|A0A151TAP4|A0A151TAP4_CAJCA	37.238	478	287	5	128763	129230	20	494	2.45e-98	329
ACT52241.1	tr|A0A2N9QL60|A0A2N9QL60_9MAGN	36.017	472	284	6	129876	130336	33	497	5.32e-98	328
ACT52241.1	tr|A0A0B2PSW0|A0A0B2PSW0_GLYSO	35.211	497	309	5	128744	129230	1	494	9.37e-98	327
ACT52241.1	tr|A0A2G9I2Z1|A0A2G9I2Z1_9LAMI	37.093	461	277	6	129326	129778	45	500	1.37e-97	327
ACT52241.1	tr|T1NXM4|T1NXM4_FRAAN	39.056	466	263	7	129328	129779	40	498	2.20e-97	326
ACT52241.1	tr|T1NXM3|T1NXM3_FRAAN	39.056	466	263	7	129328	129779	40	498	2.70e-97	326
ACT52241.1	tr|T1NXM1|T1NXM1_FRAVE	38.445	463	270	6	129328	129779	40	498	3.81e-97	326
ACT52241.1	tr|T1NXM2|T1NXM2_9ROSA	38.877	463	268	6	129328	129779	40	498	4.27e-97	325
ACT52241.1	tr|A0A2G9HN69|A0A2G9HN69_9LAMI	37.074	499	299	6	128742	129228	3	498	4.38e-97	325
ACT52241.1	tr|B9R857|B9R857_RICCO	37.527	461	281	4	128771	129225	30	489	4.69e-97	325
ACT52241.1	tr|T1NXM6|T1NXM6_FRAVR	38.841	466	264	7	129328	129779	40	498	4.94e-97	325
ACT52241.1	tr|A0A3G1WR69|A0A3G1WR69_9LAMI	36.345	498	307	4	137459	137948	1	496	5.68e-97	325
ACT52241.1	tr|A0A2G9HYB0|A0A2G9HYB0_9LAMI	36.659	461	279	6	129326	129778	45	500	7.08e-97	325
ACT52241.1	tr|A0A218WL77|A0A218WL77_PUNGR	36.403	467	283	5	128771	129228	35	496	9.69e-97	324
ACT52241.1	tr|J7FYJ5|J7FYJ5_COFAR	35.976	492	305	6	128746	129228	1	491	9.69e-97	324
ACT52241.1	tr|T1NXM5|T1NXM5_FRAVE	38.841	466	264	7	129328	129779	40	498	1.20e-96	324
ACT52241.1	tr|B9RLP6|B9RLP6_RICCO	38.000	450	263	6	129343	129779	1	447	2.37e-96	322
ACT52241.1	tr|A0A2G9H6R5|A0A2G9H6R5_9LAMI	36.255	502	301	7	137465	137952	13	509	4.10e-96	323
ACT52241.1	tr|B9SJN4|B9SJN4_RICCO	37.179	468	281	6	128771	129228	30	494	4.68e-96	322
ACT52241.1	tr|A0A346TLE7|A0A346TLE7_NARPA	35.614	497	308	6	128739	129228	1	492	9.86e-96	322
ACT52241.1	tr|A0A0B2PHR0|A0A0B2PHR0_GLYSO	35.211	497	309	5	128744	129230	1	494	1.58e-95	321
ACT52241.1	tr|D0EUZ8|D0EUZ8_9ERIC	34.845	485	305	4	128750	129228	17	496	2.99e-95	320
ACT52241.1	tr|A0A6B9FBP9|A0A6B9FBP9_9ROSI	36.747	498	287	7	128748	129226	10	498	3.45e-95	320
ACT52241.1	tr|B9SB66|B9SB66_RICCO	36.170	470	287	6	128772	129230	34	501	3.88e-95	320
ACT52241.1	tr|A0A2I0AUK1|A0A2I0AUK1_9ASPA	37.827	497	283	10	128765	129236	25	520	4.36e-95	320
ACT52241.1	tr|A0A151SPD8|A0A151SPD8_CAJCA	40.043	462	247	11	128787	129229	1	451	6.09e-95	317
ACT52241.1	tr|B9SB69|B9SB69_RICCO	36.170	470	287	6	128772	129230	34	501	6.83e-95	319
ACT52241.1	tr|A0A2G9HZZ9|A0A2G9HZZ9_9LAMI	35.857	502	312	7	129845	130341	7	503	7.03e-95	319
ACT52241.1	tr|A0A151SPJ6|A0A151SPJ6_CAJCA	39.056	466	256	10	128780	129225	39	496	7.16e-95	319
ACT52241.1	tr|A0A251SU99|A0A251SU99_HELAN	34.137	498	313	8	129843	130338	3	487	1.34e-94	317
ACT52241.1	tr|B9RQJ9|B9RQJ9_RICCO	35.341	498	300	7	129859	130336	16	511	1.76e-94	318
ACT52241.1	tr|D5M8Q4|D5M8Q4_9MAGN	34.560	489	304	6	128749	129228	15	496	3.16e-94	317
ACT52241.1	tr|B9RRA1|B9RRA1_RICCO	34.263	502	317	5	129847	130336	11	511	7.20e-94	317
ACT52241.1	tr|B9RM58|B9RM58_RICCO	35.363	509	302	11	129847	130338	18	516	1.08e-93	316
ACT52241.1	sp|A0A2H5AIX6|C3H_NARPS	35.010	497	311	6	128739	129228	1	492	3.43e-93	314
ACT52241.1	tr|B9RAS2|B9RAS2_RICCO	35.772	492	302	6	129293	129778	19	502	9.63e-93	313
ACT52241.1	tr|A0A2H9ZS65|A0A2H9ZS65_9ASPA	36.920	474	284	6	129310	129775	34	500	1.03e-92	313
ACT52241.1	tr|A0A2G9H402|A0A2G9H402_9LAMI	35.586	503	302	9	128742	129236	6	494	1.12e-92	312
ACT52241.1	tr|A0A0N6VV47|A0A0N6VV47_LYCRU	36.382	492	293	8	128745	129226	12	493	2.46e-92	311
ACT52241.1	tr|A0A0B2QXH2|A0A0B2QXH2_GLYSO	36.290	496	295	8	128747	129229	5	492	6.69e-92	310
ACT52241.1	tr|B9S5P8|B9S5P8_RICCO	35.518	473	285	7	129877	130336	34	499	7.07e-92	310
ACT52241.1	tr|A0A0B2RJK7|A0A0B2RJK7_GLYSO	36.441	472	284	5	129320	129780	38	504	7.28e-92	310
ACT52241.1	tr|A0A0A1E1Y9|A0A0A1E1Y9_9SOLA	35.129	464	293	3	128771	129228	35	496	1.04e-91	310
ACT52241.1	tr|B9S9Q2|B9S9Q2_RICCO	36.505	515	289	11	129842	130337	2	497	1.17e-91	309
ACT52241.1	tr|A0A0A1E4E0|A0A0A1E4E0_9SOLA	34.698	464	295	3	128771	129228	35	496	1.55e-91	309
ACT52241.1	sp|E1B2Z9|C7AV8_CICIN	35.318	487	300	7	129854	130338	14	487	1.94e-91	308
ACT52241.1	tr|A0A151RSE4|A0A151RSE4_CAJCA	33.925	451	289	3	128787	129230	1	449	2.13e-91	307
ACT52241.1	tr|A0A0A1DZ21|A0A0A1DZ21_9SOLA	34.483	464	296	3	128771	129228	35	496	2.94e-91	308
ACT52241.1	tr|A0A0N6XEU6|A0A0N6XEU6_LYCBA	36.093	471	280	7	128771	129228	33	495	7.43e-91	307
ACT52241.1	tr|B9RHX0|B9RHX0_RICCO	37.021	470	276	8	128772	129229	31	492	9.27e-91	306
ACT52241.1	tr|A0A0B2PCC7|A0A0B2PCC7_GLYSO	35.029	511	310	9	128747	129240	10	515	1.46e-90	307
ACT52241.1	tr|A0A151SNY4|A0A151SNY4_CAJCA	39.663	416	232	8	129928	130337	1	403	1.86e-90	303
ACT52241.1	tr|B9RE29|B9RE29_RICCO	33.400	500	316	6	137461	137948	4	498	2.02e-90	306
ACT52241.1	tr|B9RM57|B9RM57_RICCO	34.151	489	301	9	129846	130322	5	484	4.19e-90	305
ACT52241.1	tr|B9R855|B9R855_RICCO	35.622	466	291	6	128771	129228	27	491	1.03e-89	303
ACT52241.1	tr|A0A2G9FYA3|A0A2G9FYA3_9LAMI	35.236	508	304	9	128739	129236	1	493	1.25e-89	303
ACT52241.1	tr|A0A2I0AWD6|A0A2I0AWD6_9ASPA	38.076	499	288	7	129298	129779	4	498	1.51e-89	303
ACT52241.1	tr|R9WPB6|R9WPB6_9ROSI	33.678	484	310	4	128744	129221	11	489	1.75e-89	303
ACT52241.1	tr|D8SCG3|D8SCG3_SELML	33.868	499	316	7	128749	129236	28	523	4.27e-89	303
ACT52241.1	tr|A0A2I0AA38|A0A2I0AA38_9ASPA	34.578	509	307	11	128741	129232	2	501	1.38e-88	300
ACT52241.1	tr|B9RHW8|B9RHW8_RICCO	32.755	519	316	11	129840	130341	18	520	2.95e-88	300
ACT52241.1	tr|A0A2G9HNG5|A0A2G9HNG5_9LAMI	34.843	508	306	9	128739	129236	1	493	3.34e-88	299
ACT52241.1	tr|A0A2I0AJF6|A0A2I0AJF6_9ASPA	35.203	517	305	14	129840	130337	2	507	2.65e-87	297
ACT52241.1	tr|A0A251SA57|A0A251SA57_HELAN	32.653	490	317	7	129849	130333	1	482	3.19e-87	296
ACT52241.1	tr|W5XJS5|W5XJS5_9BRYO	38.174	482	266	11	128771	129229	36	508	4.00e-87	297
ACT52241.1	tr|B9RHW4|B9RHW4_RICCO	33.198	491	314	7	129295	129779	12	494	5.27e-87	296
ACT52241.1	tr|B9RHW6|B9RHW6_RICCO	35.924	476	287	11	129870	130337	64	529	8.48e-87	296
ACT52241.1	tr|B9R9P5|B9R9P5_RICCO	36.304	460	261	8	128781	129230	44	481	1.10e-86	295
ACT52241.1	tr|B9SVN7|B9SVN7_RICCO	34.038	473	297	7	128771	129231	35	504	1.10e-86	295
ACT52241.1	tr|B9T235|B9T235_RICCO	33.465	508	313	10	129840	130337	3	495	1.20e-86	295
ACT52241.1	tr|A0A0B2RI76|A0A0B2RI76_GLYSO	35.217	460	273	9	128787	129230	2	452	1.70e-86	293
ACT52241.1	tr|B9RMP3|B9RMP3_RICCO	34.395	471	290	4	128780	129233	43	511	2.46e-86	295
ACT52241.1	tr|B9T233|B9T233_RICCO	32.200	500	323	9	129854	130346	10	500	3.03e-86	294
ACT52241.1	tr|B9SA84|B9SA84_RICCO	35.924	476	287	8	129874	130339	48	515	7.00e-86	294
ACT52241.1	tr|A0A2G9IBI0|A0A2G9IBI0_9LAMI	34.930	501	295	8	129845	130341	7	480	1.55e-85	291
ACT52241.1	tr|A0A2G9GE24|A0A2G9GE24_9LAMI	32.377	488	313	6	128754	129228	17	500	2.81e-85	291
ACT52241.1	tr|B9RHI5|B9RHI5_RICCO	32.421	475	297	9	129851	130307	32	500	3.01e-85	292
ACT52241.1	tr|B9S9U3|B9S9U3_RICCO	34.930	501	304	9	129847	130337	10	498	4.09e-85	291
ACT52241.1	tr|B9SB73|B9SB73_RICCO	35.455	440	270	6	128772	129200	34	470	2.33e-84	288
ACT52241.1	tr|W5XJ66|W5XJ66_9BRYO	33.193	476	297	8	128769	129225	76	549	4.40e-84	290
ACT52241.1	tr|B9R738|B9R738_RICCO	36.306	471	283	9	129319	129777	29	494	4.63e-84	288
ACT52241.1	tr|B9SBU8|B9SBU8_RICCO	36.326	479	285	8	137483	137949	31	501	5.29e-84	287
ACT52241.1	tr|A0A151SNP7|A0A151SNP7_CAJCA	35.862	435	220	6	129911	130339	1	382	1.45e-83	282
ACT52241.1	tr|A0A2G9GE28|A0A2G9GE28_9LAMI	33.747	483	290	9	129869	130342	26	487	1.55e-83	286
ACT52241.1	tr|B9RAR9|B9RAR9_RICCO	34.082	490	313	5	129294	129778	18	502	1.59e-83	286
ACT52241.1	tr|A0A2G9GEC1|A0A2G9GEC1_9LAMI	31.610	503	327	6	128739	129228	1	499	2.18e-83	286
ACT52241.1	tr|A0A0B2QXI7|A0A0B2QXI7_GLYSO	36.364	440	260	8	128806	129229	1	436	1.50e-82	281
ACT52241.1	tr|B9T234|B9T234_RICCO	33.000	500	309	11	129848	130340	14	494	2.64e-82	282
ACT52241.1	tr|W5XRP2|W5XRP2_9BRYO	34.337	498	303	9	129296	129780	55	541	3.26e-82	284
ACT52241.1	tr|B9R991|B9R991_RICCO	34.747	495	305	8	129297	129780	8	495	4.49e-82	282
ACT52241.1	tr|B9RLJ1|B9RLJ1_RICCO	35.496	524	293	11	137454	137948	1	508	4.58e-82	282
ACT52241.1	tr|B9RAR8|B9RAR8_RICCO	35.470	468	289	6	128766	129225	37	499	5.23e-82	282
ACT52241.1	tr|A0A2I0B5A6|A0A2I0B5A6_9ASPA	32.505	523	307	14	129848	130337	4	513	1.02e-81	281
ACT52241.1	tr|W5XJR7|W5XJR7_9BRYO	35.354	495	293	13	129296	129771	23	509	2.21e-81	280
ACT52241.1	tr|A0A396HQ19|A0A396HQ19_MEDTR	34.025	482	309	4	129297	129777	29	502	2.88e-81	280
ACT52241.1	tr|B9RHW2|B9RHW2_RICCO	34.737	475	279	10	128772	129229	36	496	3.57e-81	279
ACT52241.1	tr|B9T2D3|B9T2D3_RICCO	32.749	513	313	12	129845	130339	10	508	6.19e-81	279
ACT52241.1	tr|A0A2P6Q0Q9|A0A2P6Q0Q9_ROSCH	32.317	492	317	5	129299	129778	13	500	6.56e-81	278
ACT52241.1	tr|B9SBG5|B9SBG5_RICCO	32.490	514	307	12	128739	129225	1	501	6.80e-81	279
ACT52241.1	tr|B9SB72|B9SB72_RICCO	33.333	468	273	7	128772	129229	33	471	1.25e-80	276
ACT52241.1	tr|A0A2G9GE26|A0A2G9GE26_9LAMI	33.333	501	308	11	129851	130336	6	495	1.87e-80	277
ACT52241.1	tr|A0A2I0AA26|A0A2I0AA26_9ASPA	32.906	468	297	6	128771	129228	36	496	2.08e-80	277
ACT52241.1	tr|A0A2H9ZSL1|A0A2H9ZSL1_9ASPA	32.632	475	303	7	128774	129237	34	502	2.15e-80	277
ACT52241.1	tr|B9T0U6|B9T0U6_RICCO	34.924	461	284	8	137495	137944	57	512	4.19e-80	276
ACT52241.1	tr|A0A2I0APA9|A0A2I0APA9_9ASPA	34.362	486	293	11	129864	130329	89	568	4.26e-80	278
ACT52241.1	tr|A0A2I0B5B1|A0A2I0B5B1_9ASPA	34.292	487	277	15	129875	130333	35	506	5.44e-80	276
ACT52241.1	tr|B9T2D1|B9T2D1_RICCO	32.661	496	304	7	128745	129230	9	484	5.85e-80	275
ACT52241.1	tr|B9RHX6|B9RHX6_RICCO	33.556	450	280	7	128792	129230	23	464	6.58e-80	274
ACT52241.1	tr|W5XJS0|W5XJS0_9BRYO	35.849	477	284	11	129872	130333	47	516	8.08e-80	276
ACT52241.1	tr|B9RAS3|B9RAS3_RICCO	34.707	461	291	5	129328	129778	55	515	1.09e-79	275
ACT52241.1	tr|B9R737|B9R737_RICCO	35.307	473	285	9	129314	129775	21	483	1.34e-79	275
ACT52241.1	tr|B9RHX3|B9RHX3_RICCO	34.356	489	285	12	129869	130338	57	528	1.58e-79	275
ACT52241.1	tr|B9RBQ9|B9RBQ9_RICCO	33.737	495	288	8	129885	130364	59	528	3.15e-79	274
ACT52241.1	tr|A0A2I0B3R3|A0A2I0B3R3_9ASPA	35.669	471	282	7	137487	137950	33	489	3.51e-79	273
ACT52241.1	tr|B9RHX9|B9RHX9_RICCO	46.021	289	150	3	137657	137945	140	422	3.79e-79	270
ACT52241.1	tr|A0A151SWS0|A0A151SWS0_CAJCA	31.537	501	307	10	128763	129236	31	522	9.43e-79	273
ACT52241.1	tr|G7K579|G7K579_MEDTR	34.073	496	305	10	128739	129225	1	483	9.48e-79	272
ACT52241.1	tr|A0A1D8RCH1|A0A1D8RCH1_9BRAS	34.068	499	303	9	128746	129230	2	488	1.61e-78	271
ACT52241.1	tr|B9RAS4|B9RAS4_RICCO	33.128	486	293	10	128763	129225	42	518	1.68e-78	272
ACT52241.1	tr|W5XJ46|W5XJ46_9BRYO	33.628	452	282	6	129339	129778	81	526	1.88e-78	272
ACT52241.1	tr|B9SYN4|B9SYN4_RICCO	33.712	528	278	13	129847	130340	5	494	2.16e-78	271
ACT52241.1	tr|A0A2G9G8E9|A0A2G9G8E9_9LAMI	33.474	475	295	9	129315	129777	25	490	5.67e-78	270
ACT52241.1	tr|A0A2I0B5A7|A0A2I0B5A7_9ASPA	33.008	512	307	13	129851	130334	4	507	6.08e-78	270
ACT52241.1	tr|B9SG22|B9SG22_RICCO	33.691	466	293	8	128771	129228	31	488	1.02e-77	269
ACT52241.1	tr|A0A2I0AIY3|A0A2I0AIY3_9ASPA	34.420	491	279	9	129870	130329	34	512	1.07e-77	270
ACT52241.1	tr|B9SVN9|B9SVN9_RICCO	33.268	511	317	6	129841	130339	4	502	1.37e-77	269
ACT52241.1	sp|Q6WNQ8|C81E8_MEDTR	33.871	496	306	10	128739	129225	1	483	1.64e-77	268
ACT52241.1	tr|W5XRQ0|W5XRQ0_9BRYO	31.928	498	309	10	129858	130336	69	555	1.98e-77	270
ACT52241.1	tr|W5XRP8|W5XRP8_9BRYO	33.806	494	285	14	129873	130337	37	517	2.75e-77	268
ACT52241.1	tr|A0A2P6RNU2|A0A2P6RNU2_ROSCH	32.692	468	294	6	129319	129778	50	504	3.13e-76	265
ACT52241.1	tr|A0A0B2SLU3|A0A0B2SLU3_GLYSO	30.725	524	320	12	128742	129236	13	522	3.50e-76	265
ACT52241.1	tr|B9SBV3|B9SBV3_RICCO	33.632	446	282	6	128792	129226	58	500	6.32e-76	264
ACT52241.1	tr|B9R747|B9R747_RICCO	32.735	501	312	10	128739	129226	1	489	7.43e-76	264
ACT52241.1	tr|B9RBW8|B9RBW8_RICCO	47.970	271	137	2	128765	129031	25	295	1.33e-75	258
ACT52241.1	tr|A0A2G9H6Q9|A0A2G9H6Q9_9LAMI	35.129	464	281	8	129887	130337	48	504	1.65e-75	263
ACT52241.1	tr|A0A2P6QLQ8|A0A2P6QLQ8_ROSCH	31.967	488	315	6	129300	129778	12	491	1.84e-75	263
ACT52241.1	tr|A0A2P6RS14|A0A2P6RS14_ROSCH	32.114	492	316	8	129296	129778	9	491	2.36e-75	262
ACT52241.1	tr|B9RCY8|B9RCY8_RICCO	32.071	449	253	6	128765	129212	22	419	6.28e-75	259
ACT52241.1	tr|B9SYM5|B9SYM5_RICCO	33.538	489	285	12	128766	129227	37	512	7.92e-75	261
ACT52241.1	tr|A0A159AKL8|A0A159AKL8_THYVU	31.643	493	313	8	129297	129779	14	492	8.58e-75	260
ACT52241.1	tr|A0A1D8AHA2|A0A1D8AHA2_9POAL	34.073	496	295	9	129867	130337	30	518	9.81e-75	261
ACT52241.1	tr|B9T2D2|B9T2D2_RICCO	29.518	498	313	9	129868	130346	34	512	1.17e-74	261
ACT52241.1	tr|A0A159AKG3|A0A159AKG3_THYVU	30.470	489	324	8	129297	129779	14	492	2.21e-74	259
ACT52241.1	tr|A0A0B4KI85|A0A0B4KI85_PRUAR	49.787	235	111	2	129552	129779	16	250	3.72e-74	249
ACT52241.1	tr|A0A0B2QWB5|A0A0B2QWB5_GLYSO	37.538	333	198	4	128900	129224	10	340	5.85e-74	253
ACT52241.1	tr|A0A072V074|A0A072V074_MEDTR	33.936	498	291	10	128750	129226	8	488	1.12e-73	258
ACT52241.1	tr|W5S082|W5S082_ASTMO	32.520	492	308	9	128747	129225	3	483	1.80e-73	256
ACT52241.1	tr|A0A072UNJ5|A0A072UNJ5_MEDTR	33.189	461	287	10	129329	129778	45	495	1.91e-73	257
ACT52241.1	tr|B9T1Z9|B9T1Z9_RICCO	33.194	479	305	12	137478	137948	61	532	3.00e-73	257
ACT52241.1	tr|A0A396IJ45|A0A396IJ45_MEDTR	34.047	467	288	7	128771	129228	32	487	3.00e-73	256
ACT52241.1	tr|A0A0B2QKN3|A0A0B2QKN3_GLYSO	51.628	215	103	1	137737	137950	14	228	3.60e-73	245
ACT52241.1	tr|A0A1D8RCG3|A0A1D8RCG3_CHOTE	33.898	472	279	11	129323	129780	29	481	4.65e-73	255
ACT52241.1	tr|V5QPP4|V5QPP4_ANTAD	42.908	282	146	3	128959	129230	3	279	4.78e-73	248
ACT52241.1	tr|A0A0B4KIC0|A0A0B4KIC0_PRUPE	48.936	235	113	2	129552	129779	16	250	1.08e-72	245
ACT52241.1	tr|B9R743|B9R743_RICCO	33.263	472	289	12	129319	129775	28	488	1.72e-72	254
ACT52241.1	tr|I6XNK2|I6XNK2_TRIRP	32.515	489	289	15	129320	129779	35	511	5.27e-72	253
ACT52241.1	tr|A0A2G9HNW3|A0A2G9HNW3_9LAMI	33.181	437	275	6	128808	129236	3	430	8.14e-72	249
ACT52241.1	tr|A0A2P6RS06|A0A2P6RS06_ROSCH	31.590	459	298	6	129328	129778	41	491	1.03e-71	251
ACT52241.1	tr|K9JZ57|K9JZ57_ONOVI	31.034	522	314	14	129849	130337	7	515	1.08e-71	252
ACT52241.1	tr|G8A1W0|G8A1W0_MEDTR	33.693	463	281	12	128771	129226	33	476	1.64e-71	251
ACT52241.1	tr|B9SJN3|B9SJN3_RICCO	35.101	396	226	5	129401	129778	7	389	3.21e-71	246
ACT52241.1	tr|B9SMA4|B9SMA4_RICCO	34.059	505	312	16	137459	137950	40	536	2.27e-70	249
ACT52241.1	tr|W5XK05|W5XK05_9BRYO	33.747	483	279	11	137485	137948	37	497	2.89e-70	247
ACT52241.1	tr|A0A3Q7K757|A0A3Q7K757_CICAR	31.721	517	309	13	129296	129779	6	511	2.99e-70	248
ACT52241.1	tr|F8RYF7|F8RYF7_ASTMO	31.633	490	293	13	129320	129779	35	512	3.01e-70	248
ACT52241.1	tr|A0A2G9HGN9|A0A2G9HGN9_9LAMI	28.858	499	279	10	129864	130341	1	444	5.67e-70	245
ACT52241.1	tr|A0A2P6Q0Q0|A0A2P6Q0Q0_ROSCH	31.602	462	289	13	128783	129228	50	500	2.15e-69	245
ACT52241.1	tr|W5XJ71|W5XJ71_9BRYO	32.329	498	298	10	128771	129241	31	516	2.29e-69	245
ACT52241.1	tr|A0A2I0B5C0|A0A2I0B5C0_9ASPA	32.716	486	288	12	129321	129775	40	517	3.43e-69	245
ACT52241.1	tr|B9SVN8|B9SVN8_RICCO	31.166	523	314	9	129841	130337	4	506	3.62e-69	244
ACT52241.1	tr|A0A0B2PQJ7|A0A0B2PQJ7_GLYSO	34.715	386	236	6	128858	129230	36	418	5.14e-69	241
ACT52241.1	tr|G7JRC7|G7JRC7_MEDTR	33.195	482	295	11	129304	129778	14	475	5.61e-69	243
ACT52241.1	tr|H7BRP2|H7BRP2_ASTME	33.333	459	286	9	129331	129778	44	493	1.56e-68	242
ACT52241.1	tr|A0A2P6RNT8|A0A2P6RNT8_ROSCH	32.589	448	282	9	128792	129228	55	493	5.69e-68	241
ACT52241.1	tr|B9RMF1|B9RMF1_RICCO	31.762	488	312	11	128745	129225	39	512	7.07e-68	241
ACT52241.1	tr|A0A0C4Y217|A0A0C4Y217_PAESU	45.669	254	126	3	128975	129219	2	252	1.05e-67	231
ACT52241.1	tr|W5XJ62|W5XJ62_9BRYO	32.438	484	288	12	129868	130320	32	507	1.61e-67	240
ACT52241.1	tr|A0A2P6RW79|A0A2P6RW79_ROSCH	32.251	462	290	10	128783	129228	51	505	8.26e-67	238
ACT52241.1	tr|A0A2G9FZ27|A0A2G9FZ27_9LAMI	32.265	468	294	8	137488	137941	60	518	1.06e-66	238
ACT52241.1	tr|A0A2P6Q0R5|A0A2P6Q0R5_ROSCH	34.989	463	278	10	129328	129777	39	491	2.16e-66	236
ACT52241.1	tr|B9R7K5|B9R7K5_RICCO	32.292	480	298	10	128774	129230	38	513	2.40e-66	236
ACT52241.1	tr|B9RLL3|B9RLL3_RICCO	32.403	466	288	11	137503	137951	7	462	2.44e-66	234
ACT52241.1	tr|B9R746|B9R746_RICCO	31.288	489	308	11	129863	130336	25	500	9.35e-66	234
ACT52241.1	tr|W5XK09|W5XK09_9BRYO	30.932	472	303	9	128771	129225	44	509	9.84e-66	235
ACT52241.1	tr|B9R7M0|B9R7M0_RICCO	30.534	524	325	11	129842	130341	9	517	1.46e-65	234
ACT52241.1	tr|B9R7L9|B9R7L9_RICCO	30.754	491	300	13	128771	129230	31	512	1.80e-65	234
ACT52241.1	tr|B9T4M2|B9T4M2_RICCO	32.043	465	292	9	129329	129779	55	509	3.83e-65	233
ACT52241.1	tr|B9RYU2|B9RYU2_RICCO	31.000	500	321	10	137457	137943	35	523	1.13e-64	232
ACT52241.1	tr|A0A2P6RS39|A0A2P6RS39_ROSCH	31.330	466	288	12	128780	129228	41	491	1.91e-64	230
ACT52241.1	tr|W5XJ38|W5XJ38_9BRYO	33.700	454	273	10	128792	129225	58	503	2.81e-64	230
ACT52241.1	tr|B9R7L2|B9R7L2_RICCO	30.667	525	324	12	129295	129787	12	528	7.36e-64	229
ACT52241.1	tr|B9SYM4|B9SYM4_RICCO	31.070	486	307	8	128765	129228	31	510	1.48e-63	228
ACT52241.1	tr|B9R7L5|B9R7L5_RICCO	31.853	518	318	15	128739	129228	1	511	2.38e-63	228
ACT52241.1	tr|A0A088FG01|A0A088FG01_FAGTA	30.675	489	310	10	129304	129777	19	493	2.86e-63	227
ACT52241.1	tr|B9TA51|B9TA51_RICCO	44.770	239	128	1	128991	129225	21	259	6.41e-63	218
ACT52241.1	tr|B9SG23|B9SG23_RICCO	30.556	468	266	9	128764	129228	26	437	1.07e-62	224
ACT52241.1	tr|A0A2G9H904|A0A2G9H904_9LAMI	31.590	478	307	10	137470	137942	11	473	6.30e-62	223
ACT52241.1	tr|B9R7L8|B9R7L8_RICCO	31.467	518	320	15	128739	129228	1	511	1.28e-61	223
ACT52241.1	tr|W5XJ41|W5XJ41_9BRYO	31.933	476	294	10	137463	137916	19	486	3.36e-61	221
ACT52241.1	tr|A0A2P6RNU0|A0A2P6RNU0_ROSCH	31.041	509	312	8	129296	129778	9	504	5.84e-61	221
ACT52241.1	tr|B9S8Q1|B9S8Q1_RICCO	29.447	506	329	12	128746	129227	7	508	1.19e-60	220
ACT52241.1	tr|B9R7L3|B9R7L3_RICCO	30.273	512	323	11	128748	129230	11	517	1.61e-60	219
ACT52241.1	tr|A0A2G9GEA4|A0A2G9GEA4_9LAMI	30.886	463	263	11	129322	129770	161	580	1.80e-58	216
ACT52241.1	tr|A0A218NGS0|A0A218NGS0_RAUSE	30.962	478	264	15	128771	129228	37	468	1.95e-58	212
ACT52241.1	tr|A0A1Z2R7G9|A0A1Z2R7G9_MARPA	29.870	462	303	9	129318	129766	44	497	4.29e-58	212
ACT52241.1	tr|A0A1Z2R7G7|A0A1Z2R7G7_MARPA	30.638	470	294	13	129872	130324	27	481	4.37e-58	212
ACT52241.1	tr|A0A2G9G1M9|A0A2G9G1M9_9LAMI	31.395	430	267	11	129920	130336	69	483	4.67e-58	211
ACT52241.1	tr|B9RBR1|B9RBR1_RICCO	43.568	241	126	4	130104	130338	1	237	5.92e-58	202
ACT52241.1	tr|A0A2G9GHG6|A0A2G9GHG6_9LAMI	28.632	475	298	12	129314	129777	29	473	6.68e-58	211
ACT52241.1	tr|A0A0B2RJS9|A0A0B2RJS9_GLYSO	32.108	408	233	9	128842	129229	6	389	1.62e-57	207
ACT52241.1	tr|A0A0B2PPF9|A0A0B2PPF9_GLYSO	34.337	332	200	7	128912	129229	16	343	2.18e-57	205
ACT52241.1	tr|A0A1Z2R7H5|A0A1Z2R7H5_9MARC	29.892	465	306	11	129872	130324	38	494	3.22e-57	209
ACT52241.1	tr|A0A1Z2R7G8|A0A1Z2R7G8_9MARC	29.915	468	289	10	129320	129766	68	517	3.53e-57	210
ACT52241.1	tr|A0A1Z2R7I0|A0A1Z2R7I0_9MARC	29.677	465	307	11	129872	130324	41	497	4.29e-57	209
ACT52241.1	tr|A0A2G9HN86|A0A2G9HN86_9LAMI	31.892	370	232	7	128878	129236	1	361	5.77e-57	204
ACT52241.1	tr|A0A2I0ASX4|A0A2I0ASX4_9ASPA	30.882	476	279	14	129319	129766	33	486	2.63e-56	207
ACT52241.1	tr|B9R7K4|B9R7K4_RICCO	30.417	480	307	11	128774	129230	38	513	3.11e-56	207
ACT52241.1	tr|A0A0B2RFD5|A0A0B2RFD5_GLYSO	38.971	272	153	3	128972	129230	13	284	3.91e-56	211
ACT52241.1	tr|A0A2G3CRT4|A0A2G3CRT4_CAPCH	93.805	113	7	0	27922	28034	490	602	5.58e-56	208
ACT52241.1	tr|W5XK02|W5XK02_9BRYO	28.220	528	324	11	128734	129227	16	522	1.92e-55	205
ACT52241.1	tr|C5IWL6|C5IWL6_SOYBN	31.106	479	289	11	128763	129216	25	487	2.70e-55	204
ACT52241.1	tr|B9RMU6|B9RMU6_RICCO	44.554	202	110	1	129032	129231	4	205	2.80e-55	193
ACT52241.1	tr|C0LUU6|C0LUU6_SOYBN	31.106	479	289	11	128763	129216	25	487	3.08e-55	204
ACT52241.1	tr|B9R7K8|B9R7K8_RICCO	28.373	504	314	11	129853	130336	8	484	3.17e-55	203
ACT52241.1	tr|F8QM88|F8QM88_PHYPA	29.583	480	298	12	129304	129759	30	493	3.21e-55	204
ACT52241.1	tr|A0A1Z2R7H6|A0A1Z2R7H6_9MARC	29.828	466	292	11	129320	129766	60	509	3.24e-55	204
ACT52241.1	tr|A0A2G9HTG5|A0A2G9HTG5_9LAMI	30.833	480	290	13	129311	129766	25	486	3.92e-55	203
ACT52241.1	tr|B9SY53|B9SY53_RICCO	39.245	265	154	2	130080	130337	169	433	4.67e-55	201
ACT52241.1	tr|F2VR43|F2VR43_PRUAV	31.034	464	272	12	129311	129746	25	468	5.71e-55	202
ACT52241.1	tr|B2LSE0|B2LSE0_TRIPR	30.801	487	307	13	137463	137932	6	479	5.87e-55	202
ACT52241.1	tr|D5L6I0|D5L6I0_9ERIC	50.568	176	83	1	137760	137931	1	176	6.81e-55	191
ACT52241.1	tr|B2LSE1|B2LSE1_TRIPR	30.851	470	299	12	137480	137932	27	487	1.01e-54	202
ACT52241.1	tr|A0A1Z2R7H4|A0A1Z2R7H4_CONJP	29.175	473	302	9	129313	129766	39	497	1.03e-54	202
ACT52241.1	tr|B2LSD9|B2LSD9_TRIPR	30.851	470	299	12	137480	137932	27	487	1.04e-54	202
ACT52241.1	tr|L7T707|L7T707_SINHE	29.668	482	304	11	129843	130304	1	467	1.06e-54	202
ACT52241.1	tr|B9SA81|B9SA81_RICCO	49.505	202	102	0	129030	129231	3	204	1.10e-54	192
ACT52241.1	tr|A0A1Z2R7G6|A0A1Z2R7G6_CONJP	30.213	470	285	12	129320	129766	59	508	2.08e-54	202
ACT52241.1	tr|A0A2I0AF51|A0A2I0AF51_9ASPA	30.343	379	212	4	129861	130237	20	348	2.12e-54	196
ACT52241.1	tr|A0A2G9G9Y9|A0A2G9G9Y9_9LAMI	30.408	490	283	16	129310	129766	51	515	2.34e-54	202
ACT52241.1	tr|D0UGE7|D0UGE7_9FABA	29.602	527	319	15	129844	130340	2	506	2.90e-54	201
ACT52241.1	tr|G0KVB3|G0KVB3_9ASTR	30.228	483	301	13	129843	130304	1	468	3.06e-54	201
ACT52241.1	tr|A0A1B1IHZ1|A0A1B1IHZ1_CAMAC	30.586	461	278	12	129311	129746	25	468	3.12e-54	201
ACT52241.1	tr|Q4JLA2|Q4JLA2_MALDO	30.898	479	286	12	137480	137932	27	486	4.28e-54	200
ACT52241.1	tr|X2D8D0|X2D8D0_IPOPU	30.983	468	299	11	128765	129216	27	486	5.34e-54	200
ACT52241.1	tr|A0A0G7ZP02|A0A0G7ZP02_PICGL	29.800	500	298	15	129295	129766	14	488	5.84e-54	200
ACT52241.1	tr|A0A0U1XSM6|A0A0U1XSM6_BARSP	31.116	466	277	13	129864	130304	22	468	1.09e-53	199
ACT52241.1	tr|A0A0U1XP01|A0A0U1XP01_LACSA	30.335	478	307	14	129843	130304	1	468	1.77e-53	198
ACT52241.1	tr|A0A2R2ZJB8|A0A2R2ZJB8_FAGTA	30.228	483	289	13	129311	129766	25	486	1.97e-53	198
ACT52241.1	tr|Q9AXP9|Q9AXP9_9ROSI	30.462	476	286	14	129296	129746	13	468	2.04e-53	198
ACT52241.1	tr|A0A1S5T4F7|A0A1S5T4F7_PUNGR	35.077	325	198	5	129372	129687	1	321	2.18e-53	192
ACT52241.1	tr|Q2LAD8|Q2LAD8_SOLTU	28.986	483	307	12	129843	130304	1	468	2.58e-53	198
ACT52241.1	tr|A0A2R2ZJB6|A0A2R2ZJB6_FAGTA	30.444	473	288	12	129311	129766	25	473	3.10e-53	197
ACT52241.1	tr|Q2MJ09|Q2MJ09_MEDTR	30.736	462	297	12	128771	129216	33	487	5.82e-53	197
ACT52241.1	tr|W5XMH0|W5XMH0_9MONI	29.124	491	314	11	128737	129209	12	486	6.81e-53	197
ACT52241.1	tr|E2F4D8|E2F4D8_SCUBA	29.211	469	286	12	129863	130304	21	470	9.62e-53	196
ACT52241.1	tr|Q9ZSR0|Q9ZSR0_MESCR	29.424	469	299	11	129320	129766	68	526	1.09e-52	197
ACT52241.1	tr|B9T515|B9T515_RICCO	35.258	329	201	6	128906	129227	10	333	1.16e-52	191
ACT52241.1	sp|Q5Z5S6|C7019_ORYSJ	28.662	471	309	10	128772	129227	38	496	2.04e-52	195
ACT52241.1	tr|W5XJ74|W5XJ74_9BRYO	28.758	459	295	10	129877	130312	41	490	2.36e-52	196
ACT52241.1	tr|B9SY12|B9SY12_RICCO	28.542	480	299	10	128762	129229	33	480	1.02e-51	192
ACT52241.1	tr|B9T9S7|B9T9S7_RICCO	28.059	474	300	12	129317	129766	61	517	1.19e-51	194
ACT52241.1	tr|A0A1S2X8P2|A0A1S2X8P2_CICAR	30.271	479	288	11	137480	137932	27	485	2.26e-51	192
ACT52241.1	tr|Q9XEH8|Q9XEH8_PINTA	32.088	455	260	13	129320	129746	37	470	2.33e-51	192
ACT52241.1	tr|W8E7E3|W8E7E3_HORVU	29.485	485	290	14	129311	129766	25	486	3.23e-51	192
ACT52241.1	tr|A0A2G9GRD7|A0A2G9GRD7_9LAMI	29.730	481	294	13	129311	129766	25	486	5.27e-51	191
ACT52241.1	tr|A0A1B1SPI1|A0A1B1SPI1_LEPAP	28.337	487	305	13	129843	130304	1	468	5.32e-51	191
ACT52241.1	tr|B9T872|B9T872_RICCO	47.938	194	101	0	129032	129225	1	194	7.62e-51	180
ACT52241.1	tr|F8QM89|F8QM89_SELML	30.330	455	290	11	137493	137932	70	512	1.71e-50	190
ACT52241.1	tr|D8S0Y1|D8S0Y1_SELML	30.330	455	290	11	137493	137932	70	512	1.71e-50	190
ACT52241.1	tr|A0A2G9GVR9|A0A2G9GVR9_9LAMI	28.838	482	276	12	128751	129226	6	426	1.77e-50	187
ACT52241.1	tr|A8CF55|A8CF55_BRACM	27.403	489	307	12	129843	130304	1	468	2.29e-50	189
ACT52241.1	tr|D8SBK8|D8SBK8_SELML	30.330	455	290	11	137493	137932	70	512	2.43e-50	190
ACT52241.1	tr|A0A2G9GRB3|A0A2G9GRB3_9LAMI	30.675	489	290	14	137454	137912	1	470	2.51e-50	189
ACT52241.1	tr|A0A0M4LA67|A0A0M4LA67_MORAL	32.386	352	228	4	129295	129638	5	354	2.82e-50	184
ACT52241.1	tr|A0A0B2PD37|A0A0B2PD37_GLYSO	29.025	441	278	10	129319	129737	40	467	3.51e-50	187
ACT52241.1	tr|D2K8K9|D2K8K9_BAMOL	28.745	494	268	14	129318	129766	32	486	4.00e-50	189
ACT52241.1	tr|A0A220NVF8|A0A220NVF8_CAMSI	29.000	500	323	14	137468	137949	31	516	4.45e-50	189
ACT52241.1	tr|D6MXQ6|D6MXQ6_ISATI	29.423	503	302	13	128765	129235	27	508	6.02e-50	188
ACT52241.1	tr|A0A2I0AP13|A0A2I0AP13_9ASPA	28.964	473	312	9	128747	129203	10	474	9.31e-50	187
ACT52241.1	tr|A0A0B2SWE2|A0A0B2SWE2_GLYSO	29.206	428	279	10	128793	129198	9	434	4.45e-49	184
ACT52241.1	tr|A0A0B2PB00|A0A0B2PB00_GLYSO	45.178	197	81	3	130142	130338	3	172	5.87e-49	174
ACT52241.1	tr|A0A0B2RHT0|A0A0B2RHT0_GLYSO	28.390	472	308	12	128771	129225	32	490	7.93e-49	184
ACT52241.1	tr|A0A2G9GL12|A0A2G9GL12_9LAMI	28.605	430	292	8	128805	129227	103	524	9.41e-49	185
ACT52241.1	tr|O82526|O82526_CAPCH	29.614	466	288	10	128775	129216	1	450	1.36e-48	183
ACT52241.1	tr|A0A0B2QTF1|A0A0B2QTF1_GLYSO	28.571	441	293	8	128780	129198	58	498	2.29e-48	184
ACT52241.1	tr|Q17UC0|Q17UC0_CUCSA	29.957	464	281	14	129328	129766	42	486	2.99e-48	183
ACT52241.1	tr|A0A2G9GR86|A0A2G9GR86_9LAMI	30.652	460	270	14	137483	137912	30	470	4.34e-48	182
ACT52241.1	tr|B9RBR7|B9RBR7_RICCO	45.550	191	96	3	130152	130338	2	188	4.74e-48	172
ACT52241.1	tr|A0A151QWA9|A0A151QWA9_CAJCA	28.440	436	293	8	128780	129198	1	434	4.90e-48	181
ACT52241.1	sp|Q5Z5R7|C701S_ORYSJ	29.372	446	287	10	128773	129203	44	476	1.19e-47	181
ACT52241.1	tr|B9T870|B9T870_RICCO	46.500	200	107	0	129031	129230	1	200	1.58e-47	171
ACT52241.1	tr|A0A0B2P4R0|A0A0B2P4R0_GLYSO	28.571	441	293	8	128780	129198	58	498	3.25e-47	181
ACT52241.1	tr|A0A2G9HZX7|A0A2G9HZX7_9LAMI	32.698	315	197	7	129845	130152	7	313	3.82e-47	174
ACT52241.1	tr|A0A0B2QRA5|A0A0B2QRA5_GLYSO	28.603	458	297	11	128771	129207	40	488	5.45e-47	179
ACT52241.1	tr|A0A2Z4I2V7|A0A2Z4I2V7_LYCRD	28.694	467	281	13	129329	129766	43	486	7.54e-47	179
ACT52241.1	tr|A0A2G9HNK1|A0A2G9HNK1_9LAMI	27.400	500	324	11	128747	129226	25	505	9.54e-47	179
ACT52241.1	tr|A0A2I0B1V7|A0A2I0B1V7_9ASPA	28.540	459	294	11	129328	129766	42	486	1.16e-46	178
ACT52241.1	tr|E3T9X1|E3T9X1_ALLSA	28.512	477	293	13	129318	129766	32	488	1.17e-46	178
ACT52241.1	tr|B9SD83|B9SD83_RICCO	29.306	447	266	12	129329	129746	43	468	1.23e-46	178
ACT52241.1	tr|B9SJ86|B9SJ86_RICCO	33.131	329	207	5	129319	129638	31	355	2.21e-46	173
ACT52241.1	tr|A0A0B2QSX4|A0A0B2QSX4_GLYSO	28.537	410	274	8	137523	137914	61	469	2.42e-46	177
ACT52241.1	tr|B9SG18|B9SG18_RICCO	33.793	290	186	2	129489	129778	20	303	6.85e-46	170
ACT52241.1	tr|Q40909|Q40909_POPKI	28.995	438	262	11	129337	129746	1	417	1.58e-45	174
ACT52241.1	tr|B9SIK5|B9SIK5_RICCO	36.323	223	97	2	129555	129775	33	212	3.80e-45	165
ACT52241.1	tr|S4S388|S4S388_JATCU	27.565	497	313	12	128757	129225	27	504	4.85e-45	174
ACT52241.1	tr|F4YRL2|F4YRL2_9APIA	30.453	486	267	16	128783	129228	45	499	7.19e-45	173
ACT52241.1	tr|B9SYM2|B9SYM2_RICCO	43.478	207	111	4	137747	137950	57	260	3.09e-44	164
ACT52241.1	tr|A0A0B2QGV0|A0A0B2QGV0_GLYSO	53.623	138	64	0	128771	128908	31	168	1.22e-43	163
ACT52241.1	tr|A0A0B2PI80|A0A0B2PI80_GLYSO	37.441	211	118	4	128975	129175	10	216	6.60e-43	158
ACT52241.1	tr|D0Q1D3|D0Q1D3_COFAR	27.112	509	317	11	128753	129231	26	510	9.97e-43	167
ACT52241.1	tr|A0A0B2PTS0|A0A0B2PTS0_GLYSO	28.508	449	289	12	137495	137914	59	504	1.11e-42	167
ACT52241.1	tr|B9R7J5|B9R7J5_RICCO	26.550	516	348	13	128729	129227	5	506	1.71e-42	166
ACT52241.1	tr|A0A2P6RS21|A0A2P6RS21_ROSCH	29.155	343	233	4	129328	129662	41	381	3.10e-42	162
ACT52241.1	tr|B9SZS2|B9SZS2_RICCO	40.611	229	126	6	129557	129778	68	293	4.45e-42	159
ACT52241.1	tr|D0Q1D4|D0Q1D4_COFAR	28.571	490	319	9	129304	129778	36	509	2.87e-41	162
ACT52241.1	tr|A0A2G9GEU3|A0A2G9GEU3_9LAMI	30.233	344	220	8	129854	130183	10	347	4.87e-41	157
ACT52241.1	tr|B9VV87|B9VV87_9MONI	35.887	248	148	4	137672	137912	27	270	5.19e-41	155
ACT52241.1	tr|A0A2G9FYR4|A0A2G9FYR4_9LAMI	42.391	184	96	1	137763	137946	192	365	5.74e-41	157
ACT52241.1	tr|A0A0B2RE17|A0A0B2RE17_GLYSO	28.333	420	282	9	128810	129216	1	414	7.11e-41	159
ACT52241.1	tr|A0A2G9HEY0|A0A2G9HEY0_9LAMI	27.021	470	303	14	128780	129228	56	506	7.14e-41	161
ACT52241.1	tr|Q17UB9|Q17UB9_CUCME	39.205	176	104	2	130131	130304	1	175	1.35e-39	147
ACT52241.1	tr|A0A2G9FZC6|A0A2G9FZC6_9LAMI	29.641	334	221	4	129328	129657	88	411	2.80e-39	155
ACT52241.1	tr|B9RAS1|B9RAS1_RICCO	31.752	274	175	5	128876	129143	28	295	7.82e-39	149
ACT52241.1	tr|A0A0B2QX39|A0A0B2QX39_GLYSO	44.172	163	81	3	129076	129229	2	163	2.70e-38	143
ACT52241.1	tr|B9RHY2|B9RHY2_RICCO	33.613	238	152	4	128780	129013	53	288	6.20e-38	147
ACT52241.1	tr|A0A173H1Q1|A0A173H1Q1_9LAMI	51.327	113	55	0	129596	129708	1	113	2.29e-36	135
ACT52241.1	tr|A0A2I0A2H3|A0A2I0A2H3_9ASPA	45.783	166	80	3	129069	129229	96	256	5.08e-36	140
ACT52241.1	tr|A0A0B2PP97|A0A0B2PP97_GLYSO	39.535	172	96	3	129059	129229	1	165	6.59e-36	136
ACT52241.1	tr|A0A2G9G2K5|A0A2G9G2K5_9LAMI	31.271	291	186	7	129852	130131	5	292	1.67e-33	134
ACT52241.1	tr|B9RBR0|B9RBR0_RICCO	33.188	229	150	2	129848	130075	5	231	3.00e-32	129
ACT52241.1	tr|A0A0B4KID2|A0A0B4KID2_9ROSA	49.057	106	54	0	130203	130308	1	106	5.78e-32	122
ACT52241.1	tr|B9SVN6|B9SVN6_RICCO	48.148	108	54	1	129126	129231	2	109	3.39e-31	120
ACT52241.1	tr|R9WNI5|R9WNI5_9ROSI	34.783	230	129	5	130062	130279	43	263	4.42e-31	125
ACT52241.1	tr|A0A2P6Q0R9|A0A2P6Q0R9_ROSCH	25.788	349	212	6	129864	130208	28	333	5.25e-31	133
ACT52241.1	tr|A0A0B4KIE7|A0A0B4KIE7_PRUAR	49.550	111	56	0	130203	130313	1	111	5.94e-31	120
ACT52241.1	tr|A0A2G9H8E9|A0A2G9H8E9_9LAMI	29.412	272	184	4	129871	130138	25	292	1.16e-30	128
ACT52241.1	tr|A0A0B2QM76|A0A0B2QM76_GLYSO	41.228	114	67	0	129039	129152	2	115	4.79e-30	117
ACT52241.1	tr|A0A0B4KIB9|A0A0B4KIB9_9ROSA	47.706	109	57	0	130203	130311	1	109	7.48e-30	117
ACT52241.1	tr|A0A2G9HU76|A0A2G9HU76_9LAMI	24.726	457	246	11	129883	130336	18	379	9.12e-29	122
ACT52241.1	tr|B9S895|B9S895_RICCO	28.405	257	174	6	128763	129015	28	278	8.13e-28	117
ACT52241.1	tr|B9RHC8|B9RHC8_RICCO	46.602	103	54	1	130236	130337	2	104	8.23e-28	111
ACT52241.1	tr|A0A2I0B5L2|A0A2I0B5L2_9ASPA	45.378	119	63	1	130221	130337	1	119	9.43e-28	111
ACT52241.1	tr|A0A2I0B5L5|A0A2I0B5L5_9ASPA	28.239	301	199	5	129869	130160	35	327	1.33e-27	123
ACT52241.1	tr|B9S3I3|B9S3I3_RICCO	41.447	152	86	2	129006	129157	167	315	1.47e-27	117
ACT52241.1	tr|A0A2S0RR21|A0A2S0RR21_9GENT	39.310	145	86	2	130120	130263	75	218	3.06e-27	113
ACT52241.1	tr|A0A2G9HN93|A0A2G9HN93_9LAMI	38.211	123	73	1	129113	129235	4	123	5.68e-27	108
ACT52241.1	tr|B9T2D0|B9T2D0_RICCO	40.000	145	79	2	129642	129780	258	400	9.67e-27	117
ACT52241.1	tr|A0A0B2QFX3|A0A0B2QFX3_GLYSO	38.889	108	66	0	129039	129146	2	109	1.28e-26	107
ACT52241.1	tr|U5YM12|U5YM12_MALDO	24.174	484	304	16	129843	130304	22	464	3.54e-26	117
ACT52241.1	tr|B9TPU9|B9TPU9_RICCO	28.049	246	165	4	129309	129546	23	264	3.69e-26	111
ACT52241.1	tr|A0A2P6RNT6|A0A2P6RNT6_ROSCH	43.966	116	62	1	129586	129701	4	116	7.88e-26	107
ACT52241.1	tr|B9SYN2|B9SYN2_RICCO	28.214	280	188	4	128746	129015	1	277	2.06e-25	111
ACT52241.1	tr|B9TGE8|B9TGE8_RICCO	37.589	141	86	1	129858	129996	15	155	3.80e-25	105
ACT52241.1	tr|B9SRU4|B9SRU4_RICCO	34.756	164	76	2	129062	129225	114	246	6.77e-25	107
ACT52241.1	tr|A0A2G9H4H9|A0A2G9H4H9_9LAMI	24.781	456	302	12	129866	130308	20	447	8.70e-25	112
ACT52241.1	tr|B9SKJ4|B9SKJ4_RICCO	23.451	452	284	12	129876	130304	43	455	1.56e-24	112
ACT52241.1	tr|A0A2G9G5H7|A0A2G9G5H7_9LAMI	27.863	262	178	7	137476	137729	15	273	4.47e-24	106
ACT52241.1	tr|A0A2G9G9G9|A0A2G9G9G9_9LAMI	23.593	462	285	13	129871	130305	34	454	4.63e-24	110
ACT52241.1	tr|A0A2I0A3H5|A0A2I0A3H5_9ASPA	23.820	466	285	14	129868	130305	39	462	5.87e-24	110
ACT52241.1	sp|Q9FF18|C7351_ARATH	26.971	482	302	18	129322	129769	46	511	1.15e-23	109
ACT52241.1	tr|A0A0B2QFA5|A0A0B2QFA5_GLYSO	30.612	245	119	10	137677	137914	58	258	1.20e-23	105
ACT52241.1	tr|B9RHC7|B9RHC7_RICCO	27.600	250	167	4	129883	130125	45	287	2.36e-23	104
ACT52241.1	tr|A0A2P6Q0R7|A0A2P6Q0R7_ROSCH	35.593	177	108	5	129298	129470	9	183	2.41e-23	102
ACT52241.1	tr|A0A2G9H4W9|A0A2G9H4W9_9LAMI	24.025	487	293	19	128745	129208	14	446	8.79e-23	106
ACT52241.1	tr|B9T6D5|B9T6D5_RICCO	34.247	146	93	2	129849	129994	13	155	2.15e-22	97.8
ACT52241.1	tr|Q40907|Q40907_POPKI	26.519	362	241	10	137497	137842	44	396	2.33e-22	103
ACT52241.1	tr|A0A0B2SK61|A0A0B2SK61_GLYSO	23.947	451	289	15	129876	130307	49	464	4.98e-22	104
ACT52241.1	tr|A0A220NVF9|A0A220NVF9_CAMSI	24.746	493	289	20	128748	129206	19	463	5.45e-22	103
ACT52241.1	tr|B9SV74|B9SV74_RICCO	21.458	480	325	15	129849	130309	3	449	7.15e-22	103
ACT52241.1	tr|A0A2G9H511|A0A2G9H511_9LAMI	29.412	221	144	6	128983	129197	153	367	7.90e-22	102
ACT52241.1	tr|A0A1D8RF46|A0A1D8RF46_STRHE	25.510	490	294	18	129844	130316	5	440	1.66e-21	102
ACT52241.1	tr|B9T864|B9T864_RICCO	27.004	237	149	5	130080	130306	40	262	2.01e-21	98.6
ACT52241.1	tr|A0A151R0U6|A0A151R0U6_CAJCA	24.576	472	296	18	129291	129748	3	428	4.88e-21	100
ACT52241.1	tr|A0A1D8RF30|A0A1D8RF30_OROMI	23.640	478	295	17	128745	129200	8	437	5.87e-21	100
ACT52241.1	tr|A0A1D8RF65|A0A1D8RF65_STRHE	24.494	494	295	19	129843	130313	7	445	7.62e-21	100
ACT52241.1	tr|M9Q2P3|M9Q2P3_VITVI	22.947	475	312	13	129847	130309	10	442	8.35e-21	100
ACT52241.1	tr|B9SC56|B9SC56_RICCO	22.462	463	304	15	129861	130308	15	437	1.07e-20	99.8
ACT52241.1	tr|A0A2G9I963|A0A2G9I963_9LAMI	24.066	482	287	18	129851	130308	10	436	1.34e-20	99.4
ACT52241.1	tr|D7TFC7|D7TFC7_VITVI	24.289	457	273	15	128768	129200	36	443	2.03e-20	99.0
ACT52241.1	tr|A0A1D8RF31|A0A1D8RF31_OROCE	23.640	478	295	17	128745	129200	8	437	2.10e-20	99.0
ACT52241.1	tr|B9SAF0|B9SAF0_RICCO	23.348	454	294	12	129875	130308	30	449	2.12e-20	99.0
ACT52241.1	tr|A0A2G9GVV1|A0A2G9GVV1_9LAMI	23.014	491	304	19	129844	130307	14	457	2.84e-20	98.6
ACT52241.1	tr|A0A0B2P7N6|A0A0B2P7N6_GLYSO	25.403	496	284	21	129840	130308	2	438	2.87e-20	98.2
ACT52241.1	tr|C7T4G7|C7T4G7_WHEAT	30.882	204	119	7	130112	130305	48	239	2.96e-20	94.4
ACT52241.1	tr|A0A2G9HE44|A0A2G9HE44_9LAMI	28.696	230	151	5	130087	130306	241	467	4.11e-20	98.2
ACT52241.1	tr|A0A1X9H7V5|A0A1X9H7V5_TRIWF	23.060	451	292	14	129876	130305	40	456	5.61e-20	97.8
ACT52241.1	tr|B9R7Y0|B9R7Y0_RICCO	24.190	463	272	18	128771	129200	13	429	5.63e-20	97.4
ACT52241.1	tr|K9MZ39|K9MZ39_9BRAS	28.692	237	151	4	128971	129203	74	296	6.58e-20	94.7
ACT52241.1	tr|A0A1D8RF49|A0A1D8RF49_TRIVS	24.641	487	290	17	129849	130308	3	439	7.70e-20	97.1
ACT52241.1	tr|J3T3R0|J3T3R0_PHERA	25.105	478	294	18	129843	130308	11	436	7.91e-20	97.1
ACT52241.1	tr|A0A220NVG6|A0A220NVG6_CAMSI	30.531	226	142	7	129555	129776	247	461	9.63e-20	96.7
ACT52241.1	tr|A0A2G9HYR6|A0A2G9HYR6_9LAMI	33.333	123	81	1	129864	129985	18	140	1.95e-19	88.6
ACT52241.1	tr|B9RY37|B9RY37_RICCO	23.529	476	294	17	137463	137916	14	441	2.27e-19	95.5
ACT52241.1	sp|Q9ZW95|C7352_ARATH	29.630	270	174	8	129509	129769	243	505	2.79e-19	95.9
ACT52241.1	tr|C7T4G9|C7T4G9_WHEAT	30.392	204	120	7	130112	130305	48	239	3.11e-19	91.3
ACT52241.1	tr|C7T4G4|C7T4G4_WHEAT	30.392	204	120	7	130112	130305	48	239	3.14e-19	91.3
ACT52241.1	tr|A0A0B2RTI8|A0A0B2RTI8_GLYSO	22.904	489	296	16	129851	130308	5	443	4.06e-19	95.1
ACT52241.1	tr|A0A1D8MM90|A0A1D8MM90_SENAL	28.638	213	140	4	130080	130289	137	340	4.92e-19	92.8
ACT52241.1	tr|B9SN45|B9SN45_RICCO	22.678	463	285	14	129870	130306	33	448	4.94e-19	94.7
ACT52241.1	tr|A0A2G9IA64|A0A2G9IA64_9LAMI	23.590	390	249	13	129967	130328	116	484	5.20e-19	94.7
ACT52241.1	tr|A0A1Z1MY52|A0A1Z1MY52_PEA	24.490	490	302	16	129845	130313	3	445	6.07e-19	94.4
ACT52241.1	tr|A0A2G9GQL0|A0A2G9GQL0_9LAMI	27.660	235	156	6	130080	130307	225	452	6.21e-19	94.4
ACT52241.1	tr|A0A1D8RF66|A0A1D8RF66_TRIVS	22.912	467	291	16	128762	129208	29	446	6.28e-19	94.4
ACT52241.1	tr|A0A1Z1MY54|A0A1Z1MY54_PEA	24.385	488	293	17	129845	130308	3	438	1.02e-18	93.6
ACT52241.1	tr|A0A220NVG9|A0A220NVG9_CAMSI	25.862	232	160	4	130080	130308	220	442	1.23e-18	93.2
ACT52241.1	tr|Q0PCE8|Q0PCE8_SOLME	33.523	176	113	2	128957	129128	103	278	1.46e-18	89.7
ACT52241.1	tr|A0A0B2Q5U7|A0A0B2Q5U7_GLYSO	24.852	338	212	11	137592	137915	139	448	1.54e-18	93.2
ACT52241.1	tr|A0A220NVG5|A0A220NVG5_CAMSI	24.145	497	304	22	129855	130334	18	458	1.59e-18	92.8
ACT52241.1	tr|B9SV76|B9SV76_RICCO	22.917	480	316	17	129842	130308	7	445	1.75e-18	92.8
ACT52241.1	tr|A0A151SPY3|A0A151SPY3_CAJCA	27.237	257	157	7	128962	129205	184	423	1.79e-18	92.4
ACT52241.1	tr|A0A2G9GPW3|A0A2G9GPW3_9LAMI	26.971	241	161	6	130088	130325	233	461	2.21e-18	92.8
ACT52241.1	tr|A0A1W6S9Y7|A0A1W6S9Y7_CHEMJ	34.559	136	85	2	129877	130009	44	178	2.21e-18	89.0
ACT52241.1	tr|B9S6B8|B9S6B8_RICCO	28.049	246	157	6	129511	129752	236	465	2.25e-18	92.8
ACT52241.1	tr|B3RH47|B3RH47_9ROSA	30.939	181	116	3	137672	137846	104	281	2.73e-18	89.4
ACT52241.1	tr|Q0PCE7|Q0PCE7_SOLME	33.143	175	113	2	128957	129127	103	277	3.24e-18	89.0
ACT52241.1	tr|A0A151SI06|A0A151SI06_CAJCA	29.259	270	156	9	129524	129781	216	462	4.21e-18	91.7
ACT52241.1	tr|B9T450|B9T450_RICCO	25.758	330	199	12	128891	129199	145	449	4.35e-18	91.7
ACT52241.1	tr|A0A2I0B8K2|A0A2I0B8K2_9ASPA	23.077	455	279	11	137486	137916	70	477	4.99e-18	91.7
ACT52241.1	tr|A0A220NVG1|A0A220NVG1_CAMSI	26.522	230	151	5	130087	130307	243	463	5.42e-18	91.7
ACT52241.1	tr|B9RYI0|B9RYI0_RICCO	30.603	232	146	7	129530	129755	229	451	8.38e-18	90.9
ACT52241.1	tr|A0A2G9HB37|A0A2G9HB37_9LAMI	32.374	139	89	2	130168	130306	16	149	9.31e-18	85.1
ACT52241.1	sp|Q6JTJ0|T7H_TAXCU	28.571	245	161	6	130077	130316	239	474	1.25e-17	90.5
ACT52241.1	tr|A0A2G9FXZ3|A0A2G9FXZ3_9LAMI	29.694	229	149	6	130087	130308	237	460	1.46e-17	90.1
ACT52241.1	tr|A0A1D8RF50|A0A1D8RF50_TRIVS	29.185	233	146	6	129524	129750	218	437	1.48e-17	90.1
ACT52241.1	tr|B9SHL8|B9SHL8_RICCO	28.054	221	145	7	130094	130306	48	262	1.52e-17	87.4
ACT52241.1	tr|M9Q2S1|M9Q2S1_VITVI	21.413	467	322	15	129852	130308	6	437	1.56e-17	89.7
ACT52241.1	tr|A0A2G9I6B8|A0A2G9I6B8_9LAMI	31.373	204	128	4	129003	129200	255	452	1.82e-17	89.7
ACT52241.1	tr|A0A2R4SC77|A0A2R4SC77_CAMSI	27.556	225	151	5	130087	130308	227	442	1.95e-17	89.7
ACT52241.1	sp|Q2MJ21|C7A67_MEDTR	26.337	243	166	4	137685	137916	251	491	2.87e-17	89.4
ACT52241.1	tr|A0A2G9HE80|A0A2G9HE80_9LAMI	27.347	245	162	6	130081	130322	245	476	3.75e-17	89.0
ACT52241.1	tr|B9S713|B9S713_RICCO	27.536	276	168	12	129520	129779	219	478	5.97e-17	88.2
ACT52241.1	tr|B9R8M6|B9R8M6_RICCO	28.270	237	155	6	130102	130327	242	474	6.83e-17	88.2
ACT52241.1	tr|B9SJJ5|B9SJJ5_RICCO	23.121	519	318	15	129852	130329	6	484	1.22e-16	87.4
ACT52241.1	tr|A0A2G9G833|A0A2G9G833_9LAMI	25.847	236	159	6	130115	130337	153	385	1.30e-16	86.3
ACT52241.1	tr|Q400R7|Q400R7_LACSA	26.744	258	173	7	130418	130666	6	256	1.35e-16	84.0
ACT52241.1	tr|B9S6I4|B9S6I4_RICCO	23.542	480	320	15	137454	137918	1	448	1.55e-16	87.0
ACT52241.1	tr|A0A2G9FVW3|A0A2G9FVW3_9LAMI	25.077	323	218	8	129442	129750	13	325	1.60e-16	85.5
ACT52241.1	tr|B9SPT3|B9SPT3_RICCO	26.296	270	179	9	129516	129779	213	468	3.02e-16	85.9
ACT52241.1	tr|B9RHG4|B9RHG4_RICCO	27.273	275	177	9	129516	129781	215	475	3.70e-16	85.5
ACT52241.1	tr|A0A151TC27|A0A151TC27_CAJCA	24.390	246	166	6	129510	129752	167	395	4.65e-16	84.7
ACT52241.1	tr|A0A0B2RAF9|A0A0B2RAF9_GLYSO	49.351	77	39	0	129678	129754	596	672	7.55e-16	85.5
ACT52241.1	tr|B9SEB4|B9SEB4_RICCO	27.426	237	151	7	130081	130310	238	460	8.74e-16	84.7
