ACV53022.1	tr|C8YYL6|C8YYL6_AMATU	100.000	518	0	0	51497	52014	1	518	0.0	1064
ACV53022.1	tr|C8YYL7|C8YYL7_AMATU	100.000	518	0	0	50917	51434	1	518	0.0	1064
ACV53022.1	tr|C8YXI6|C8YXI6_AMAPA	100.000	518	0	0	1	518	1	518	0.0	1062
ACV53022.1	tr|C8YXI5|C8YXI5_AMAPA	100.000	518	0	0	576	1093	1	518	0.0	1059
ACV53022.1	tr|M1K5H3|M1K5H3_AMAPA	100.000	510	0	0	26295	26804	1	510	0.0	1046
ACV53022.1	tr|M1K439|M1K439_AMAPA	100.000	510	0	0	25147	25656	1	510	0.0	1046
ACV53022.1	tr|A0A142K486|A0A142K486_AMAVI	97.679	517	12	0	2	518	1	517	0.0	1038
ACV53022.1	tr|W8Q9H2|W8Q9H2_AMASP	100.000	497	0	0	2	498	1	497	0.0	1015
ACV53022.1	tr|W8Q8I3|W8Q8I3_AMASP	98.994	497	5	0	2	498	1	497	0.0	1007
ACV53022.1	tr|W8R3N7|W8R3N7_AMASP	98.994	497	5	0	2	498	1	497	0.0	1007
ACV53022.1	tr|A0A142K487|A0A142K487_AMARE	98.954	478	5	0	41	518	1	478	0.0	970
ACV53022.1	tr|A0A142K488|A0A142K488_AMABL	97.908	478	9	1	41	518	1	477	0.0	956
ACV53022.1	tr|A0A0K9RIA3|A0A0K9RIA3_SPIOL	89.382	518	51	2	1	518	1	514	0.0	951
ACV53022.1	tr|A0A7C9CHK7|A0A7C9CHK7_OPUST	85.549	519	73	2	1	518	1	518	0.0	907
ACV53022.1	tr|Q30CZ8|Q30CZ8_FAGSY	80.998	521	95	2	1	518	1	520	0.0	857
ACV53022.1	tr|A0A1U8ABI8|A0A1U8ABI8_NELNU	78.476	525	106	2	1	518	1	525	0.0	847
ACV53022.1	tr|A0A5B7ANL6|A0A5B7ANL6_DAVIN	81.262	523	92	2	1	518	1	522	0.0	844
ACV53022.1	tr|A0A6L5B9B8|A0A6L5B9B8_APIGR	78.368	527	103	2	1	518	1	525	0.0	841
ACV53022.1	tr|A0A166FFB0|A0A166FFB0_DAUCS	78.286	525	107	1	51497	52014	1	525	0.0	840
ACV53022.1	tr|A0A2P6SFY3|A0A2P6SFY3_ROSCH	79.693	522	101	4	51497	52014	1	521	0.0	839
ACV53022.1	tr|A0A2I4DKQ7|A0A2I4DKQ7_JUGRE	79.580	524	99	5	576	1093	1	522	0.0	838
ACV53022.1	tr|A0A2U1MP09|A0A2U1MP09_ARTAN	79.612	515	99	2	5	518	7	516	0.0	835
ACV53022.1	tr|A0A2I0WBU8|A0A2I0WBU8_9ASPA	78.220	528	104	3	1	518	3	529	0.0	833
ACV53022.1	tr|A0A6I9RYL5|A0A6I9RYL5_ELAGV	77.883	529	107	3	26279	26804	1	522	0.0	832
ACV53022.1	tr|A0A059CIR5|A0A059CIR5_EUCGR	81.363	499	87	3	26308	26804	19	513	0.0	831
ACV53022.1	tr|A0A371FL00|A0A371FL00_MUCPR	77.186	526	111	2	576	1093	1	525	0.0	828
ACV53022.1	tr|A0A2U1QK72|A0A2U1QK72_ARTAN	78.420	519	106	2	1	518	1	514	0.0	828
ACV53022.1	tr|A0A5N6QG01|A0A5N6QG01_9ROSI	79.693	522	101	3	50917	51434	1	521	0.0	827
ACV53022.1	tr|M0U232|M0U232_MUSAM	83.789	475	75	1	46	518	44	518	0.0	826
ACV53022.1	tr|A0A172QP98|A0A172QP98_FRAAN	77.567	526	104	4	51497	52014	1	520	0.0	825
ACV53022.1	tr|A0A2R6RCQ6|A0A2R6RCQ6_ACTCC	80.077	522	100	2	1	518	1	522	0.0	825
ACV53022.1	tr|A0A6A4PNT7|A0A6A4PNT7_LUPAL	78.937	527	100	3	1	518	1	525	0.0	825
ACV53022.1	tr|A0A4S8IKF3|A0A4S8IKF3_MUSBA	85.590	458	66	0	61	518	61	518	0.0	824
ACV53022.1	tr|A0A199UTR0|A0A199UTR0_ANACO	80.115	523	96	4	1	518	1	520	0.0	823
ACV53022.1	tr|A0A2H3YUT8|A0A2H3YUT8_PHODC	81.727	498	84	3	26307	26804	32	522	0.0	823
ACV53022.1	tr|A0A6P5GNZ8|A0A6P5GNZ8_ANACO	80.115	523	96	4	1	518	1	520	0.0	823
ACV53022.1	tr|A0A200R9Y2|A0A200R9Y2_9MAGN	80.268	522	97	3	576	1093	1	520	0.0	822
ACV53022.1	tr|Q1M157|Q1M157_CAMAC	79.732	523	97	4	1	518	1	519	0.0	822
ACV53022.1	tr|W0FFD6|W0FFD6_MUSAC	84.516	465	72	0	54	518	50	514	0.0	821
ACV53022.1	tr|A0A6S7NS83|A0A6S7NS83_LACSI	79.423	520	99	4	4	518	2	518	0.0	820
ACV53022.1	tr|A0A2J6KQQ6|A0A2J6KQQ6_LACSA	79.615	520	98	4	4	518	2	518	0.0	818
ACV53022.1	tr|A0A6P6AZB2|A0A6P6AZB2_DURZI	77.629	523	110	2	1	518	1	521	0.0	818
ACV53022.1	tr|A0A6A4LV35|A0A6A4LV35_9ERIC	79.730	518	99	3	1	518	1	512	0.0	818
ACV53022.1	tr|A0A2R6QPH7|A0A2R6QPH7_ACTCC	78.626	524	104	3	51497	52014	1	522	0.0	818
ACV53022.1	tr|M0S4R3|M0S4R3_MUSAM	79.159	523	104	3	6720	7242	1	518	0.0	818
ACV53022.1	tr|A0A6J1D1H2|A0A6J1D1H2_MOMCH	79.206	529	99	3	1	518	1	529	0.0	817
ACV53022.1	tr|A0A151UC41|A0A151UC41_CAJCA	79.087	526	101	2	1	518	1	525	0.0	817
ACV53022.1	sp|P11043|AROA_PETHY	80.577	520	95	4	1	518	1	516	0.0	816
ACV53022.1	tr|A0A2H9ZZR4|A0A2H9ZZR4_9ASPA	85.777	457	65	0	61	517	69	525	0.0	816
ACV53022.1	tr|A0A345N8W8|A0A345N8W8_9ASTR	86.154	455	62	1	26351	26804	69	523	0.0	816
ACV53022.1	tr|A0A6I9SCZ8|A0A6I9SCZ8_ELAGV	78.977	528	95	3	1	518	1	522	0.0	816
ACV53022.1	tr|A0A345N8W9|A0A345N8W9_9ASTR	86.154	455	62	1	26351	26804	69	523	0.0	816
ACV53022.1	tr|A0A6J1IGL2|A0A6J1IGL2_CUCMA	79.087	526	102	3	1	518	1	526	0.0	815
ACV53022.1	tr|A0A3G9EL19|A0A3G9EL19_9LILI	77.843	510	102	3	16	518	7	512	0.0	815
ACV53022.1	tr|A0A061DTZ2|A0A061DTZ2_THECC	80.422	521	99	2	1	518	1	521	0.0	815
ACV53022.1	tr|A0A4S8I8K9|A0A4S8I8K9_MUSBA	79.576	519	101	3	6724	7242	5	518	0.0	814
ACV53022.1	tr|A0A345N8Y2|A0A345N8Y2_9ASTR	85.934	455	63	1	26351	26804	66	520	0.0	814
ACV53022.1	tr|A0A345N8Y0|A0A345N8Y0_9ASTR	85.934	455	63	1	26351	26804	66	520	0.0	814
ACV53022.1	tr|A0A345N8X0|A0A345N8X0_9ASTR	85.934	455	63	1	26351	26804	69	523	0.0	814
ACV53022.1	tr|A0A345N8X4|A0A345N8X4_9ASTR	85.934	455	63	1	26351	26804	66	520	0.0	814
ACV53022.1	tr|Q6E6L4|Q6E6L4_CONCD	85.934	455	63	1	26351	26804	69	523	0.0	814
ACV53022.1	tr|G4U4J5|G4U4J5_CONCD	85.714	455	64	1	26351	26804	69	523	0.0	813
ACV53022.1	tr|A0A6A5MWN1|A0A6A5MWN1_LUPAL	78.937	527	99	4	1	518	1	524	0.0	813
ACV53022.1	tr|A0A6J1FWK9|A0A6J1FWK9_CUCMO	79.087	526	102	3	1	518	1	526	0.0	813
ACV53022.1	tr|Q6E6L5|Q6E6L5_CONCD	80.038	521	94	4	4	518	3	519	0.0	813
ACV53022.1	tr|M1A9Z3|M1A9Z3_SOLTU	79.885	522	97	4	1	518	1	518	0.0	812
ACV53022.1	tr|A0A345N8Y1|A0A345N8Y1_9ASTR	85.495	455	65	1	26351	26804	66	520	0.0	812
ACV53022.1	tr|G4U4J4|G4U4J4_CONCD	80.268	522	91	4	4	518	3	519	0.0	811
ACV53022.1	tr|A0A6I9SBM8|A0A6I9SBM8_ELAGV	78.679	530	95	4	1	518	1	524	0.0	811
ACV53022.1	tr|H6U643|H6U643_9ASTR	79.612	515	98	4	25146	25656	9	520	0.0	810
ACV53022.1	tr|A0A6J1A1W0|A0A6J1A1W0_9ROSI	80.230	521	100	3	1	518	1	521	0.0	809
ACV53022.1	tr|A0A4S4DR40|A0A4S4DR40_CAMSI	74.865	557	123	3	26248	26804	44	583	0.0	808
ACV53022.1	tr|A0A1J7H2T7|A0A1J7H2T7_LUPAN	77.989	527	104	4	1	518	1	524	0.0	808
ACV53022.1	tr|A0A6N2B2Z6|A0A6N2B2Z6_SOLCI	79.310	522	100	4	1	518	1	518	0.0	808
ACV53022.1	tr|A0A1S2YLL6|A0A1S2YLL6_CICAR	78.137	526	106	2	50917	51434	1	525	0.0	808
ACV53022.1	tr|A0A345N8V8|A0A345N8V8_9ASTR	80.077	522	92	4	4	518	3	519	0.0	808
ACV53022.1	tr|A0A6P4AJ93|A0A6P4AJ93_ZIZJJ	78.558	527	103	4	50917	51434	1	526	0.0	807
ACV53022.1	tr|A0A2G3DDT4|A0A2G3DDT4_CAPCH	76.850	527	107	5	51497	52014	1	521	0.0	807
ACV53022.1	tr|A0A5S9X766|A0A5S9X766_ARATH	77.247	523	111	3	1	518	1	520	0.0	807
ACV53022.1	tr|A0A345N8U8|A0A345N8U8_9ASTR	79.885	522	93	4	4	518	3	519	0.0	807
ACV53022.1	tr|A0A5D3D3C3|A0A5D3D3C3_CUCME	78.327	526	106	2	1	518	1	526	0.0	807
ACV53022.1	sp|P05466|AROA_ARATH	77.247	523	111	3	1	518	1	520	0.0	807
ACV53022.1	tr|M5X3W8|M5X3W8_PRUPE	78.476	525	105	3	1	518	1	524	0.0	806
ACV53022.1	tr|A0A445E9D3|A0A445E9D3_ARAHY	78.220	528	103	4	1	518	1	526	0.0	806
ACV53022.1	tr|A0A6P5RNW7|A0A6P5RNW7_PRUAV	78.286	525	106	3	1	518	1	524	0.0	806
ACV53022.1	tr|A0A345N8V7|A0A345N8V7_9ASTR	79.885	522	93	4	4	518	3	519	0.0	806
ACV53022.1	tr|A0A345N8V9|A0A345N8V9_9ASTR	79.885	522	93	4	4	518	3	519	0.0	806
ACV53022.1	tr|A0A1J3E0I6|A0A1J3E0I6_NOCCA	76.660	527	114	5	1	518	1	527	0.0	806
ACV53022.1	tr|A0A1U7WR75|A0A1U7WR75_NICSY	79.923	518	98	3	1	518	1	512	0.0	806
ACV53022.1	tr|A0A3Q7GLX3|A0A3Q7GLX3_SOLLC	79.310	522	100	4	1	518	1	518	0.0	806
ACV53022.1	tr|A0A140DN07|A0A140DN07_9POAL	86.414	449	59	2	26357	26804	68	515	0.0	806
ACV53022.1	tr|A0A2R6R6G0|A0A2R6R6G0_ACTCC	80.664	512	90	4	26293	26804	10	512	0.0	806
ACV53022.1	tr|A0A314ZJW2|A0A314ZJW2_PRUYE	78.476	525	105	3	1	518	1	524	0.0	806
ACV53022.1	tr|A0A2G3AHD0|A0A2G3AHD0_CAPAN	76.660	527	108	5	51497	52014	1	521	0.0	805
ACV53022.1	tr|A0A1U8GVU4|A0A1U8GVU4_CAPAN	76.660	527	108	5	51497	52014	1	521	0.0	805
ACV53022.1	tr|A0A445E6M8|A0A445E6M8_ARAHY	78.030	528	104	4	1	518	1	526	0.0	805
ACV53022.1	tr|A0A654F3G7|A0A654F3G7_ARATH	77.055	523	112	3	1	518	1	520	0.0	805
ACV53022.1	tr|A0A1S3AVE7|A0A1S3AVE7_CUCME	78.137	526	107	2	1	518	1	526	0.0	805
ACV53022.1	tr|A0A2G9H2R6|A0A2G9H2R6_9LAMI	87.773	458	55	1	26347	26804	63	519	0.0	805
ACV53022.1	tr|A0A345N8V1|A0A345N8V1_9ASTR	79.693	522	94	4	4	518	3	519	0.0	805
ACV53022.1	tr|A0A5A7U401|A0A5A7U401_CUCME	78.137	526	107	2	1	518	1	526	0.0	805
ACV53022.1	tr|A0A5N6LK10|A0A5N6LK10_9ASTR	78.764	518	103	3	6729	7243	4	517	0.0	805
ACV53022.1	tr|D2CIU2|D2CIU2_9ASTR	87.302	441	56	0	26364	26804	6	446	0.0	805
ACV53022.1	tr|A0A0A0L4E4|A0A0A0L4E4_CUCSA	78.327	526	106	2	1	518	1	526	0.0	805
ACV53022.1	tr|A0A6J1E9L2|A0A6J1E9L2_CUCMO	78.113	530	101	4	6722	7242	5	528	0.0	805
ACV53022.1	tr|A0A1J3HBZ8|A0A1J3HBZ8_NOCCA	76.660	527	114	5	1	518	1	527	0.0	805
ACV53022.1	tr|A0A6P8DN04|A0A6P8DN04_PUNGR	83.229	477	78	2	618	1093	47	522	0.0	804
ACV53022.1	tr|W9RXC5|W9RXC5_9ROSA	86.667	465	61	1	54	518	62	525	0.0	804
ACV53022.1	tr|A0A6P4CG93|A0A6P4CG93_ARADU	78.220	528	103	4	1	518	1	526	0.0	803
ACV53022.1	tr|A0A2P5CCC8|A0A2P5CCC8_TREOI	78.095	525	108	3	50917	51434	1	525	0.0	803
ACV53022.1	tr|A0A2G2XNQ6|A0A2G2XNQ6_CAPBA	76.471	527	109	5	51497	52014	1	521	0.0	803
ACV53022.1	tr|A0A1J3J5B9|A0A1J3J5B9_NOCCA	76.471	527	115	5	1	518	1	527	0.0	803
ACV53022.1	tr|A0A178VT19|A0A178VT19_ARATH	76.864	523	113	3	1	518	1	520	0.0	803
ACV53022.1	tr|G1FBT6|G1FBT6_CAPAN	81.557	488	80	4	26317	26804	39	516	0.0	803
ACV53022.1	tr|A8YTA7|A8YTA7_9ASTR	87.075	441	57	0	26364	26804	6	446	0.0	803
ACV53022.1	tr|A0A0K9NRE7|A0A0K9NRE7_ZOSMR	78.873	497	101	3	26308	26804	23	515	0.0	803
ACV53022.1	tr|A0A5E4FH79|A0A5E4FH79_PRUDU	78.897	526	101	6	1	518	1	524	0.0	803
ACV53022.1	tr|A0A067K174|A0A067K174_JATCU	78.503	521	107	3	1	518	1	519	0.0	803
ACV53022.1	tr|A0A1J3F4M4|A0A1J3F4M4_NOCCA	76.471	527	115	5	1	518	1	527	0.0	803
ACV53022.1	tr|A0A2Z7CLX6|A0A2Z7CLX6_9LAMI	82.424	495	81	3	28	518	26	518	0.0	803
ACV53022.1	tr|A0A126SNX5|A0A126SNX5_9POAL	81.874	491	86	3	26315	26804	26	514	0.0	803
ACV53022.1	tr|A0A6P6VTQ7|A0A6P6VTQ7_COFAR	81.018	511	81	5	21	518	8	515	0.0	802
ACV53022.1	tr|A0A089VH80|A0A089VH80_9POAL	81.874	491	86	3	26315	26804	21	509	0.0	802
ACV53022.1	tr|A0A0N7E509|A0A0N7E509_9ASPA	80.077	522	95	5	6722	7242	3	516	0.0	802
ACV53022.1	tr|D0VBC7|D0VBC7_VITVI	78.244	524	105	3	50917	51434	1	521	0.0	802
ACV53022.1	tr|A0A140DN06|A0A140DN06_9POAL	86.192	449	60	2	26357	26804	67	514	0.0	802
ACV53022.1	tr|A0A0N9BED5|A0A0N9BED5_9ASPA	79.310	522	101	5	6722	7242	3	518	0.0	802
ACV53022.1	tr|A0A2G5E2Q7|A0A2G5E2Q7_AQUCA	77.989	527	106	2	1	518	1	526	0.0	802
ACV53022.1	tr|A0A1S4C0K4|A0A1S4C0K4_TOBAC	77.230	527	102	5	51497	52014	1	518	0.0	801
ACV53022.1	tr|A0A6J1IYT9|A0A6J1IYT9_CUCMA	77.778	531	107	3	6719	7242	2	528	0.0	801
ACV53022.1	tr|A0A2P5ADN8|A0A2P5ADN8_PARAD	78.286	525	107	3	50917	51434	1	525	0.0	801
ACV53022.1	tr|A0A2H3ZFH7|A0A2H3ZFH7_PHODC	78.927	522	105	3	1	518	1	521	0.0	801
ACV53022.1	tr|D2CIU6|D2CIU6_9ASTR	87.075	441	57	0	26364	26804	6	446	0.0	801
ACV53022.1	tr|A0A078J1K1|A0A078J1K1_BRANA	76.923	520	113	5	50917	51434	1	515	0.0	801
ACV53022.1	tr|M1CGC9|M1CGC9_SOLTU	79.238	525	96	6	1	518	1	519	0.0	800
ACV53022.1	tr|A0A3S3MQP3|A0A3S3MQP3_9MAGN	80.038	521	98	5	1	518	1	518	0.0	800
ACV53022.1	tr|D2CIU4|D2CIU4_9ASTR	87.220	446	57	0	73	518	1	446	0.0	800
ACV53022.1	sp|P23981|AROA1_TOBAC	77.040	527	103	5	51497	52014	1	518	0.0	800
ACV53022.1	tr|A0A1P8B1E5|A0A1P8B1E5_ARATH	77.220	518	110	3	1	513	1	515	0.0	799
ACV53022.1	tr|A0A0M8KSM3|A0A0M8KSM3_NICAT	79.730	518	93	5	1	518	1	506	0.0	799
ACV53022.1	tr|D2CIU5|D2CIU5_9ASTR	87.220	446	57	0	73	518	1	446	0.0	799
ACV53022.1	tr|A0A0N9BED7|A0A0N9BED7_LIRMU	79.310	522	101	5	6722	7242	3	518	0.0	799
ACV53022.1	tr|A0A0B0MKL1|A0A0B0MKL1_GOSAR	78.998	519	105	2	3	518	4	521	0.0	799
ACV53022.1	tr|G7JEN4|G7JEN4_MEDTR	78.137	526	103	3	1	518	1	522	0.0	799
ACV53022.1	tr|A0A6J5WEC5|A0A6J5WEC5_PRUAR	77.524	525	110	3	1	518	1	524	0.0	799
ACV53022.1	tr|A0A5J4ZAW2|A0A5J4ZAW2_9ASTE	87.185	437	56	0	82	518	1040	1476	0.0	798
ACV53022.1	tr|A0A068TN19|A0A068TN19_COFCA	87.336	458	57	1	61	518	10	466	0.0	798
ACV53022.1	tr|A0A2C9VT94|A0A2C9VT94_MANES	78.244	524	106	3	1	518	1	522	0.0	798
ACV53022.1	tr|A0A251S0N3|A0A251S0N3_HELAN	85.996	457	64	0	26348	26804	62	518	0.0	798
ACV53022.1	tr|A0A2P5WGR5|A0A2P5WGR5_GOSBA	79.191	519	104	2	3	518	4	521	0.0	798
ACV53022.1	tr|A0A6P5ZW89|A0A6P5ZW89_DURZI	78.352	522	107	2	1	518	1	520	0.0	797
ACV53022.1	tr|A0A6P5ZWD4|A0A6P5ZWD4_DURZI	78.654	520	109	2	1	518	1	520	0.0	797
ACV53022.1	tr|D2CIU7|D2CIU7_9ASTR	86.621	441	59	0	26364	26804	6	446	0.0	797
ACV53022.1	tr|A0A5N6NPZ5|A0A5N6NPZ5_9ASTR	88.196	449	52	1	26357	26804	70	518	0.0	797
ACV53022.1	tr|A0A5D2WSS2|A0A5D2WSS2_GOSMU	78.998	519	105	2	3	518	4	521	0.0	797
ACV53022.1	tr|A7Y7Y2|A7Y7Y2_GOSHI	78.998	519	105	2	3	518	4	521	0.0	797
ACV53022.1	tr|A0A5D2E8P9|A0A5D2E8P9_GOSDA	78.998	519	105	2	3	518	4	521	0.0	797
ACV53022.1	tr|A0A1U7YG45|A0A1U7YG45_NICSY	78.544	522	104	5	1	518	1	518	0.0	797
ACV53022.1	tr|A0A5J5T9R9|A0A5J5T9R9_GOSBA	78.998	519	105	2	3	518	4	521	0.0	797
ACV53022.1	tr|D2CIU3|D2CIU3_9ASTR	86.996	446	58	0	73	518	1	446	0.0	796
ACV53022.1	tr|A0A1Q3CEV3|A0A1Q3CEV3_CEPFO	84.716	458	69	1	61	518	64	520	0.0	796
ACV53022.1	tr|A0A3Q7EKI7|A0A3Q7EKI7_SOLLC	79.087	526	96	7	1	518	1	520	0.0	796
ACV53022.1	tr|A0A5D2MVQ5|A0A5D2MVQ5_GOSTO	78.420	519	108	2	3	518	4	521	0.0	795
ACV53022.1	tr|A0A6D2JXJ5|A0A6D2JXJ5_9BRAS	75.901	527	118	5	1	518	1	527	0.0	795
ACV53022.1	tr|A0A1J7IWW3|A0A1J7IWW3_LUPAN	84.449	463	71	1	56	518	6	467	0.0	793
ACV53022.1	tr|Q946V0|Q946V0_9LAMI	78.488	516	97	4	15	518	3	516	0.0	793
ACV53022.1	tr|Q946U9|Q946U9_9LAMI	78.682	516	96	4	15	518	3	516	0.0	793
ACV53022.1	sp|P10748|AROA_SOLLC	78.897	526	97	7	1	518	1	520	0.0	793
ACV53022.1	tr|A8YTA6|A8YTA6_9ASTR	87.919	447	54	0	72	518	1	447	0.0	793
ACV53022.1	tr|A0A251V1I3|A0A251V1I3_HELAN	77.609	527	87	3	4	518	2	509	0.0	793
ACV53022.1	tr|A0A484M6T4|A0A484M6T4_9ASTE	77.799	527	104	5	51497	52014	1	523	0.0	793
ACV53022.1	tr|A0A5D2SCP1|A0A5D2SCP1_GOSMU	78.764	518	108	2	578	1093	4	521	0.0	792
ACV53022.1	tr|A0A067HD33|A0A067HD33_CITSI	77.264	519	117	1	1	518	1	519	0.0	792
ACV53022.1	tr|A0A6I9TZG3|A0A6I9TZG3_SESIN	88.210	458	53	1	26347	26804	63	519	0.0	792
ACV53022.1	tr|A0A2H5NP74|A0A2H5NP74_CITUN	77.264	519	117	1	1	518	1	519	0.0	791
ACV53022.1	tr|B9GPE8|B9GPE8_POPTR	77.500	520	113	4	1	518	1	518	0.0	791
ACV53022.1	tr|V4U8J1|V4U8J1_CITCL	77.264	519	117	1	1	518	1	519	0.0	791
ACV53022.1	tr|A0A5N6M5M3|A0A5N6M5M3_9ASTR	78.906	512	101	3	6735	7243	10	517	0.0	791
ACV53022.1	tr|A0A5D2AA30|A0A5D2AA30_GOSDA	79.297	512	104	2	26295	26804	10	521	0.0	791
ACV53022.1	tr|A0A0A6Z9T0|A0A0A6Z9T0_HEVBR	76.660	527	110	3	1	518	1	523	0.0	791
ACV53022.1	tr|A0A5J5NXG7|A0A5J5NXG7_GOSBA	79.297	512	104	2	26295	26804	10	521	0.0	791
ACV53022.1	tr|A0A4P8PSL9|A0A4P8PSL9_AMBAR	85.558	457	64	1	26348	26804	58	512	0.0	791
ACV53022.1	tr|A0A089VKV2|A0A089VKV2_9POAL	82.474	485	81	4	26315	26797	11	493	0.0	791
ACV53022.1	tr|A0A0V0IJ85|A0A0V0IJ85_SOLCH	78.707	526	99	7	1	518	1	521	0.0	790
ACV53022.1	tr|A0A089VFD1|A0A089VFD1_9POAL	86.652	442	57	2	26357	26797	52	492	0.0	790
ACV53022.1	tr|A0A1U8N867|A0A1U8N867_GOSHI	79.337	513	102	2	26295	26804	10	521	0.0	790
ACV53022.1	tr|A0A0D2RDI7|A0A0D2RDI7_GOSRA	78.571	518	109	2	578	1093	4	521	0.0	790
ACV53022.1	tr|B2CM20|B2CM20_9ASTE	79.846	521	101	3	1	518	1	520	0.0	790
ACV53022.1	tr|A0A6P6VVB1|A0A6P6VVB1_COFAR	77.528	534	81	6	21	518	8	538	0.0	790
ACV53022.1	tr|A0A4D8ZGC2|A0A4D8ZGC2_SALSN	80.000	515	91	4	15	518	3	516	0.0	790
ACV53022.1	tr|A0A5E4FCY7|A0A5E4FCY7_PRUDU	83.716	479	71	4	26331	26804	1	477	0.0	790
ACV53022.1	tr|B2C1I9|B2C1I9_GOSHI	79.297	512	104	2	26295	26804	10	521	0.0	790
ACV53022.1	tr|A0A4D8Y0K7|A0A4D8Y0K7_SALSN	79.151	518	96	4	12	518	3	519	0.0	788
ACV53022.1	tr|A0A6N2BGA3|A0A6N2BGA3_SOLCI	78.327	526	100	7	1	518	1	520	0.0	788
ACV53022.1	tr|A0A1R3I7K5|A0A1R3I7K5_COCAP	77.672	524	105	5	25143	25656	1	522	0.0	788
ACV53022.1	tr|A0A1R3K0M4|A0A1R3K0M4_9ROSI	77.672	524	105	5	25143	25656	1	522	0.0	788
ACV53022.1	tr|I1J7U9|I1J7U9_SOYBN	78.409	528	101	4	1	518	1	525	0.0	787
ACV53022.1	tr|A0A498JHI7|A0A498JHI7_MALDO	77.927	521	108	3	1	514	1	521	0.0	787
ACV53022.1	tr|A0A0B2QZU7|A0A0B2QZU7_GLYSO	78.409	528	101	4	1	518	1	525	0.0	787
ACV53022.1	tr|A0A5D2I9Q4|A0A5D2I9Q4_GOSTO	79.102	512	105	2	26295	26804	10	521	0.0	787
ACV53022.1	tr|V4L9W7|V4L9W7_EUTSA	76.820	522	113	3	50917	51434	1	518	0.0	787
ACV53022.1	tr|A0A2C9WQP6|A0A2C9WQP6_MANES	77.481	524	109	5	1	518	1	521	0.0	787
ACV53022.1	tr|A0A089VLU1|A0A089VLU1_9POAL	86.591	440	57	2	26357	26795	52	490	0.0	787
ACV53022.1	tr|A0A6N2LI84|A0A6N2LI84_SALVM	77.500	520	113	4	1	518	1	518	0.0	786
ACV53022.1	tr|A0A0D2QRR3|A0A0D2QRR3_GOSRA	80.639	501	92	2	25160	25656	22	521	0.0	786
ACV53022.1	tr|A0A1U8NX97|A0A1U8NX97_GOSHI	80.439	501	93	2	25160	25656	22	521	0.0	786
ACV53022.1	tr|A0A5D2PTD5|A0A5D2PTD5_GOSTO	80.439	501	93	2	25160	25656	22	521	0.0	786
ACV53022.1	tr|A0A4D8ZUB6|A0A4D8ZUB6_SALSN	79.151	518	96	4	12	518	3	519	0.0	786
ACV53022.1	tr|A0A6A4KJY0|A0A6A4KJY0_9ERIC	78.626	524	105	4	1	518	1	523	0.0	786
ACV53022.1	tr|A0A089X599|A0A089X599_9POAL	86.364	440	58	2	26357	26795	53	491	0.0	786
ACV53022.1	tr|A0A5N5NPD9|A0A5N5NPD9_9ROSI	77.500	520	113	4	1	518	1	518	0.0	786
ACV53022.1	tr|A0A5B6UNE0|A0A5B6UNE0_9ROSI	80.439	501	93	2	25160	25656	22	521	0.0	786
ACV53022.1	tr|Q6E6L3|Q6E6L3_CONCD	84.410	449	69	1	26357	26804	6	454	0.0	786
ACV53022.1	tr|B9RDA3|B9RDA3_RICCO	85.153	458	66	2	26347	26804	63	518	0.0	786
ACV53022.1	tr|A8YTA5|A8YTA5_9ASTR	87.248	447	57	0	72	518	1	447	0.0	785
ACV53022.1	tr|A0A0B0PQG1|A0A0B0PQG1_GOSAR	80.240	501	94	2	25160	25656	22	521	0.0	785
ACV53022.1	tr|A0A4D6MN12|A0A4D6MN12_VIGUN	78.137	526	106	2	50917	51434	1	525	0.0	785
ACV53022.1	tr|A0A4Y7KMY3|A0A4Y7KMY3_PAPSO	77.068	532	106	4	2	518	4	534	0.0	785
ACV53022.1	tr|A0A5D2YPM1|A0A5D2YPM1_GOSMU	80.240	501	94	2	25160	25656	22	521	0.0	785
ACV53022.1	tr|A0A2H5NPD9|A0A2H5NPD9_CITUN	76.091	527	117	2	1	518	1	527	0.0	784
ACV53022.1	tr|Q8W1M5|Q8W1M5_ORYVI	76.583	521	116	2	1	518	1	518	0.0	784
ACV53022.1	tr|A0A1S3V5Z0|A0A1S3V5Z0_VIGRR	77.757	526	108	2	1	518	1	525	0.0	783
ACV53022.1	tr|R0FVF7|R0FVF7_9BRAS	76.952	525	108	6	50917	51434	1	519	0.0	783
ACV53022.1	tr|A0A438FU78|A0A438FU78_VITVI	72.743	565	104	4	1	518	1	562	0.0	783
ACV53022.1	tr|A0A0S3SYD7|A0A0S3SYD7_PHAAN	77.757	526	108	2	1	518	1	525	0.0	783
ACV53022.1	tr|A0A5B6UZZ8|A0A5B6UZZ8_9ROSI	77.992	518	112	2	3	518	4	521	0.0	783
ACV53022.1	tr|D7LCH4|D7LCH4_ARALL	77.308	520	112	3	50917	51434	1	516	0.0	783
ACV53022.1	tr|A0A540LEB6|A0A540LEB6_MALBA	77.905	525	109	3	576	1093	1	525	0.0	782
ACV53022.1	tr|A0A565BP76|A0A565BP76_9BRAS	77.500	520	111	4	50917	51434	1	516	0.0	782
ACV53022.1	tr|A0A498KI81|A0A498KI81_MALDO	77.905	525	109	3	576	1093	1	525	0.0	782
ACV53022.1	tr|A0A5N5F2I1|A0A5N5F2I1_9ROSA	77.905	525	109	3	1	518	1	525	0.0	781
ACV53022.1	tr|A0A1U8P5S7|A0A1U8P5S7_GOSHI	80.040	501	95	2	25160	25656	22	521	0.0	780
ACV53022.1	tr|A0A5C7I2M9|A0A5C7I2M9_9ROSI	76.038	530	110	5	1	518	1	525	0.0	780
ACV53022.1	tr|A0A6N2MUH1|A0A6N2MUH1_SALVM	77.159	521	113	4	1	518	1	518	0.0	780
ACV53022.1	tr|A0A6B9MN81|A0A6B9MN81_9LILI	86.710	459	59	2	51557	52014	65	522	0.0	780
ACV53022.1	tr|A0A5D2UA94|A0A5D2UA94_GOSMU	80.040	501	95	2	25160	25656	22	521	0.0	780
ACV53022.1	tr|A0A6S7N1K5|A0A6S7N1K5_LACSI	85.210	453	65	2	62	513	61	512	0.0	779
ACV53022.1	tr|I1H1V3|I1H1V3_BRADI	83.673	441	72	0	25216	25656	70	510	0.0	779
ACV53022.1	tr|A0A5N5K689|A0A5N5K689_9ROSI	77.159	521	113	4	1	518	1	518	0.0	779
ACV53022.1	tr|A0A1S4AEH4|A0A1S4AEH4_TOBAC	78.682	516	93	7	26300	26804	8	517	0.0	779
ACV53022.1	tr|A0A078HH62|A0A078HH62_BRANA	77.055	523	108	6	50917	51434	1	516	0.0	778
ACV53022.1	tr|A0A3P6D0R6|A0A3P6D0R6_BRACM	77.247	523	107	6	50917	51434	1	516	0.0	778
ACV53022.1	tr|A0A2P5X9W2|A0A2P5X9W2_GOSBA	80.040	501	95	2	25160	25656	22	521	0.0	778
ACV53022.1	tr|A0A0B2RR79|A0A0B2RR79_GLYSO	78.707	526	104	1	1	518	1	526	0.0	778
ACV53022.1	tr|A0A2R6R9C4|A0A2R6R9C4_ACTCC	87.045	440	57	0	26365	26804	1	440	0.0	778
ACV53022.1	tr|A8YTA8|A8YTA8_9ASTR	84.127	441	70	0	26364	26804	6	446	0.0	778
ACV53022.1	tr|A0A397ZPX8|A0A397ZPX8_BRACM	76.864	523	109	6	50917	51434	1	516	0.0	777
ACV53022.1	tr|A0A078JSU1|A0A078JSU1_BRANA	76.190	525	114	4	50917	51434	1	521	0.0	777
ACV53022.1	tr|A0A5D2BWR2|A0A5D2BWR2_GOSDA	79.840	501	96	2	25160	25656	22	521	0.0	777
ACV53022.1	tr|D7KD66|D7KD66_ARALL	83.621	464	71	3	56	518	64	523	0.0	777
ACV53022.1	tr|A0A5J5QTD1|A0A5J5QTD1_GOSBA	79.840	501	96	2	25160	25656	22	521	0.0	777
ACV53022.1	tr|V7AMX2|V7AMX2_PHAVU	77.567	526	109	2	1	518	1	525	0.0	776
ACV53022.1	tr|A0A0D3B6U5|A0A0D3B6U5_BRAOL	80.285	492	84	4	36	518	22	509	0.0	776
ACV53022.1	tr|I1JKP7|I1JKP7_SOYBN	78.137	526	107	1	1	518	1	526	0.0	776
ACV53022.1	tr|A0A6P6VX69|A0A6P6VX69_COFAR	76.692	532	87	6	21	518	8	536	0.0	776
ACV53022.1	tr|A0A3P6A8B6|A0A3P6A8B6_BRACM	75.791	537	95	6	1	518	1	521	0.0	776
ACV53022.1	sp|P17688|AROA_BRANA	76.864	523	109	6	50917	51434	1	516	0.0	776
ACV53022.1	tr|B3GGJ9|B3GGJ9_CONAR	78.476	525	101	5	51497	52014	1	520	0.0	776
ACV53022.1	tr|A0A6J0NIE3|A0A6J0NIE3_RAPSA	83.843	458	71	1	61	518	60	514	0.0	776
ACV53022.1	tr|A0A087H5C4|A0A087H5C4_ARAAL	76.583	521	113	5	50917	51434	1	515	0.0	775
ACV53022.1	tr|A0A0D3C6D1|A0A0D3C6D1_BRAOL	76.673	523	110	6	50917	51434	1	516	0.0	774
ACV53022.1	tr|M4C856|M4C856_BRARP	82.979	470	75	3	50	518	49	514	0.0	774
ACV53022.1	tr|A0A3P6DB61|A0A3P6DB61_BRAOL	76.673	523	110	6	50917	51434	1	516	0.0	774
ACV53022.1	tr|A0A654ESJ0|A0A654ESJ0_ARATH	83.405	464	72	3	56	518	62	521	0.0	774
ACV53022.1	tr|Q1KPV4|Q1KPV4_9ASPA	81.529	471	84	1	51	518	52	522	0.0	774
ACV53022.1	tr|Q6JDV0|Q6JDV0_BRACM	76.967	521	110	5	1	518	1	514	0.0	773
ACV53022.1	tr|A0A4Y7L8J7|A0A4Y7L8J7_PAPSO	73.214	560	106	4	2	518	4	562	0.0	773
ACV53022.1	tr|A0A5D2K8E4|A0A5D2K8E4_GOSTO	85.588	451	65	0	26354	26804	2	452	0.0	772
ACV53022.1	tr|Q9FVP6|Q9FVP6_ARATH	83.405	464	72	3	56	518	62	521	0.0	772
ACV53022.1	tr|A0A178WDZ9|A0A178WDZ9_ARATH	82.974	464	74	3	56	518	62	521	0.0	772
ACV53022.1	tr|A0A1J3E699|A0A1J3E699_NOCCA	75.568	528	113	5	50917	51434	1	522	0.0	771
ACV53022.1	tr|A0A1J3HGA8|A0A1J3HGA8_NOCCA	83.190	464	73	3	56	518	58	517	0.0	771
ACV53022.1	tr|Q8LC97|Q8LC97_ARATH	83.190	464	73	3	56	518	62	521	0.0	771
ACV53022.1	tr|M4FGU1|M4FGU1_BRARP	76.099	523	113	6	50917	51434	1	516	0.0	771
ACV53022.1	tr|A0A5S9WKB0|A0A5S9WKB0_ARATH	83.190	464	73	3	56	518	62	521	0.0	770
ACV53022.1	tr|A0A1D1Z1F2|A0A1D1Z1F2_9ARAE	83.406	458	75	1	61	518	115	571	0.0	770
ACV53022.1	tr|A0A1J3FYC3|A0A1J3FYC3_NOCCA	82.505	463	78	1	56	518	58	517	0.0	770
ACV53022.1	tr|A0A4D9ALU6|A0A4D9ALU6_SALSN	75.992	529	102	8	26298	26804	3	528	0.0	769
ACV53022.1	tr|A0A4U5MYM8|A0A4U5MYM8_POPAL	83.624	458	73	2	61	518	12	467	0.0	769
ACV53022.1	tr|A0A1J3JRC8|A0A1J3JRC8_NOCCA	82.646	461	77	1	58	518	60	517	0.0	769
ACV53022.1	tr|A0A5D2FWA0|A0A5D2FWA0_GOSDA	79.441	501	96	3	25160	25656	22	519	0.0	768
ACV53022.1	tr|A0A328DPQ3|A0A328DPQ3_9ASTE	77.351	521	115	2	51497	52014	1	521	0.0	768
ACV53022.1	tr|A0A2Z6M669|A0A2Z6M669_TRISU	75.665	526	108	3	51497	52014	1	514	0.0	768
ACV53022.1	tr|A0A6A1W176|A0A6A1W176_9ROSI	66.774	620	102	7	1	518	1	618	0.0	767
ACV53022.1	tr|Q0PKR0|Q0PKR0_PHAVU	74.379	523	128	3	1	518	1	522	0.0	766
ACV53022.1	tr|A0A2U1KK14|A0A2U1KK14_ARTAN	80.200	500	94	2	26310	26804	22	521	0.0	765
ACV53022.1	tr|A0A453QJP6|A0A453QJP6_AEGTS	82.237	456	81	0	26349	26804	57	512	0.0	765
ACV53022.1	tr|A0A6D2KT97|A0A6D2KT97_9BRAS	82.328	464	77	3	56	518	62	521	0.0	764
ACV53022.1	tr|A0A3B6TCN7|A0A3B6TCN7_WHEAT	83.632	446	73	0	26359	26804	65	510	0.0	764
ACV53022.1	tr|A0A5B9T5W8|A0A5B9T5W8_LOLRI	83.900	441	71	0	25216	25656	65	505	0.0	764
ACV53022.1	tr|A0A445L6I2|A0A445L6I2_GLYSO	74.729	554	104	2	1	518	1	554	0.0	764
ACV53022.1	tr|A0A3P6AFC9|A0A3P6AFC9_BRAOL	76.893	515	83	5	36	518	22	532	0.0	764
ACV53022.1	tr|A0A5B9T5S8|A0A5B9T5S8_LOLRI	83.900	441	71	0	25216	25656	65	505	0.0	764
ACV53022.1	tr|A8YTA9|A8YTA9_9ASTR	82.993	441	73	1	26364	26804	6	444	0.0	763
ACV53022.1	tr|B5M6A1|B5M6A1_WHEAT	83.408	446	74	0	26359	26804	65	510	0.0	763
ACV53022.1	tr|A0A3B6R885|A0A3B6R885_WHEAT	84.354	441	69	0	26364	26804	70	510	0.0	762
ACV53022.1	tr|A0A3B6U4K5|A0A3B6U4K5_WHEAT	83.408	446	74	0	26359	26804	70	515	0.0	762
ACV53022.1	tr|A0A446RID0|A0A446RID0_TRITD	83.408	446	74	0	26359	26804	65	510	0.0	762
ACV53022.1	tr|A0A1D6NVZ6|A0A1D6NVZ6_MAIZE	85.941	441	61	1	25216	25656	67	506	0.0	762
ACV53022.1	tr|A0A0N7FDV4|A0A0N7FDV4_VITVI	85.366	451	66	0	68	518	5	455	0.0	762
ACV53022.1	tr|A0A446RID2|A0A446RID2_TRITD	83.408	446	74	0	26359	26804	70	515	0.0	762
ACV53022.1	tr|A0A446RIC4|A0A446RIC4_TRITD	83.408	446	74	0	26359	26804	69	514	0.0	762
ACV53022.1	tr|A0A446WZV3|A0A446WZV3_TRITD	84.354	441	69	0	26364	26804	70	510	0.0	762
ACV53022.1	tr|A0A3L6D9R8|A0A3L6D9R8_MAIZE	85.941	441	61	1	25216	25656	67	506	0.0	761
ACV53022.1	tr|O24566|O24566_MAIZE	85.941	441	61	1	25216	25656	5	444	0.0	761
ACV53022.1	tr|A0A0D9WLG7|A0A0D9WLG7_9ORYZ	84.545	440	68	0	79	518	71	510	0.0	760
ACV53022.1	tr|A0A5B9T7B3|A0A5B9T7B3_SORHL	85.488	441	63	1	25216	25656	67	506	0.0	760
ACV53022.1	tr|Q93VK6|Q93VK6_ORYSA	84.354	441	69	0	78	518	71	511	0.0	760
ACV53022.1	tr|V5NFH4|V5NFH4_SORHL	84.127	441	70	0	25216	25656	5	445	0.0	759
ACV53022.1	tr|A0A0P0K3B8|A0A0P0K3B8_WHEAT	84.127	441	70	0	26364	26804	70	510	0.0	759
ACV53022.1	tr|A0A0E0L7E6|A0A0E0L7E6_ORYPU	84.127	441	70	0	78	518	97	537	0.0	759
ACV53022.1	tr|A0A0D3GCF5|A0A0D3GCF5_9ORYZ	84.354	441	69	0	78	518	69	509	0.0	759
ACV53022.1	tr|A0A0E0PT33|A0A0E0PT33_ORYRU	84.354	441	69	0	78	518	75	515	0.0	759
ACV53022.1	tr|A2Y8X9|A2Y8X9_ORYSI	84.354	441	69	0	78	518	75	515	0.0	759
ACV53022.1	tr|A0A0E0HKI5|A0A0E0HKI5_ORYNI	84.354	441	69	0	78	518	75	515	0.0	759
ACV53022.1	tr|A0A0E0DW90|A0A0E0DW90_9ORYZ	84.354	441	69	0	78	518	75	515	0.0	759
ACV53022.1	tr|Q5VNW0|Q5VNW0_ORYSJ	84.354	441	69	0	78	518	75	515	0.0	759
ACV53022.1	tr|I1PZA1|I1PZA1_ORYGL	84.354	441	69	0	78	518	71	511	0.0	759
ACV53022.1	tr|H6T5X2|H6T5X2_SORHL	85.488	441	63	1	25216	25656	5	444	0.0	759
ACV53022.1	tr|Q3Y6S2|Q3Y6S2_LOLMU	84.211	437	69	0	25220	25656	1	437	0.0	758
ACV53022.1	tr|A0A5B9T603|A0A5B9T603_BROTE	83.673	441	72	0	26364	26804	68	508	0.0	758
ACV53022.1	tr|A0A0E0A4L5|A0A0E0A4L5_9ORYZ	84.127	441	70	0	78	518	71	511	0.0	758
ACV53022.1	tr|C5Z3D1|C5Z3D1_SORBI	85.261	441	64	1	25216	25656	67	506	0.0	758
ACV53022.1	tr|A0A2S3HM17|A0A2S3HM17_9POAL	84.580	441	68	0	25216	25656	68	508	0.0	758
ACV53022.1	tr|A0A0E0L7E7|A0A0E0L7E7_ORYPU	84.127	441	70	0	78	518	59	499	0.0	758
ACV53022.1	tr|Q95AK0|Q95AK0_ELEIN	84.807	441	67	0	25216	25656	5	445	0.0	758
ACV53022.1	tr|G8FH00|G8FH00_ELEIN	84.807	441	67	0	25216	25656	3	443	0.0	758
ACV53022.1	tr|A0A5J9TN54|A0A5J9TN54_9POAL	84.580	441	68	0	25216	25656	74	514	0.0	758
ACV53022.1	tr|A0A3L6PJ42|A0A3L6PJ42_PANMI	84.580	441	68	0	25216	25656	67	507	0.0	758
ACV53022.1	tr|A0A2T7E3E4|A0A2T7E3E4_9POAL	84.580	441	68	0	25216	25656	69	509	0.0	758
ACV53022.1	tr|A0A1E5W859|A0A1E5W859_9POAL	84.127	441	70	0	25216	25656	68	508	0.0	757
ACV53022.1	tr|A0A6B9EQ80|A0A6B9EQ80_IPOPU	83.051	472	78	2	26326	26796	20	490	0.0	757
ACV53022.1	tr|A0A6B9ER56|A0A6B9ER56_IPOPU	83.051	472	78	2	26326	26796	20	490	0.0	757
ACV53022.1	tr|F4I035|F4I035_ARATH	79.141	489	72	4	56	518	5	489	0.0	756
ACV53022.1	tr|A0A0E0L7E8|A0A0E0L7E8_ORYPU	84.127	441	70	0	78	518	23	463	0.0	756
ACV53022.1	tr|A0A6B9EWY2|A0A6B9EWY2_IPOPU	83.227	471	77	2	26326	26795	6	475	0.0	756
ACV53022.1	tr|A0A4U6UXI9|A0A4U6UXI9_SETVI	84.354	441	69	0	25216	25656	70	510	0.0	756
ACV53022.1	tr|A0A6B9ESB5|A0A6B9ESB5_IPOPU	83.227	471	77	2	26326	26795	20	489	0.0	756
ACV53022.1	tr|G8FH01|G8FH01_ELEIN	84.580	441	68	0	25216	25656	3	443	0.0	754
ACV53022.1	tr|Q95AK1|Q95AK1_ELEIN	84.580	441	68	0	25216	25656	5	445	0.0	754
ACV53022.1	tr|A0A6B9ENH7|A0A6B9ENH7_IPOPU	82.839	472	79	2	26326	26796	20	490	0.0	753
ACV53022.1	tr|A0A6B9ENH8|A0A6B9ENH8_IPOPU	83.015	471	78	2	26326	26795	20	489	0.0	753
ACV53022.1	tr|A0A6B9EWQ0|A0A6B9EWQ0_IPOPU	83.191	470	77	2	26326	26794	20	488	0.0	753
ACV53022.1	tr|A0AR17|A0AR17_ELEIN	84.354	441	69	0	25216	25656	5	445	0.0	753
ACV53022.1	tr|A0A3L6S0G6|A0A3L6S0G6_PANMI	83.900	441	71	0	25216	25656	68	508	0.0	753
ACV53022.1	tr|A0A6A3C2Z7|A0A6A3C2Z7_HIBSY	83.814	451	60	1	26367	26804	52	502	0.0	753
ACV53022.1	tr|A0A089WYN0|A0A089WYN0_ELEIN	84.354	441	69	0	25216	25656	5	445	0.0	753
ACV53022.1	tr|H6T5X1|H6T5X1_SORHL	84.580	441	67	1	25216	25656	5	444	0.0	752
ACV53022.1	tr|A0A6B9ENI7|A0A6B9ENI7_IPOPU	83.156	469	77	2	26326	26793	20	487	0.0	750
ACV53022.1	tr|A0AR18|A0AR18_ELEIN	84.354	441	69	0	25216	25656	5	445	0.0	750
ACV53022.1	tr|A0A6G1CPC4|A0A6G1CPC4_9ORYZ	83.864	440	71	0	79	518	68	507	0.0	749
ACV53022.1	tr|A0A6B9ENN8|A0A6B9ENN8_IPOPU	83.120	468	77	2	26326	26792	25	491	0.0	748
ACV53022.1	tr|A0A6B9ESI0|A0A6B9ESI0_IPOPU	83.120	468	77	2	26326	26792	24	490	0.0	748
ACV53022.1	tr|A0A6B9ERL8|A0A6B9ERL8_IPOPU	83.120	468	77	2	26326	26792	23	489	0.0	748
ACV53022.1	tr|A0A103XEB4|A0A103XEB4_CYNCS	80.679	471	60	3	48	518	52	491	0.0	748
ACV53022.1	tr|A0A6B9F314|A0A6B9F314_IPOPU	83.120	468	77	2	26326	26792	37	503	0.0	748
ACV53022.1	tr|A0A6B9ENL3|A0A6B9ENL3_IPOPU	83.120	468	77	2	26326	26792	20	486	0.0	748
ACV53022.1	tr|A0A6B9ERH8|A0A6B9ERH8_IPOPU	83.120	468	77	2	26326	26792	19	485	0.0	748
ACV53022.1	tr|A0A6B9ENN7|A0A6B9ENN7_IPOPU	83.120	468	77	2	26326	26792	22	488	0.0	748
ACV53022.1	tr|A0A6B9ERJ0|A0A6B9ERJ0_IPOPU	83.084	467	77	2	26326	26791	22	487	0.0	745
ACV53022.1	tr|A0A6B9ER37|A0A6B9ER37_IPOPU	83.084	467	77	2	26326	26791	20	485	0.0	745
ACV53022.1	tr|A0A6B9F2Z4|A0A6B9F2Z4_IPOPU	82.906	468	78	2	26326	26792	20	486	0.0	745
ACV53022.1	tr|A0A5A7PEX9|A0A5A7PEX9_STRAF	76.389	504	99	5	1	496	1	492	0.0	745
ACV53022.1	tr|A0A6B9F2X6|A0A6B9F2X6_IPOPU	83.047	466	77	2	26326	26790	22	486	0.0	743
ACV53022.1	tr|A0A6B9ENM6|A0A6B9ENM6_IPOPU	83.047	466	77	2	26326	26790	19	483	0.0	742
ACV53022.1	tr|A0A7G2DZ66|A0A7G2DZ66_ARATH	80.514	467	83	4	56	518	62	524	0.0	741
ACV53022.1	tr|A0A6B9F2T3|A0A6B9F2T3_IPOPU	82.833	466	78	2	26326	26790	20	484	0.0	739
ACV53022.1	tr|U5D9W1|U5D9W1_AMBTC	82.522	452	79	0	67	518	67	518	0.0	735
ACV53022.1	tr|A0A6A6LLL2|A0A6A6LLL2_HEVBR	81.004	458	69	4	25199	25656	692	1131	0.0	733
ACV53022.1	tr|A0A443P9X4|A0A443P9X4_9MAGN	76.618	479	110	1	42	518	26	504	0.0	731
ACV53022.1	tr|Q6E6M4|Q6E6M4_AMATU	99.440	357	2	0	51615	51971	1	357	0.0	731
ACV53022.1	tr|A0A368QQK4|A0A368QQK4_SETIT	82.540	441	67	1	25216	25656	71	501	0.0	731
ACV53022.1	tr|K3XWI8|K3XWI8_SETIT	82.540	441	67	1	25216	25656	68	498	0.0	731
ACV53022.1	tr|A0A2J6L5V5|A0A2J6L5V5_LACSA	80.694	461	79	5	62	518	19	473	0.0	729
ACV53022.1	tr|A0A2P2J2K4|A0A2P2J2K4_RHIMU	79.915	473	88	4	26336	26804	54	523	0.0	727
ACV53022.1	tr|A0A023NMA5|A0A023NMA5_BASSC	86.861	411	51	1	26301	26711	2	409	0.0	726
ACV53022.1	tr|A0A0D6R807|A0A0D6R807_ARACU	78.540	452	96	1	68	518	76	527	0.0	726
ACV53022.1	tr|A0A5P1FPS9|A0A5P1FPS9_ASPOF	87.961	407	49	0	112	518	66	472	0.0	725
ACV53022.1	tr|A0A2U1MP62|A0A2U1MP62_ARTAN	87.468	391	49	0	128	518	1	391	0.0	723
ACV53022.1	tr|A0A6M3YRY5|A0A6M3YRY5_AMBAR	86.732	407	54	0	26398	26804	1	407	0.0	721
ACV53022.1	tr|A0A6B9F2V5|A0A6B9F2V5_IPOPU	86.406	434	57	2	26348	26780	1	433	0.0	721
ACV53022.1	tr|A0A218X6Q7|A0A218X6Q7_PUNGR	76.520	477	76	3	618	1093	47	488	0.0	719
ACV53022.1	tr|A0A5A7RK44|A0A5A7RK44_STRAF	81.390	446	76	4	51558	52002	60	499	0.0	717
ACV53022.1	tr|A0A0C9S9Q3|A0A0C9S9Q3_9SPER	77.212	452	102	1	50984	51434	76	527	0.0	716
ACV53022.1	tr|A3B841|A3B841_ORYSJ	80.499	441	77	1	78	518	75	506	0.0	710
ACV53022.1	tr|A0A6A6K2D4|A0A6A6K2D4_HEVBR	84.058	414	65	1	25243	25656	631	1043	0.0	709
ACV53022.1	tr|A0A287VK38|A0A287VK38_HORVV	84.314	408	64	0	26397	26804	20	427	0.0	708
ACV53022.1	tr|A0A6B9ERG6|A0A6B9ERG6_IPOPU	82.628	449	76	2	26326	26773	20	467	0.0	708
ACV53022.1	tr|A0A0P0KT88|A0A0P0KT88_WHEAT	83.784	407	66	0	26398	26804	1	407	0.0	702
ACV53022.1	tr|A0A067H4F9|A0A067H4F9_CITSI	85.049	408	61	0	111	518	67	474	0.0	702
ACV53022.1	tr|A0A6B9EQF2|A0A6B9EQF2_IPOPU	82.658	444	75	2	26326	26768	20	462	0.0	701
ACV53022.1	tr|A0A103XUI5|A0A103XUI5_CYNCS	70.898	512	109	5	25149	25656	12	487	0.0	700
ACV53022.1	tr|A0A6B9EQC6|A0A6B9EQC6_IPOPU	82.619	443	75	2	26326	26767	21	462	0.0	700
ACV53022.1	tr|A0A0P0KDX1|A0A0P0KDX1_WHEAT	83.538	407	67	0	26398	26804	1	407	0.0	699
ACV53022.1	tr|A0A4D9BLW8|A0A4D9BLW8_SALSN	74.359	507	103	6	21	518	8	496	0.0	699
ACV53022.1	tr|A0A0E0DW91|A0A0E0DW91_9ORYZ	81.735	438	61	1	78	515	75	493	0.0	699
ACV53022.1	tr|A0A022QVU2|A0A022QVU2_ERYGU	78.947	456	79	5	1	447	1	448	0.0	699
ACV53022.1	tr|A0A540MX42|A0A540MX42_MALBA	70.784	510	137	2	108	608	12	518	0.0	697
ACV53022.1	tr|D8TBU1|D8TBU1_SELML	73.614	451	119	0	51562	52012	1	451	0.0	692
ACV53022.1	tr|D8RM43|D8RM43_SELML	74.058	451	117	0	51562	52012	1	451	0.0	692
ACV53022.1	tr|A0A0A1C3J0|A0A0A1C3J0_ELEIN	84.615	403	62	0	25254	25656	1	403	0.0	690
ACV53022.1	tr|A0A2G5E2Q8|A0A2G5E2Q8_AQUCA	86.957	391	51	0	26414	26804	1	391	0.0	690
ACV53022.1	tr|F6I398|F6I398_VITVI	73.099	513	115	5	1	506	1	497	0.0	689
ACV53022.1	tr|A0A0A1C4R9|A0A0A1C4R9_ELEIN	84.367	403	63	0	25254	25656	1	403	0.0	687
ACV53022.1	tr|A0A0A1C3V2|A0A0A1C3V2_ELEIN	84.119	403	64	0	25254	25656	1	403	0.0	686
ACV53022.1	tr|A0A287VJQ7|A0A287VJQ7_HORVV	84.910	391	59	0	26414	26804	1	391	0.0	685
ACV53022.1	tr|A0A142J9E4|A0A142J9E4_TRITU	84.051	395	63	0	26410	26804	1	395	0.0	684
ACV53022.1	tr|A0A142J9E5|A0A142J9E5_TRIMO	83.797	395	64	0	26410	26804	1	395	0.0	683
ACV53022.1	tr|A0A142J9E7|A0A142J9E7_AEGTA	83.797	395	64	0	26410	26804	1	395	0.0	683
ACV53022.1	tr|A0A142J9E6|A0A142J9E6_AEGSP	83.544	395	65	0	26410	26804	1	395	0.0	681
ACV53022.1	tr|A0A6B9ER69|A0A6B9ER69_IPOPU	82.299	435	75	2	26326	26759	24	457	0.0	680
ACV53022.1	tr|D3JPP9|D3JPP9_9POAL	85.422	391	57	0	25266	25656	1	391	0.0	680
ACV53022.1	tr|N1QQC8|N1QQC8_AEGTA	83.887	391	63	0	26414	26804	1	391	0.0	677
ACV53022.1	tr|A0A446WZV5|A0A446WZV5_TRITD	83.887	391	63	0	26414	26804	1	391	0.0	677
ACV53022.1	tr|A0A2N9ISJ6|A0A2N9ISJ6_FAGSY	69.098	521	129	7	1	518	1	492	0.0	676
ACV53022.1	tr|F5A530|F5A530_ELEIN	85.166	391	58	0	25266	25656	1	391	0.0	675
ACV53022.1	tr|D3JPQ0|D3JPQ0_9POAL	84.910	391	59	0	25266	25656	1	391	0.0	674
ACV53022.1	tr|J3MB12|J3MB12_ORYBR	83.887	391	63	0	25266	25656	1	391	0.0	674
ACV53022.1	tr|F5A529|F5A529_ELEIN	84.910	391	59	0	25266	25656	1	391	0.0	674
ACV53022.1	tr|O80428|O80428_ORYSJ	84.143	391	62	0	25266	25656	1	391	0.0	674
ACV53022.1	tr|A0A446WZT9|A0A446WZT9_TRITD	83.376	391	65	0	26414	26804	1	391	0.0	672
ACV53022.1	tr|A0A2I6QQM5|A0A2I6QQM5_PHRAU	83.632	391	64	0	25266	25656	1	391	0.0	667
ACV53022.1	tr|M7Z0L8|M7Z0L8_TRIUA	79.327	416	61	1	26414	26804	1	416	0.0	665
ACV53022.1	tr|A0A446WZU5|A0A446WZU5_TRITD	79.327	416	61	1	26414	26804	1	416	0.0	665
ACV53022.1	tr|A0A453QJX8|A0A453QJX8_AEGTS	82.161	398	71	0	26349	26746	57	454	0.0	660
ACV53022.1	tr|A0A0D2T491|A0A0D2T491_GOSRA	77.181	447	100	2	578	1022	4	450	0.0	657
ACV53022.1	tr|Q6E6M1|Q6E6M1_ERIAN	86.111	360	50	0	26403	26762	1	360	0.0	652
ACV53022.1	tr|A0A445M2V9|A0A445M2V9_GLYSO	76.586	457	94	3	50917	51363	1	454	0.0	651
ACV53022.1	tr|A0A176WSA0|A0A176WSA0_MARPO	73.258	445	114	3	26362	26806	87	526	0.0	650
ACV53022.1	tr|A0A6A6LTA2|A0A6A6LTA2_HEVBR	73.118	465	93	3	26340	26804	680	1112	0.0	650
ACV53022.1	tr|A0A2R6X5Y9|A0A2R6X5Y9_MARPO	73.258	445	114	3	26362	26806	87	526	0.0	650
ACV53022.1	tr|I1H1V4|I1H1V4_BRADI	83.514	370	61	0	25216	25585	70	439	0.0	648
ACV53022.1	tr|A0A2K1IIY4|A0A2K1IIY4_PHYPA	70.194	463	132	3	51558	52014	74	536	0.0	646
ACV53022.1	tr|A0A2K1IVJ1|A0A2K1IVJ1_PHYPA	67.659	504	136	6	38	518	1	500	0.0	644
ACV53022.1	tr|A9SYF9|A9SYF9_PHYPA	70.614	456	130	2	51563	52014	18	473	0.0	644
ACV53022.1	tr|A0A061DU57|A0A061DU57_THECC	77.674	430	93	2	1	427	1	430	0.0	633
ACV53022.1	tr|Q6E6M2|Q6E6M2_ERIAN	87.709	358	44	0	119	476	1	358	0.0	628
ACV53022.1	tr|A0A2K1XRJ2|A0A2K1XRJ2_POPTR	80.307	391	76	1	128	518	1	390	0.0	628
ACV53022.1	tr|A0A453QKA8|A0A453QKA8_AEGTS	82.181	376	67	0	26349	26724	44	419	0.0	627
ACV53022.1	tr|A0A0V0HWU1|A0A0V0HWU1_SOLCH	89.150	341	37	0	26464	26804	1	341	0.0	621
ACV53022.1	tr|A0A067H1D8|A0A067H1D8_CITSI	75.117	426	105	1	1	425	1	426	0.0	620
ACV53022.1	tr|A0A2G9GJ58|A0A2G9GJ58_9LAMI	85.205	365	53	1	50977	51341	63	426	0.0	618
ACV53022.1	tr|A0A5B7BT38|A0A5B7BT38_DAVIN	88.563	341	39	0	178	518	1	341	0.0	617
ACV53022.1	tr|D0VMR9|D0VMR9_GINBI	82.051	351	63	0	26455	26805	1	351	0.0	614
ACV53022.1	tr|A0A5B7AM09|A0A5B7AM09_DAVIN	78.465	404	81	2	1	399	1	403	0.0	614
ACV53022.1	tr|A0A0D2U155|A0A0D2U155_GOSRA	76.235	425	99	2	578	1000	4	428	0.0	613
ACV53022.1	tr|A0A6M2E9C7|A0A6M2E9C7_9ROSI	74.707	427	104	4	1	425	1	425	0.0	610
ACV53022.1	sp|P23281|AROA2_TOBAC	89.053	338	37	0	26467	26804	1	338	0.0	610
ACV53022.1	tr|A0A6U9R4W2|A0A6U9R4W2_9CHLO	68.304	448	131	5	6796	7243	28	464	0.0	609
ACV53022.1	tr|W0FAR5|W0FAR5_MUSAC	89.728	331	34	0	188	518	2	332	0.0	608
ACV53022.1	tr|A0A1Y1IKX4|A0A1Y1IKX4_KLENI	68.456	447	135	1	26364	26804	104	550	0.0	603
ACV53022.1	tr|Q9AT37|Q9AT37_LOLRI	84.682	346	53	0	25275	25620	2	347	0.0	602
ACV53022.1	tr|A0A446RIE4|A0A446RIE4_TRITD	84.751	341	52	0	26464	26804	1	341	0.0	596
ACV53022.1	tr|A0A2G5E2N7|A0A2G5E2N7_AQUCA	89.329	328	35	0	26477	26804	2	329	0.0	596
ACV53022.1	tr|A0A6U0BZ85|A0A6U0BZ85_9CHLO	68.326	442	120	5	51574	52008	67	495	0.0	595
ACV53022.1	tr|A0A6U0EB75|A0A6U0EB75_9CHLO	67.865	445	123	5	51571	52008	10	441	0.0	594
ACV53022.1	tr|A0A6T5Y2N5|A0A6T5Y2N5_9CHLO	68.326	442	120	5	51574	52008	61	489	0.0	594
ACV53022.1	tr|A0A454Y093|A0A454Y093_OSTTA	66.374	455	133	5	51566	52013	33	474	0.0	593
ACV53022.1	tr|A0A096PBR2|A0A096PBR2_OSTTA	66.374	455	133	5	51566	52013	33	474	0.0	593
ACV53022.1	tr|A0A1S4C7G2|A0A1S4C7G2_TOBAC	77.037	405	87	3	1	405	1	399	0.0	592
ACV53022.1	tr|Q6YH15|Q6YH15_VITVI	88.218	331	38	1	188	518	1	330	0.0	592
ACV53022.1	tr|A0A427BBW3|A0A427BBW3_ENSVE	62.454	546	93	10	22	518	26	508	0.0	590
ACV53022.1	tr|A0A6U0BMC2|A0A6U0BMC2_9CHLO	66.374	455	133	5	51566	52013	35	476	0.0	590
ACV53022.1	tr|A0A4U5QUA8|A0A4U5QUA8_POPAL	72.210	439	84	5	6815	7253	36	436	0.0	589
ACV53022.1	tr|A4SB81|A4SB81_OSTLU	67.338	447	126	5	51574	52013	3	436	0.0	589
ACV53022.1	tr|A0A388L719|A0A388L719_CHABU	69.912	452	125	2	78	518	175	626	0.0	588
ACV53022.1	tr|K8FBR9|K8FBR9_9CHLO	65.427	457	147	6	6789	7243	49	496	0.0	585
ACV53022.1	tr|A0A6T7VDJ8|A0A6T7VDJ8_9CHLO	59.887	531	186	10	50912	51434	1	512	0.0	584
ACV53022.1	tr|A0A6U2C220|A0A6U2C220_MICPS	66.741	448	133	7	68	512	36	470	0.0	583
ACV53022.1	tr|A0A0N6WBX4|A0A0N6WBX4_AMAPO	99.308	289	2	0	30	318	1	289	0.0	582
ACV53022.1	tr|A0A438FU52|A0A438FU52_VITVI	63.873	537	116	7	1	506	1	490	0.0	581
ACV53022.1	tr|A0A0N7BW90|A0A0N7BW90_AMAHY	98.962	289	3	0	30	318	1	289	0.0	580
ACV53022.1	tr|A0A0N7BV26|A0A0N7BV26_AMARE	98.962	289	3	0	30	318	1	289	0.0	580
ACV53022.1	tr|A0A453QJG0|A0A453QJG0_AEGTS	85.489	317	46	0	26488	26804	1	317	0.0	579
ACV53022.1	tr|A0A6U0R1V3|A0A6U0R1V3_MICPS	66.071	448	136	7	68	512	36	470	0.0	579
ACV53022.1	tr|A0A6U0KNC0|A0A6U0KNC0_9CHLO	64.758	454	147	5	50982	51435	42	482	0.0	578
ACV53022.1	tr|A0A438GXJ0|A0A438GXJ0_VITVI	67.137	496	99	7	50917	51381	1	463	0.0	578
ACV53022.1	tr|A0A6U0HB86|A0A6U0HB86_MICPS	66.297	451	133	8	65	512	34	468	0.0	576
ACV53022.1	tr|A0A6V2W337|A0A6V2W337_9CHLO	67.793	444	125	7	72	512	46	474	0.0	574
ACV53022.1	tr|A0A250WXJ6|A0A250WXJ6_9CHLO	64.565	460	150	6	62	518	22	471	0.0	573
ACV53022.1	tr|C1MWX5|C1MWX5_MICPC	66.742	442	131	7	74	512	26	454	0.0	573
ACV53022.1	tr|A0A6U0E7Y6|A0A6U0E7Y6_MICPS	66.518	448	130	8	78	522	54	484	0.0	573
ACV53022.1	tr|A0A6U0FVR0|A0A6U0FVR0_MICPS	66.219	447	131	8	78	521	88	517	0.0	573
ACV53022.1	tr|A0A6T8UBB9|A0A6T8UBB9_9CHLO	62.551	486	159	8	26329	26804	42	514	0.0	572
ACV53022.1	tr|B8XU22|B8XU22_GOSHI	74.877	406	98	2	6724	7126	1	405	0.0	571
ACV53022.1	tr|A0A6T8RHE9|A0A6T8RHE9_9CHLO	61.144	507	171	10	27	518	7	502	0.0	571
ACV53022.1	tr|A0A383V5Z1|A0A383V5Z1_TETOB	66.966	445	134	7	6802	7243	14	448	0.0	570
ACV53022.1	tr|A0A5B8MP74|A0A5B8MP74_9CHLO	63.895	457	151	8	26350	26802	63	509	0.0	570
ACV53022.1	tr|A0A6S8J6M5|A0A6S8J6M5_DUNTE	63.774	461	154	6	61	518	64	514	0.0	570
ACV53022.1	tr|A0A6U3G6Y3|A0A6U3G6Y3_9CHLO	64.901	453	143	6	51559	52008	30	469	0.0	570
ACV53022.1	tr|A2T9R8|A2T9R8_DUNSA	63.774	461	154	6	61	518	64	514	0.0	570
ACV53022.1	tr|A0A6U0EK84|A0A6U0EK84_9CHLO	66.067	445	132	6	79	513	51	486	0.0	569
ACV53022.1	tr|A0A6T8IVC1|A0A6T8IVC1_9CHLO	66.742	442	141	6	25206	25644	63	501	0.0	569
ACV53022.1	tr|A0A0N7KLH2|A0A0N7KLH2_ORYSJ	85.714	322	46	0	25335	25656	1	322	0.0	566
ACV53022.1	tr|I0YXJ4|I0YXJ4_COCSC	65.315	444	140	5	25216	25657	3	434	4.57e-180	563
ACV53022.1	tr|A0A5J4YFN8|A0A5J4YFN8_9CHLO	63.617	459	151	6	26347	26803	61	505	8.57e-180	565
ACV53022.1	tr|A0A6P6FU04|A0A6P6FU04_ZIZJJ	86.562	320	43	0	51044	51363	1	320	2.68e-179	555
ACV53022.1	tr|A0A0M4PZ48|A0A0M4PZ48_GOSHI	75.827	393	93	2	26295	26685	10	402	3.30e-179	560
ACV53022.1	tr|A8JH48|A8JH48_CHLRE	63.462	468	148	8	63	518	56	512	1.84e-177	559
ACV53022.1	tr|A0A6U1IPV7|A0A6U1IPV7_9CHLO	66.667	444	129	8	26364	26803	80	508	2.56e-177	558
