ACT52242.1	tr|W8R3N7|W8R3N7_AMASP	100.000	497	0	0	981	1477	1	497	0.0	1015
ACT52242.1	tr|W8Q8I3|W8Q8I3_AMASP	100.000	497	0	0	1543	2039	1	497	0.0	1014
ACT52242.1	tr|W8Q9H2|W8Q9H2_AMASP	100.000	497	0	0	2105	2601	1	497	0.0	1014
ACT52242.1	tr|C8YXI6|C8YXI6_AMAPA	99.401	501	3	0	2105	2605	2	502	0.0	1013
ACT52242.1	tr|C8YXI5|C8YXI5_AMAPA	99.396	497	3	0	2105	2601	2	498	0.0	1008
ACT52242.1	tr|A0A142K486|A0A142K486_AMAVI	96.436	505	18	0	981	1485	1	505	0.0	997
ACT52242.1	tr|C8YYL6|C8YYL6_AMATU	96.040	505	20	0	981	1485	2	506	0.0	997
ACT52242.1	tr|C8YYL7|C8YYL7_AMATU	96.040	505	20	0	981	1485	2	506	0.0	993
ACT52242.1	tr|M1K5H3|M1K5H3_AMAPA	98.785	494	6	0	2112	2605	1	494	0.0	992
ACT52242.1	tr|M1K439|M1K439_AMAPA	97.390	498	13	0	988	1485	1	498	0.0	990
ACT52242.1	tr|A0A142K487|A0A142K487_AMARE	97.425	466	12	0	1020	1485	1	466	0.0	926
ACT52242.1	tr|A0A142K488|A0A142K488_AMABL	96.137	466	17	1	1020	1485	1	465	0.0	909
ACT52242.1	tr|A0A0K9RIA3|A0A0K9RIA3_SPIOL	88.119	505	56	2	981	1485	2	502	0.0	905
ACT52242.1	tr|A0A7C9CHK7|A0A7C9CHK7_OPUST	84.585	506	76	2	981	1485	2	506	0.0	862
ACT52242.1	tr|Q30CZ8|Q30CZ8_FAGSY	79.921	508	98	2	981	1485	2	508	0.0	813
ACT52242.1	tr|A0A5B7ANL6|A0A5B7ANL6_DAVIN	80.392	510	94	2	981	1485	2	510	0.0	802
ACT52242.1	tr|A0A1U8ABI8|A0A1U8ABI8_NELNU	77.148	512	110	2	981	1485	2	513	0.0	802
ACT52242.1	tr|A0A166FFB0|A0A166FFB0_DAUCS	77.539	512	108	1	981	1485	2	513	0.0	801
ACT52242.1	tr|A0A6L5B9B8|A0A6L5B9B8_APIGR	77.432	514	105	2	981	1485	2	513	0.0	797
ACT52242.1	tr|A0A2U1MP09|A0A2U1MP09_ARTAN	79.359	499	97	2	2108	2605	7	500	0.0	796
ACT52242.1	tr|A0A2I4DKQ7|A0A2I4DKQ7_JUGRE	78.278	511	103	5	981	1485	2	510	0.0	796
ACT52242.1	tr|A0A2P6SFY3|A0A2P6SFY3_ROSCH	79.010	505	101	4	2105	2605	2	505	0.0	795
ACT52242.1	tr|A0A059CIR5|A0A059CIR5_EUCGR	80.287	487	90	3	1001	1485	19	501	0.0	793
ACT52242.1	tr|A0A2I0WBU8|A0A2I0WBU8_9ASPA	83.660	459	71	1	2147	2601	51	509	0.0	792
ACT52242.1	tr|A0A6I9RYL5|A0A6I9RYL5_ELAGV	80.000	490	88	3	2115	2601	20	502	0.0	790
ACT52242.1	tr|A0A2U1QK72|A0A2U1QK72_ARTAN	79.192	495	97	2	2111	2605	10	498	0.0	790
ACT52242.1	tr|A0A5N6QG01|A0A5N6QG01_9ROSI	79.482	502	99	2	987	1485	9	509	0.0	789
ACT52242.1	tr|A0A2H9ZZR4|A0A2H9ZZR4_9ASPA	85.426	446	65	0	1040	1485	69	514	0.0	788
ACT52242.1	tr|M0U232|M0U232_MUSAM	83.664	453	74	0	1033	1485	54	506	0.0	785
ACT52242.1	tr|A0A172QP98|A0A172QP98_FRAAN	77.014	509	103	4	2105	2605	2	504	0.0	785
ACT52242.1	tr|A0A371FL00|A0A371FL00_MUCPR	75.634	513	116	2	981	1485	2	513	0.0	783
ACT52242.1	tr|A0A4S8IKF3|A0A4S8IKF3_MUSBA	84.305	446	70	0	1040	1485	61	506	0.0	783
ACT52242.1	tr|A0A2R6RCQ6|A0A2R6RCQ6_ACTCC	79.604	505	99	2	2105	2605	2	506	0.0	782
ACT52242.1	tr|W0FFD6|W0FFD6_MUSAC	83.223	453	76	0	1033	1485	50	502	0.0	781
ACT52242.1	tr|A0A2H3YUT8|A0A2H3YUT8_PHODC	80.658	486	87	3	1000	1485	32	510	0.0	781
ACT52242.1	tr|A0A6A4PNT7|A0A6A4PNT7_LUPAL	77.432	514	105	3	981	1485	2	513	0.0	780
ACT52242.1	tr|A0A200R9Y2|A0A200R9Y2_9MAGN	80.040	501	94	3	2105	2601	2	500	0.0	778
ACT52242.1	tr|A0A2J6KQQ6|A0A2J6KQQ6_LACSA	78.346	508	102	4	1545	2047	2	506	0.0	777
ACT52242.1	tr|A0A6S7NS83|A0A6S7NS83_LACSI	78.150	508	103	4	1545	2047	2	506	0.0	777
ACT52242.1	tr|A0A6P6AZB2|A0A6P6AZB2_DURZI	76.471	510	113	2	981	1485	2	509	0.0	776
ACT52242.1	tr|A0A2R6QPH7|A0A2R6QPH7_ACTCC	77.691	511	106	3	981	1485	2	510	0.0	776
ACT52242.1	tr|Q1M157|Q1M157_CAMAC	78.431	510	101	4	981	1485	2	507	0.0	776
ACT52242.1	tr|A0A6P5GNZ8|A0A6P5GNZ8_ANACO	87.671	438	54	0	2164	2601	63	500	0.0	776
ACT52242.1	tr|A0A6A4LV35|A0A6A4LV35_9ERIC	79.400	500	91	4	2105	2601	2	492	0.0	775
ACT52242.1	tr|A0A151UC41|A0A151UC41_CAJCA	77.778	513	105	2	981	1485	2	513	0.0	775
ACT52242.1	tr|A0A199UTR0|A0A199UTR0_ANACO	87.671	438	54	0	2164	2601	63	500	0.0	775
ACT52242.1	tr|A0A3G9EL19|A0A3G9EL19_9LILI	76.104	498	108	3	1557	2047	7	500	0.0	774
ACT52242.1	tr|A0A5N6LK10|A0A5N6LK10_9ASTR	78.416	505	102	3	1546	2047	4	504	0.0	774
ACT52242.1	sp|P11043|AROA_PETHY	80.762	499	90	4	2105	2601	2	496	0.0	774
ACT52242.1	tr|A0A6I9SCZ8|A0A6I9SCZ8_ELAGV	77.583	513	103	3	981	1485	2	510	0.0	773
ACT52242.1	tr|A0A6J1D1H2|A0A6J1D1H2_MOMCH	77.907	516	103	3	981	1485	2	517	0.0	773
ACT52242.1	tr|Q6E6L5|Q6E6L5_CONCD	79.604	505	93	4	2107	2605	3	503	0.0	773
ACT52242.1	tr|A0A445E9D3|A0A445E9D3_ARAHY	77.670	515	103	4	981	1485	2	514	0.0	772
ACT52242.1	tr|A0A6J1IGL2|A0A6J1IGL2_CUCMA	78.812	505	99	3	2105	2601	2	506	0.0	772
ACT52242.1	tr|A0A445E6M8|A0A445E6M8_ARAHY	77.476	515	104	4	981	1485	2	514	0.0	771
ACT52242.1	tr|A0A061DTZ2|A0A061DTZ2_THECC	79.134	508	103	2	981	1485	2	509	0.0	771
ACT52242.1	tr|A0A345N8W8|A0A345N8W8_9ASTR	85.421	439	63	1	2168	2605	69	507	0.0	771
ACT52242.1	tr|A0A345N8W9|A0A345N8W9_9ASTR	85.421	439	63	1	2168	2605	69	507	0.0	771
ACT52242.1	tr|A0A1J3E0I6|A0A1J3E0I6_NOCCA	75.875	514	115	5	1543	2047	2	515	0.0	771
ACT52242.1	tr|G4U4J4|G4U4J4_CONCD	79.842	506	90	4	2107	2605	3	503	0.0	771
ACT52242.1	tr|M0S4R3|M0S4R3_MUSAM	83.547	468	75	2	2134	2601	33	498	0.0	771
ACT52242.1	tr|A0A6A5MWN1|A0A6A5MWN1_LUPAL	77.626	514	103	4	981	1485	2	512	0.0	770
ACT52242.1	tr|M1A9Z3|M1A9Z3_SOLTU	79.249	506	87	5	2105	2601	2	498	0.0	770
ACT52242.1	tr|A0A4S8I8K9|A0A4S8I8K9_MUSBA	83.333	468	76	2	2134	2601	33	498	0.0	769
ACT52242.1	tr|A0A345N8Y2|A0A345N8Y2_9ASTR	84.424	443	68	1	1044	1485	66	508	0.0	769
ACT52242.1	tr|A0A1J3HBZ8|A0A1J3HBZ8_NOCCA	75.875	514	115	5	1543	2047	2	515	0.0	769
ACT52242.1	tr|Q6E6L4|Q6E6L4_CONCD	85.194	439	64	1	2168	2605	69	507	0.0	769
ACT52242.1	tr|A0A6J1FWK9|A0A6J1FWK9_CUCMO	78.812	505	99	3	2105	2601	2	506	0.0	769
ACT52242.1	tr|A0A6I9SBM8|A0A6I9SBM8_ELAGV	77.282	515	103	4	981	1485	2	512	0.0	769
ACT52242.1	tr|A0A345N8X0|A0A345N8X0_9ASTR	85.194	439	64	1	2168	2605	69	507	0.0	769
ACT52242.1	tr|A0A345N8Y0|A0A345N8Y0_9ASTR	84.424	443	68	1	1044	1485	66	508	0.0	768
ACT52242.1	tr|A0A6P8DN04|A0A6P8DN04_PUNGR	83.080	461	76	2	2146	2605	47	506	0.0	768
ACT52242.1	tr|G4U4J5|G4U4J5_CONCD	84.966	439	65	1	2168	2605	69	507	0.0	768
ACT52242.1	tr|H6U643|H6U643_9ASTR	77.451	510	108	4	980	1485	2	508	0.0	768
ACT52242.1	tr|A0A6P4CG93|A0A6P4CG93_ARADU	77.282	515	105	4	981	1485	2	514	0.0	768
ACT52242.1	tr|A0A345N8Y1|A0A345N8Y1_9ASTR	83.973	443	70	1	1044	1485	66	508	0.0	768
ACT52242.1	tr|A0A345N8U8|A0A345N8U8_9ASTR	79.644	506	91	4	2107	2605	3	503	0.0	768
ACT52242.1	tr|A0A345N8X4|A0A345N8X4_9ASTR	84.424	443	68	1	1044	1485	66	508	0.0	768
ACT52242.1	tr|A0A1J3J5B9|A0A1J3J5B9_NOCCA	75.681	514	116	5	1543	2047	2	515	0.0	768
ACT52242.1	tr|A0A1J3F4M4|A0A1J3F4M4_NOCCA	75.681	514	116	5	1543	2047	2	515	0.0	768
ACT52242.1	tr|A0A345N8V8|A0A345N8V8_9ASTR	79.644	506	91	4	2107	2605	3	503	0.0	768
ACT52242.1	tr|A0A6J1A1W0|A0A6J1A1W0_9ROSI	79.216	510	99	4	981	1485	2	509	0.0	768
ACT52242.1	tr|A0A5D3D3C3|A0A5D3D3C3_CUCME	78.416	505	101	2	2105	2601	2	506	0.0	767
ACT52242.1	tr|A0A5S9X766|A0A5S9X766_ARATH	75.882	510	115	3	1543	2047	2	508	0.0	766
ACT52242.1	tr|A0A6P4AJ93|A0A6P4AJ93_ZIZJJ	77.043	514	108	4	981	1485	2	514	0.0	766
ACT52242.1	sp|P05466|AROA_ARATH	75.882	510	115	3	1543	2047	2	508	0.0	766
ACT52242.1	tr|A0A345N8V7|A0A345N8V7_9ASTR	79.447	506	92	4	2107	2605	3	503	0.0	766
ACT52242.1	tr|A0A345N8V9|A0A345N8V9_9ASTR	79.447	506	92	4	2107	2605	3	503	0.0	766
ACT52242.1	tr|A0A345N8V1|A0A345N8V1_9ASTR	79.447	506	92	4	2107	2605	3	503	0.0	766
ACT52242.1	tr|A0A1J7H2T7|A0A1J7H2T7_LUPAN	76.654	514	108	4	981	1485	2	512	0.0	766
ACT52242.1	tr|A0A1P8B1E5|A0A1P8B1E5_ARATH	75.882	510	115	3	1543	2047	2	508	0.0	766
ACT52242.1	tr|W9RXC5|W9RXC5_9ROSA	85.430	453	65	1	1595	2047	62	513	0.0	766
ACT52242.1	tr|A0A2Z7CLX6|A0A2Z7CLX6_9LAMI	82.737	475	76	3	2131	2601	26	498	0.0	765
ACT52242.1	tr|A0A1S3AVE7|A0A1S3AVE7_CUCME	78.218	505	102	2	2105	2601	2	506	0.0	765
ACT52242.1	tr|A0A5A7U401|A0A5A7U401_CUCME	78.218	505	102	2	2105	2601	2	506	0.0	765
ACT52242.1	tr|A0A0A0L4E4|A0A0A0L4E4_CUCSA	78.416	505	101	2	2105	2601	2	506	0.0	764
ACT52242.1	tr|A0A1U7WR75|A0A1U7WR75_NICSY	80.080	497	93	3	2105	2601	2	492	0.0	764
ACT52242.1	tr|A0A654F3G7|A0A654F3G7_ARATH	75.686	510	116	3	1543	2047	2	508	0.0	764
ACT52242.1	tr|A0A6N2B2Z6|A0A6N2B2Z6_SOLCI	79.010	505	98	4	2105	2605	2	502	0.0	764
ACT52242.1	tr|M5X3W8|M5X3W8_PRUPE	77.756	508	105	3	2105	2605	2	508	0.0	764
ACT52242.1	tr|A0A2G3DDT4|A0A2G3DDT4_CAPCH	76.471	510	97	6	2105	2601	2	501	0.0	764
ACT52242.1	tr|A0A4S4DR40|A0A4S4DR40_CAMSI	84.802	454	68	1	2148	2601	111	563	0.0	764
ACT52242.1	tr|A0A1S2YLL6|A0A1S2YLL6_CICAR	76.803	513	110	2	981	1485	2	513	0.0	764
ACT52242.1	tr|A0A3Q7GLX3|A0A3Q7GLX3_SOLLC	79.441	501	95	4	2105	2601	2	498	0.0	764
ACT52242.1	tr|A0A6P5RNW7|A0A6P5RNW7_PRUAV	77.559	508	106	3	2105	2605	2	508	0.0	763
ACT52242.1	tr|A0A314ZJW2|A0A314ZJW2_PRUYE	77.756	508	105	3	2105	2605	2	508	0.0	763
ACT52242.1	tr|A0A2G9H2R6|A0A2G9H2R6_9LAMI	86.323	446	60	1	1040	1485	63	507	0.0	763
ACT52242.1	tr|D0VBC7|D0VBC7_VITVI	77.495	511	106	3	981	1485	2	509	0.0	763
ACT52242.1	tr|A0A2R6R6G0|A0A2R6R6G0_ACTCC	82.143	476	79	3	1010	1485	31	500	0.0	763
ACT52242.1	tr|A0A2G3AHD0|A0A2G3AHD0_CAPAN	75.681	514	110	5	981	1485	2	509	0.0	762
ACT52242.1	tr|A0A1U8GVU4|A0A1U8GVU4_CAPAN	75.681	514	110	5	981	1485	2	509	0.0	762
ACT52242.1	tr|G1FBT6|G1FBT6_CAPAN	81.144	472	79	4	2134	2605	39	500	0.0	762
ACT52242.1	tr|A0A2P5CCC8|A0A2P5CCC8_TREOI	76.758	512	112	3	981	1485	2	513	0.0	761
ACT52242.1	tr|A0A2G2XNQ6|A0A2G2XNQ6_CAPBA	80.932	472	80	4	2134	2605	44	505	0.0	761
ACT52242.1	tr|A0A178VT19|A0A178VT19_ARATH	75.490	510	117	3	1543	2047	2	508	0.0	761
ACT52242.1	tr|A0A2H3ZFH7|A0A2H3ZFH7_PHODC	77.193	513	104	4	981	1485	2	509	0.0	761
ACT52242.1	tr|A0A0B0MKL1|A0A0B0MKL1_GOSAR	77.800	509	109	2	980	1485	2	509	0.0	761
ACT52242.1	tr|A0A0N9BED5|A0A0N9BED5_9ASPA	78.458	506	102	5	981	1485	7	506	0.0	761
ACT52242.1	tr|A0A2P5ADN8|A0A2P5ADN8_PARAD	76.953	512	111	3	981	1485	2	513	0.0	761
ACT52242.1	tr|A0A6D2JXJ5|A0A6D2JXJ5_9BRAS	75.097	514	119	5	1543	2047	2	515	0.0	761
ACT52242.1	tr|A0A078J1K1|A0A078J1K1_BRANA	75.345	507	118	5	1543	2047	2	503	0.0	760
ACT52242.1	tr|A0A140DN07|A0A140DN07_9POAL	84.211	437	67	2	1612	2047	68	503	0.0	760
ACT52242.1	tr|D2CIU4|D2CIU4_9ASTR	86.175	434	60	0	1052	1485	1	434	0.0	760
ACT52242.1	tr|A0A0N9BED7|A0A0N9BED7_LIRMU	86.517	445	58	2	1041	1485	64	506	0.0	760
ACT52242.1	tr|D2CIU5|D2CIU5_9ASTR	86.175	434	60	0	1052	1485	1	434	0.0	760
ACT52242.1	tr|A0A5E4FH79|A0A5E4FH79_PRUDU	78.193	509	101	6	2105	2605	2	508	0.0	760
ACT52242.1	tr|A0A5N6M5M3|A0A5N6M5M3_9ASTR	78.557	499	100	3	1552	2047	10	504	0.0	760
ACT52242.1	tr|A0A5J4ZAW2|A0A5J4ZAW2_9ASTE	87.770	417	51	0	2185	2601	1040	1456	0.0	759
ACT52242.1	tr|A0A0K9NRE7|A0A0K9NRE7_ZOSMR	81.140	456	84	2	1030	1485	50	503	0.0	759
ACT52242.1	tr|A0A2G5E2Q7|A0A2G5E2Q7_AQUCA	77.451	510	105	2	2105	2605	2	510	0.0	759
ACT52242.1	tr|A0A6J1IYT9|A0A6J1IYT9_CUCMA	77.756	508	102	3	2105	2605	9	512	0.0	759
ACT52242.1	tr|A0A5D2WSS2|A0A5D2WSS2_GOSMU	77.800	509	109	2	980	1485	2	509	0.0	759
ACT52242.1	tr|D2CIU2|D2CIU2_9ASTR	86.588	425	57	0	2181	2605	6	430	0.0	759
ACT52242.1	tr|A0A0N7E509|A0A0N7E509_9ASPA	86.099	446	60	2	1040	1485	61	504	0.0	759
ACT52242.1	tr|A7Y7Y2|A7Y7Y2_GOSHI	77.800	509	109	2	980	1485	2	509	0.0	759
ACT52242.1	tr|A0A5D2E8P9|A0A5D2E8P9_GOSDA	77.800	509	109	2	980	1485	2	509	0.0	759
ACT52242.1	tr|A0A5J5T9R9|A0A5J5T9R9_GOSBA	77.800	509	109	2	980	1485	2	509	0.0	759
ACT52242.1	tr|A0A2P5WGR5|A0A2P5WGR5_GOSBA	77.996	509	108	2	980	1485	2	509	0.0	759
ACT52242.1	tr|A8YTA7|A8YTA7_9ASTR	85.548	429	62	0	1057	1485	6	434	0.0	758
ACT52242.1	tr|A0A6J1E9L2|A0A6J1E9L2_CUCMO	78.063	506	96	4	2105	2601	9	508	0.0	758
ACT52242.1	tr|A0A1Q3CEV3|A0A1Q3CEV3_CEPFO	85.160	438	64	1	2164	2601	64	500	0.0	758
ACT52242.1	tr|A0A126SNX5|A0A126SNX5_9POAL	83.982	437	68	2	1612	2047	67	502	0.0	758
ACT52242.1	tr|A0A089VLU1|A0A089VLU1_9POAL	84.211	437	67	2	1612	2047	52	487	0.0	758
ACT52242.1	tr|Q946U9|Q946U9_9LAMI	79.032	496	90	4	2118	2601	3	496	0.0	758
ACT52242.1	tr|A0A6P5ZW89|A0A6P5ZW89_DURZI	77.407	509	109	2	981	1485	2	508	0.0	758
ACT52242.1	tr|A0A067HD33|A0A067HD33_CITSI	76.482	506	118	1	1543	2047	2	507	0.0	758
ACT52242.1	tr|M1CGC9|M1CGC9_SOLTU	78.125	512	99	6	981	1485	2	507	0.0	758
ACT52242.1	tr|A0A1S4C0K4|A0A1S4C0K4_TOBAC	78.842	501	98	5	2105	2601	2	498	0.0	758
ACT52242.1	tr|A0A140DN06|A0A140DN06_9POAL	83.982	437	68	2	1612	2047	67	502	0.0	758
ACT52242.1	tr|A0A089VKV2|A0A089VKV2_9POAL	84.211	437	67	2	1612	2047	53	488	0.0	758
ACT52242.1	tr|A0A089VFD1|A0A089VFD1_9POAL	84.211	437	67	2	1612	2047	52	487	0.0	758
ACT52242.1	tr|Q946V0|Q946V0_9LAMI	78.831	496	91	4	2118	2601	3	496	0.0	758
ACT52242.1	tr|A0A6P5ZWD4|A0A6P5ZWD4_DURZI	77.712	507	111	2	981	1485	2	508	0.0	757
ACT52242.1	tr|A0A0M8KSM3|A0A0M8KSM3_NICAT	79.879	497	88	5	2105	2601	2	486	0.0	757
ACT52242.1	tr|A0A089X599|A0A089X599_9POAL	83.982	437	68	2	1612	2047	53	488	0.0	757
ACT52242.1	tr|D2CIU3|D2CIU3_9ASTR	85.945	434	61	0	1052	1485	1	434	0.0	756
ACT52242.1	tr|A0A6P6VTQ7|A0A6P6VTQ7_COFAR	79.359	499	87	5	1000	1485	8	503	0.0	756
ACT52242.1	tr|A0A089VH80|A0A089VH80_9POAL	83.982	437	68	2	1612	2047	62	497	0.0	756
ACT52242.1	tr|A0A2H5NP74|A0A2H5NP74_CITUN	76.482	506	118	1	1543	2047	2	507	0.0	756
ACT52242.1	tr|A0A5D2MVQ5|A0A5D2MVQ5_GOSTO	77.210	509	112	2	980	1485	2	509	0.0	756
ACT52242.1	tr|A0A067K174|A0A067K174_JATCU	77.165	508	111	3	1543	2047	2	507	0.0	756
ACT52242.1	tr|A0A6J5WEC5|A0A6J5WEC5_PRUAR	76.772	508	110	3	2105	2605	2	508	0.0	756
ACT52242.1	tr|A0A1U7YG45|A0A1U7YG45_NICSY	78.643	501	99	5	2105	2601	2	498	0.0	756
ACT52242.1	tr|V4U8J1|V4U8J1_CITCL	76.482	506	118	1	1543	2047	2	507	0.0	756
ACT52242.1	sp|P23981|AROA1_TOBAC	78.643	501	99	5	2105	2601	2	498	0.0	756
ACT52242.1	tr|A0A5D2SCP1|A0A5D2SCP1_GOSMU	77.559	508	112	2	980	1485	2	509	0.0	755
ACT52242.1	tr|D2CIU6|D2CIU6_9ASTR	85.548	429	62	0	1057	1485	6	434	0.0	755
ACT52242.1	tr|G7JEN4|G7JEN4_MEDTR	76.413	513	109	3	981	1485	2	510	0.0	755
ACT52242.1	tr|A0A3S3MQP3|A0A3S3MQP3_9MAGN	79.800	500	95	5	2105	2601	2	498	0.0	755
ACT52242.1	tr|A0A5D2AA30|A0A5D2AA30_GOSDA	77.407	509	111	2	980	1485	2	509	0.0	754
ACT52242.1	tr|A0A5J5NXG7|A0A5J5NXG7_GOSBA	77.407	509	111	2	980	1485	2	509	0.0	754
ACT52242.1	tr|A0A498JHI7|A0A498JHI7_MALDO	77.362	508	108	3	2105	2605	2	509	0.0	754
ACT52242.1	tr|A0A5N6NPZ5|A0A5N6NPZ5_9ASTR	88.112	429	50	1	2174	2601	70	498	0.0	754
ACT52242.1	tr|A0A3Q7EKI7|A0A3Q7EKI7_SOLLC	77.973	513	99	7	981	1485	2	508	0.0	754
ACT52242.1	tr|A0A251V1I3|A0A251V1I3_HELAN	87.442	430	54	0	1056	1485	68	497	0.0	753
ACT52242.1	tr|A0A1U8N867|A0A1U8N867_GOSHI	77.407	509	111	2	980	1485	2	509	0.0	753
ACT52242.1	tr|A8YTA6|A8YTA6_9ASTR	87.703	431	53	0	2175	2605	1	431	0.0	753
ACT52242.1	tr|A0A0D2RDI7|A0A0D2RDI7_GOSRA	77.362	508	113	2	980	1485	2	509	0.0	753
ACT52242.1	tr|B2C1I9|B2C1I9_GOSHI	77.407	509	111	2	980	1485	2	509	0.0	753
ACT52242.1	tr|A0A068TN19|A0A068TN19_COFCA	86.333	439	60	0	1047	1485	16	454	0.0	752
ACT52242.1	tr|A0A251S0N3|A0A251S0N3_HELAN	85.034	441	66	0	2165	2605	62	502	0.0	752
ACT52242.1	tr|A0A6I9TZG3|A0A6I9TZG3_SESIN	88.356	438	50	1	2164	2601	63	499	0.0	752
ACT52242.1	tr|A0A1J7IWW3|A0A1J7IWW3_LUPAN	83.149	451	75	1	1035	1485	6	455	0.0	752
ACT52242.1	tr|D2CIU7|D2CIU7_9ASTR	85.082	429	64	0	1057	1485	6	434	0.0	752
ACT52242.1	tr|A0A4P8PSL9|A0A4P8PSL9_AMBAR	84.494	445	67	1	1603	2047	58	500	0.0	752
ACT52242.1	tr|A0A2C9VT94|A0A2C9VT94_MANES	77.932	503	103	3	2105	2601	2	502	0.0	751
ACT52242.1	sp|P10748|AROA_SOLLC	77.778	513	100	7	981	1485	2	508	0.0	751
ACT52242.1	tr|A0A4D8Y0K7|A0A4D8Y0K7_SALSN	79.116	498	92	4	2115	2601	3	499	0.0	750
ACT52242.1	tr|A0A4D8ZGC2|A0A4D8ZGC2_SALSN	80.000	495	87	4	2118	2601	3	496	0.0	749
ACT52242.1	tr|A0A2H5NPD9|A0A2H5NPD9_CITUN	75.292	514	118	2	1543	2047	2	515	0.0	749
ACT52242.1	tr|A0A5D2I9Q4|A0A5D2I9Q4_GOSTO	77.210	509	112	2	980	1485	2	509	0.0	749
ACT52242.1	tr|B9GPE8|B9GPE8_POPTR	76.938	503	112	4	2105	2605	2	502	0.0	748
ACT52242.1	tr|A0A0V0IJ85|A0A0V0IJ85_SOLCH	77.583	513	102	7	981	1485	2	509	0.0	748
ACT52242.1	tr|A0A0A6Z9T0|A0A0A6Z9T0_HEVBR	75.292	514	114	3	1543	2047	2	511	0.0	748
ACT52242.1	tr|A0A4D8ZUB6|A0A4D8ZUB6_SALSN	79.116	498	92	4	2115	2601	3	499	0.0	747
ACT52242.1	tr|A0A6S7N1K5|A0A6S7N1K5_LACSI	83.857	446	70	2	1041	1485	61	505	0.0	747
ACT52242.1	tr|I1J7U9|I1J7U9_SOYBN	84.868	456	68	1	2150	2605	55	509	0.0	747
ACT52242.1	tr|A0A0B2QZU7|A0A0B2QZU7_GLYSO	84.868	456	68	1	2150	2605	55	509	0.0	747
ACT52242.1	tr|A0A1R3K0M4|A0A1R3K0M4_9ROSI	77.246	501	108	3	989	1485	12	510	0.0	747
ACT52242.1	tr|A0A6N2LI84|A0A6N2LI84_SALVM	77.555	499	108	4	2105	2601	2	498	0.0	746
ACT52242.1	tr|A0A5N5NPD9|A0A5N5NPD9_9ROSI	77.555	499	108	4	2105	2601	2	498	0.0	746
ACT52242.1	tr|A0A5E4FCY7|A0A5E4FCY7_PRUDU	82.721	463	73	4	2148	2605	1	461	0.0	746
ACT52242.1	tr|A0A1R3I7K5|A0A1R3I7K5_COCAP	76.800	500	112	2	989	1485	12	510	0.0	746
ACT52242.1	tr|A8YTA5|A8YTA5_9ASTR	87.007	431	56	0	2175	2605	1	431	0.0	745
ACT52242.1	tr|B9RDA3|B9RDA3_RICCO	84.081	446	69	2	1040	1485	63	506	0.0	745
ACT52242.1	tr|A0A6N2BGA3|A0A6N2BGA3_SOLCI	77.800	509	99	7	2105	2605	2	504	0.0	745
ACT52242.1	tr|B2CM20|B2CM20_9ASTE	79.400	500	99	3	2105	2601	2	500	0.0	745
ACT52242.1	tr|A0A438FU78|A0A438FU78_VITVI	71.920	552	105	4	981	1485	2	550	0.0	745
ACT52242.1	tr|A0A5B6UZZ8|A0A5B6UZZ8_9ROSI	76.817	509	114	2	980	1485	2	509	0.0	744
ACT52242.1	tr|Q8W1M5|Q8W1M5_ORYVI	75.197	508	120	2	1543	2047	2	506	0.0	744
ACT52242.1	tr|A0A5B6UNE0|A0A5B6UNE0_9ROSI	80.000	485	92	2	2125	2605	22	505	0.0	744
ACT52242.1	tr|A0A2C9WQP6|A0A2C9WQP6_MANES	75.930	511	114	5	1543	2047	2	509	0.0	744
ACT52242.1	tr|A0A0D2QRR3|A0A0D2QRR3_GOSRA	80.000	485	92	2	2125	2605	22	505	0.0	744
ACT52242.1	tr|A0A6P6VVB1|A0A6P6VVB1_COFAR	75.862	522	87	6	1000	1485	8	526	0.0	744
ACT52242.1	tr|A0A1U8NX97|A0A1U8NX97_GOSHI	79.794	485	93	2	2125	2605	22	505	0.0	743
ACT52242.1	tr|A0A4Y7KMY3|A0A4Y7KMY3_PAPSO	76.163	516	107	5	2105	2605	4	518	0.0	743
ACT52242.1	tr|Q6E6L3|Q6E6L3_CONCD	83.066	437	73	1	1050	1485	6	442	0.0	743
ACT52242.1	tr|A0A5D2PTD5|A0A5D2PTD5_GOSTO	79.794	485	93	2	2125	2605	22	505	0.0	743
ACT52242.1	tr|A0A5A7PEX9|A0A5A7PEX9_STRAF	80.384	469	87	3	2131	2599	29	492	0.0	743
ACT52242.1	tr|A0A484M6T4|A0A484M6T4_9ASTE	79.794	485	88	5	2124	2601	22	503	0.0	742
ACT52242.1	tr|I1H1V3|I1H1V3_BRADI	82.284	429	76	0	1057	1485	70	498	0.0	742
ACT52242.1	tr|A0A5N5F2I1|A0A5N5F2I1_9ROSA	77.559	508	107	3	2105	2605	2	509	0.0	742
ACT52242.1	tr|A0A0B0PQG1|A0A0B0PQG1_GOSAR	79.588	485	94	2	2125	2605	22	505	0.0	742
ACT52242.1	tr|A0A5D2YPM1|A0A5D2YPM1_GOSMU	79.588	485	94	2	2125	2605	22	505	0.0	741
ACT52242.1	tr|A0A6A4KJY0|A0A6A4KJY0_9ERIC	78.107	507	104	4	2105	2605	2	507	0.0	741
ACT52242.1	tr|R0FVF7|R0FVF7_9BRAS	75.930	511	112	6	1543	2047	2	507	0.0	741
ACT52242.1	tr|V4L9W7|V4L9W7_EUTSA	75.197	508	120	2	1543	2047	2	506	0.0	741
ACT52242.1	tr|A0A5C7I2M9|A0A5C7I2M9_9ROSI	75.048	517	112	5	981	1485	2	513	0.0	741
ACT52242.1	tr|A0A4D6MN12|A0A4D6MN12_VIGUN	76.608	513	111	2	981	1485	2	513	0.0	741
ACT52242.1	tr|A0A565BP76|A0A565BP76_9BRAS	76.331	507	114	4	1543	2047	2	504	0.0	740
ACT52242.1	tr|A0A540LEB6|A0A540LEB6_MALBA	77.579	504	106	3	2105	2601	2	505	0.0	740
ACT52242.1	tr|D7LCH4|D7LCH4_ARALL	76.134	507	115	3	1543	2047	2	504	0.0	740
ACT52242.1	tr|A0A0S3SYD7|A0A0S3SYD7_PHAAN	76.413	513	112	2	981	1485	2	513	0.0	739
ACT52242.1	tr|A0A1S3V5Z0|A0A1S3V5Z0_VIGRR	76.413	513	112	2	981	1485	2	513	0.0	739
ACT52242.1	tr|A0A498KI81|A0A498KI81_MALDO	77.165	508	109	3	2105	2605	2	509	0.0	739
ACT52242.1	tr|A0A5D2BWR2|A0A5D2BWR2_GOSDA	79.834	481	92	2	2125	2601	22	501	0.0	738
ACT52242.1	tr|A0A5J5QTD1|A0A5J5QTD1_GOSBA	79.834	481	92	2	2125	2601	22	501	0.0	738
ACT52242.1	tr|A0A5D2UA94|A0A5D2UA94_GOSMU	79.381	485	95	2	2125	2605	22	505	0.0	738
ACT52242.1	tr|A0A1U8P5S7|A0A1U8P5S7_GOSHI	79.381	485	95	2	2125	2605	22	505	0.0	738
ACT52242.1	tr|A0A3P6D0R6|A0A3P6D0R6_BRACM	75.686	510	112	6	1543	2047	2	504	0.0	738
ACT52242.1	tr|A0A1S4AEH4|A0A1S4AEH4_TOBAC	76.265	514	103	6	981	1485	2	505	0.0	737
ACT52242.1	tr|D7KD66|D7KD66_ARALL	83.259	448	70	3	2159	2605	64	507	0.0	737
ACT52242.1	tr|A0A6N2MUH1|A0A6N2MUH1_SALVM	75.984	508	116	4	981	1485	2	506	0.0	737
ACT52242.1	tr|A0A0D3B6U5|A0A0D3B6U5_BRAOL	78.958	480	88	4	1577	2047	22	497	0.0	737
ACT52242.1	tr|A0A2R6R9C4|A0A2R6R9C4_ACTCC	86.557	424	57	0	2182	2605	1	424	0.0	736
ACT52242.1	tr|A0A078JSU1|A0A078JSU1_BRANA	83.937	442	67	2	2164	2605	68	505	0.0	736
ACT52242.1	tr|A0A0B2RR79|A0A0B2RR79_GLYSO	77.388	513	108	1	981	1485	2	514	0.0	736
ACT52242.1	tr|A0A3P6A8B6|A0A3P6A8B6_BRACM	82.735	446	73	2	1602	2047	68	509	0.0	736
ACT52242.1	tr|A0A6J0NIE3|A0A6J0NIE3_RAPSA	82.287	446	76	1	1602	2047	60	502	0.0	736
ACT52242.1	tr|A0A5N5K689|A0A5N5K689_9ROSI	75.984	508	116	4	981	1485	2	506	0.0	736
ACT52242.1	tr|A0A078HH62|A0A078HH62_BRANA	75.294	510	114	6	1543	2047	2	504	0.0	736
ACT52242.1	tr|A0A2P5X9W2|A0A2P5X9W2_GOSBA	79.381	485	95	2	2125	2605	22	505	0.0	736
ACT52242.1	tr|I1JKP7|I1JKP7_SOYBN	76.998	513	110	1	981	1485	2	514	0.0	735
ACT52242.1	tr|M4C856|M4C856_BRARP	81.441	458	80	3	1591	2047	49	502	0.0	735
ACT52242.1	sp|P17688|AROA_BRANA	75.294	510	114	6	1543	2047	2	504	0.0	735
ACT52242.1	tr|A0A6B9MN81|A0A6B9MN81_9LILI	86.560	439	57	2	2164	2601	65	502	0.0	734
ACT52242.1	tr|A0A397ZPX8|A0A397ZPX8_BRACM	75.098	510	115	6	1543	2047	2	504	0.0	734
ACT52242.1	tr|A8YTA8|A8YTA8_9ASTR	82.751	429	74	0	1057	1485	6	434	0.0	734
ACT52242.1	tr|A0A654ESJ0|A0A654ESJ0_ARATH	81.858	452	77	3	1597	2047	62	509	0.0	734
ACT52242.1	tr|V7AMX2|V7AMX2_PHAVU	76.218	513	113	2	981	1485	2	513	0.0	734
ACT52242.1	tr|A0A0D3C6D1|A0A0D3C6D1_BRAOL	75.098	510	115	6	1543	2047	2	504	0.0	733
ACT52242.1	tr|A0A3P6DB61|A0A3P6DB61_BRAOL	75.098	510	115	6	1543	2047	2	504	0.0	733
ACT52242.1	tr|Q9FVP6|Q9FVP6_ARATH	81.858	452	77	3	1597	2047	62	509	0.0	733
ACT52242.1	tr|Q6JDV0|Q6JDV0_BRACM	77.347	490	104	4	1561	2047	17	502	0.0	732
ACT52242.1	tr|B3GGJ9|B3GGJ9_CONAR	76.953	512	106	5	981	1485	2	508	0.0	732
ACT52242.1	tr|A0A6P6VX69|A0A6P6VX69_COFAR	75.000	520	93	6	1000	1485	8	524	0.0	731
ACT52242.1	tr|Q8LC97|Q8LC97_ARATH	81.637	452	78	3	1597	2047	62	509	0.0	731
ACT52242.1	tr|A0A1D1Z1F2|A0A1D1Z1F2_9ARAE	81.839	446	80	1	1602	2047	115	559	0.0	731
ACT52242.1	tr|Q1KPV4|Q1KPV4_9ASPA	80.879	455	84	1	2154	2605	52	506	0.0	731
ACT52242.1	tr|A0A4Y7L8J7|A0A4Y7L8J7_PAPSO	72.426	544	106	4	2105	2605	4	546	0.0	731
ACT52242.1	tr|A0A1J3HGA8|A0A1J3HGA8_NOCCA	81.637	452	78	3	1597	2047	58	505	0.0	731
ACT52242.1	tr|A0A178WDZ9|A0A178WDZ9_ARATH	81.416	452	79	3	1597	2047	62	509	0.0	731
ACT52242.1	tr|A0A1J3FYC3|A0A1J3FYC3_NOCCA	81.375	451	81	1	1597	2047	58	505	0.0	731
ACT52242.1	tr|A0A4D9ALU6|A0A4D9ALU6_SALSN	75.345	507	104	6	2115	2601	3	508	0.0	730
ACT52242.1	tr|A0A1J3E699|A0A1J3E699_NOCCA	82.287	446	75	2	1602	2047	69	510	0.0	730
ACT52242.1	tr|A0A5S9WKB0|A0A5S9WKB0_ARATH	82.812	448	72	3	2159	2605	62	505	0.0	730
ACT52242.1	tr|A0A5D2K8E4|A0A5D2K8E4_GOSTO	84.055	439	70	0	1047	1485	2	440	0.0	729
ACT52242.1	tr|Q0PKR0|Q0PKR0_PHAVU	74.303	502	124	2	2105	2601	2	503	0.0	729
ACT52242.1	tr|A0A1J3JRC8|A0A1J3JRC8_NOCCA	81.514	449	80	1	1599	2047	60	505	0.0	729
ACT52242.1	tr|M4FGU1|M4FGU1_BRARP	74.314	510	119	6	1543	2047	2	504	0.0	729
ACT52242.1	tr|A0A087H5C4|A0A087H5C4_ARAAL	82.287	446	75	2	1602	2047	62	503	0.0	729
ACT52242.1	tr|A0A6A1W176|A0A6A1W176_9ROSI	65.898	607	103	7	1543	2047	2	606	0.0	728
ACT52242.1	tr|A0A4U5MYM8|A0A4U5MYM8_POPAL	83.258	442	72	2	2164	2605	12	451	0.0	728
ACT52242.1	tr|A0A6B9F314|A0A6B9F314_IPOPU	82.609	460	78	2	2143	2601	37	495	0.0	727
ACT52242.1	tr|A0A2Z6M669|A0A2Z6M669_TRISU	74.074	513	113	3	981	1485	2	502	0.0	727
ACT52242.1	tr|A0A6B9ERJ0|A0A6B9ERJ0_IPOPU	82.609	460	78	2	2143	2601	22	480	0.0	727
ACT52242.1	tr|A0A6B9F2X6|A0A6B9F2X6_IPOPU	82.609	460	78	2	2143	2601	22	480	0.0	727
ACT52242.1	tr|A0A6B9ESI0|A0A6B9ESI0_IPOPU	82.609	460	78	2	2143	2601	24	482	0.0	727
ACT52242.1	tr|A0A6B9EWY2|A0A6B9EWY2_IPOPU	82.609	460	78	2	2143	2601	6	464	0.0	727
ACT52242.1	tr|A0A6B9ENN8|A0A6B9ENN8_IPOPU	82.609	460	78	2	2143	2601	25	483	0.0	726
ACT52242.1	tr|A0A6B9ENI7|A0A6B9ENI7_IPOPU	82.609	460	78	2	2143	2601	20	478	0.0	726
ACT52242.1	tr|A0A6B9ENM6|A0A6B9ENM6_IPOPU	82.609	460	78	2	2143	2601	19	477	0.0	726
ACT52242.1	tr|A0A3B6TCN7|A0A3B6TCN7_WHEAT	83.803	426	69	0	2176	2601	65	490	0.0	726
ACT52242.1	tr|A0A5B9T5S8|A0A5B9T5S8_LOLRI	82.517	429	75	0	1057	1485	65	493	0.0	726
ACT52242.1	tr|A0A453QJP6|A0A453QJP6_AEGTS	82.339	436	77	0	2166	2601	57	492	0.0	726
ACT52242.1	tr|Q93VK6|Q93VK6_ORYSA	83.683	429	70	0	1057	1485	71	499	0.0	726
ACT52242.1	tr|A0A6B9ER37|A0A6B9ER37_IPOPU	82.609	460	78	2	2143	2601	20	478	0.0	726
ACT52242.1	tr|A0A6B9ERL8|A0A6B9ERL8_IPOPU	82.609	460	78	2	2143	2601	23	481	0.0	726
ACT52242.1	tr|A0A0D3GCF5|A0A0D3GCF5_9ORYZ	83.683	429	70	0	1057	1485	69	497	0.0	726
ACT52242.1	tr|A0A6B9ENL3|A0A6B9ENL3_IPOPU	82.609	460	78	2	2143	2601	20	478	0.0	726
ACT52242.1	tr|A0A6B9ERH8|A0A6B9ERH8_IPOPU	82.609	460	78	2	2143	2601	19	477	0.0	726
ACT52242.1	tr|A0A6B9ESB5|A0A6B9ESB5_IPOPU	82.609	460	78	2	2143	2601	20	478	0.0	726
ACT52242.1	tr|A0A6B9ENN7|A0A6B9ENN7_IPOPU	82.609	460	78	2	2143	2601	22	480	0.0	726
ACT52242.1	tr|A0A0D9WLG7|A0A0D9WLG7_9ORYZ	83.645	428	70	0	1058	1485	71	498	0.0	726
ACT52242.1	tr|A0A6B9EWQ0|A0A6B9EWQ0_IPOPU	82.609	460	78	2	2143	2601	20	478	0.0	726
ACT52242.1	tr|A0A5B9T5W8|A0A5B9T5W8_LOLRI	82.517	429	75	0	1057	1485	65	493	0.0	726
ACT52242.1	tr|A0A6B9EQ80|A0A6B9EQ80_IPOPU	82.609	460	78	2	2143	2601	20	478	0.0	726
ACT52242.1	tr|I1PZA1|I1PZA1_ORYGL	83.683	429	70	0	1057	1485	71	499	0.0	726
ACT52242.1	tr|A0A6D2KT97|A0A6D2KT97_9BRAS	81.195	452	80	3	1597	2047	62	509	0.0	726
ACT52242.1	tr|A0A6B9ER56|A0A6B9ER56_IPOPU	82.609	460	78	2	2143	2601	20	478	0.0	726
ACT52242.1	tr|A0A5D2FWA0|A0A5D2FWA0_GOSDA	78.763	485	96	3	2125	2605	22	503	0.0	726
ACT52242.1	tr|A0A0E0PT33|A0A0E0PT33_ORYRU	83.683	429	70	0	1057	1485	75	503	0.0	725
ACT52242.1	tr|A2Y8X9|A2Y8X9_ORYSI	83.683	429	70	0	1057	1485	75	503	0.0	725
ACT52242.1	tr|A0A0E0HKI5|A0A0E0HKI5_ORYNI	83.683	429	70	0	1057	1485	75	503	0.0	725
ACT52242.1	tr|A0A0E0DW90|A0A0E0DW90_9ORYZ	83.683	429	70	0	1057	1485	75	503	0.0	725
ACT52242.1	tr|Q5VNW0|Q5VNW0_ORYSJ	83.683	429	70	0	1057	1485	75	503	0.0	725
ACT52242.1	tr|A0A3B6R885|A0A3B6R885_WHEAT	84.000	425	68	0	2181	2605	70	494	0.0	725
ACT52242.1	tr|B5M6A1|B5M6A1_WHEAT	83.568	426	70	0	2176	2601	65	490	0.0	725
ACT52242.1	tr|A0A0E0L7E6|A0A0E0L7E6_ORYPU	83.217	429	72	0	1057	1485	97	525	0.0	725
ACT52242.1	tr|A0A3B6U4K5|A0A3B6U4K5_WHEAT	83.568	426	70	0	2176	2601	70	495	0.0	725
ACT52242.1	tr|A0A023NMA5|A0A023NMA5_BASSC	87.438	406	48	1	1561	1966	7	409	0.0	725
ACT52242.1	tr|A0A446RID0|A0A446RID0_TRITD	83.568	426	70	0	2176	2601	65	490	0.0	725
ACT52242.1	tr|A0A0E0A4L5|A0A0E0A4L5_9ORYZ	83.450	429	71	0	1057	1485	71	499	0.0	724
ACT52242.1	tr|A0A3P6AFC9|A0A3P6AFC9_BRAOL	75.348	503	88	5	1577	2047	22	520	0.0	724
ACT52242.1	tr|A0A446RID2|A0A446RID2_TRITD	83.568	426	70	0	2176	2601	70	495	0.0	724
ACT52242.1	tr|A0A6B9F2T3|A0A6B9F2T3_IPOPU	82.391	460	79	2	2143	2601	20	478	0.0	724
ACT52242.1	tr|A0A446WZV3|A0A446WZV3_TRITD	84.561	421	65	0	2181	2601	70	490	0.0	724
ACT52242.1	tr|A0A6B9F2Z4|A0A6B9F2Z4_IPOPU	82.391	460	79	2	2143	2601	20	478	0.0	724
ACT52242.1	tr|A0A446RIC4|A0A446RIC4_TRITD	83.568	426	70	0	2176	2601	69	494	0.0	724
ACT52242.1	tr|A0A6B9ENH8|A0A6B9ENH8_IPOPU	82.391	460	79	2	2143	2601	20	478	0.0	723
ACT52242.1	tr|A0A6B9ENH7|A0A6B9ENH7_IPOPU	82.391	460	79	2	2143	2601	20	478	0.0	723
ACT52242.1	tr|A0A0E0L7E7|A0A0E0L7E7_ORYPU	83.217	429	72	0	1057	1485	59	487	0.0	723
ACT52242.1	tr|A0A3L6D9R8|A0A3L6D9R8_MAIZE	84.382	429	66	1	1057	1485	67	494	0.0	723
ACT52242.1	tr|A0A0E0L7E8|A0A0E0L7E8_ORYPU	83.217	429	72	0	1057	1485	23	451	0.0	723
ACT52242.1	tr|A0A1D6NVZ6|A0A1D6NVZ6_MAIZE	84.382	429	66	1	1057	1485	67	494	0.0	723
ACT52242.1	tr|O24566|O24566_MAIZE	84.382	429	66	1	1057	1485	5	432	0.0	723
ACT52242.1	tr|A0A0P0K3B8|A0A0P0K3B8_WHEAT	84.323	421	66	0	2181	2601	70	490	0.0	722
ACT52242.1	tr|A0A5J9TN54|A0A5J9TN54_9POAL	83.217	429	72	0	1057	1485	74	502	0.0	722
ACT52242.1	tr|A0A5B9T603|A0A5B9T603_BROTE	83.848	421	68	0	2181	2601	68	488	0.0	721
ACT52242.1	tr|A0A445L6I2|A0A445L6I2_GLYSO	73.383	541	108	2	981	1485	2	542	0.0	721
ACT52242.1	tr|A0A5B9T7B3|A0A5B9T7B3_SORHL	83.916	429	68	1	1057	1485	67	494	0.0	721
ACT52242.1	tr|A0A3L6PJ42|A0A3L6PJ42_PANMI	83.217	429	72	0	1057	1485	67	495	0.0	721
ACT52242.1	tr|A0A2T7E3E4|A0A2T7E3E4_9POAL	83.217	429	72	0	1057	1485	69	497	0.0	721
ACT52242.1	tr|A0A2S3HM17|A0A2S3HM17_9POAL	83.217	429	72	0	1057	1485	68	496	0.0	721
ACT52242.1	tr|V5NFH4|V5NFH4_SORHL	82.517	429	75	0	1057	1485	5	433	0.0	720
ACT52242.1	tr|A0A0N7FDV4|A0A0N7FDV4_VITVI	84.282	439	69	0	1047	1485	5	443	0.0	720
ACT52242.1	tr|Q3Y6S2|Q3Y6S2_LOLMU	82.824	425	73	0	1061	1485	1	425	0.0	720
ACT52242.1	tr|Q6E6M4|Q6E6M4_AMATU	98.039	357	7	0	2222	2578	1	357	0.0	719
ACT52242.1	tr|C5Z3D1|C5Z3D1_SORBI	83.683	429	69	1	1057	1485	67	494	0.0	719
ACT52242.1	tr|Q95AK0|Q95AK0_ELEIN	83.217	429	72	0	1057	1485	5	433	0.0	719
ACT52242.1	tr|A0A3L6S0G6|A0A3L6S0G6_PANMI	82.751	429	74	0	1057	1485	68	496	0.0	719
ACT52242.1	tr|H6T5X2|H6T5X2_SORHL	83.916	429	68	1	1057	1485	5	432	0.0	719
ACT52242.1	tr|A0A2U1KK14|A0A2U1KK14_ARTAN	76.040	505	115	3	986	1485	6	509	0.0	719
ACT52242.1	tr|A0A1E5W859|A0A1E5W859_9POAL	82.517	429	75	0	1057	1485	68	496	0.0	719
ACT52242.1	tr|A8YTA9|A8YTA9_9ASTR	81.352	429	78	1	1057	1485	6	432	0.0	719
ACT52242.1	tr|G8FH00|G8FH00_ELEIN	83.217	429	72	0	1057	1485	3	431	0.0	719
ACT52242.1	tr|A0A328DPQ3|A0A328DPQ3_9ASTE	79.046	482	95	2	2124	2601	22	501	0.0	718
ACT52242.1	tr|A0A6B9F2V5|A0A6B9F2V5_IPOPU	86.175	434	58	2	2165	2597	1	433	0.0	717
ACT52242.1	tr|A0A4U6UXI9|A0A4U6UXI9_SETVI	82.751	429	74	0	1057	1485	70	498	0.0	717
ACT52242.1	tr|F4I035|F4I035_ARATH	78.647	473	71	4	2159	2605	5	473	0.0	717
ACT52242.1	tr|G8FH01|G8FH01_ELEIN	82.984	429	73	0	1057	1485	3	431	0.0	716
ACT52242.1	tr|Q95AK1|Q95AK1_ELEIN	82.984	429	73	0	1057	1485	5	433	0.0	716
ACT52242.1	tr|H6T5X1|H6T5X1_SORHL	83.217	429	71	1	1057	1485	5	432	0.0	714
ACT52242.1	tr|A0AR17|A0AR17_ELEIN	82.751	429	74	0	1057	1485	5	433	0.0	714
ACT52242.1	tr|A0A6G1CPC4|A0A6G1CPC4_9ORYZ	82.944	428	73	0	1058	1485	68	495	0.0	714
ACT52242.1	tr|A0A6A3C2Z7|A0A6A3C2Z7_HIBSY	83.218	435	60	1	2184	2605	52	486	0.0	714
ACT52242.1	tr|A0A089WYN0|A0A089WYN0_ELEIN	82.751	429	74	0	1057	1485	5	433	0.0	714
ACT52242.1	tr|A0AR18|A0AR18_ELEIN	82.751	429	74	0	1057	1485	5	433	0.0	712
ACT52242.1	tr|A0A103XEB4|A0A103XEB4_CYNCS	79.303	459	64	3	1027	1485	52	479	0.0	707
ACT52242.1	tr|A0A6B9ERG6|A0A6B9ERG6_IPOPU	82.405	449	77	2	2143	2590	20	467	0.0	706
ACT52242.1	tr|A0A5A7RK44|A0A5A7RK44_STRAF	81.757	444	73	5	1041	1482	60	497	0.0	705
ACT52242.1	tr|A0A7G2DZ66|A0A7G2DZ66_ARATH	78.901	455	88	4	1597	2047	62	512	0.0	701
ACT52242.1	tr|A0A6B9EQF2|A0A6B9EQF2_IPOPU	82.432	444	76	2	2143	2585	20	462	0.0	700
ACT52242.1	tr|A0A6B9EQC6|A0A6B9EQC6_IPOPU	82.393	443	76	2	2143	2584	21	462	0.0	698
ACT52242.1	tr|A0A022QVU2|A0A022QVU2_ERYGU	82.824	425	70	3	2129	2550	24	448	0.0	697
ACT52242.1	tr|A0A443P9X4|A0A443P9X4_9MAGN	76.017	467	110	1	1021	1485	26	492	0.0	697
ACT52242.1	tr|U5D9W1|U5D9W1_AMBTC	81.591	440	81	0	1046	1485	67	506	0.0	697
ACT52242.1	tr|A0A368QQK4|A0A368QQK4_SETIT	80.886	429	72	1	1057	1485	71	489	0.0	693
ACT52242.1	tr|K3XWI8|K3XWI8_SETIT	80.886	429	72	1	1057	1485	68	486	0.0	693
ACT52242.1	tr|A0A6A6LLL2|A0A6A6LLL2_HEVBR	80.045	446	71	4	1602	2047	692	1119	0.0	692
ACT52242.1	tr|A0A2J6L5V5|A0A2J6L5V5_LACSA	79.287	449	83	5	1041	1485	19	461	0.0	687
ACT52242.1	tr|A0A0D6R807|A0A0D6R807_ARACU	77.045	440	100	1	1047	1485	76	515	0.0	686
ACT52242.1	tr|A0A2P2J2K4|A0A2P2J2K4_RHIMU	79.431	457	87	4	2153	2605	54	507	0.0	685
ACT52242.1	tr|A0A2U1MP62|A0A2U1MP62_ARTAN	87.467	375	47	0	2231	2605	1	375	0.0	684
ACT52242.1	tr|A0A218X6Q7|A0A218X6Q7_PUNGR	76.139	461	74	3	2146	2605	47	472	0.0	684
ACT52242.1	tr|A0A6M3YRY5|A0A6M3YRY5_AMBAR	85.570	395	57	0	1653	2047	1	395	0.0	681
ACT52242.1	tr|A0A5P1FPS9|A0A5P1FPS9_ASPOF	87.212	391	50	0	2215	2605	66	456	0.0	681
ACT52242.1	tr|F6I398|F6I398_VITVI	73.047	512	115	5	981	1485	2	497	0.0	679
ACT52242.1	tr|A0A6B9ER69|A0A6B9ER69_IPOPU	82.069	435	76	2	2143	2576	24	457	0.0	678
ACT52242.1	tr|A0A0C9S9Q3|A0A0C9S9Q3_9SPER	75.909	440	105	1	1047	1485	76	515	0.0	678
ACT52242.1	tr|A3B841|A3B841_ORYSJ	79.720	429	78	1	1057	1485	75	494	0.0	676
ACT52242.1	tr|A0A067H4F9|A0A067H4F9_CITSI	84.343	396	62	0	1652	2047	67	462	0.0	671
ACT52242.1	tr|A0A287VK38|A0A287VK38_HORVV	83.929	392	63	0	2214	2605	20	411	0.0	670
ACT52242.1	tr|A0A6A6K2D4|A0A6A6K2D4_HEVBR	83.085	402	67	1	1646	2047	631	1031	0.0	669
ACT52242.1	tr|A0A0E0DW91|A0A0E0DW91_9ORYZ	78.604	444	72	2	1057	1496	75	499	0.0	667
ACT52242.1	tr|D8RM43|D8RM43_SELML	72.308	455	123	1	1607	2061	1	452	0.0	667
ACT52242.1	tr|D8TBU1|D8TBU1_SELML	71.868	455	125	1	1607	2061	1	452	0.0	666
ACT52242.1	tr|A0A540MX42|A0A540MX42_MALBA	84.557	395	61	0	2211	2605	12	406	0.0	664
ACT52242.1	tr|A0A4D9BLW8|A0A4D9BLW8_SALSN	73.131	495	106	6	1000	1485	8	484	0.0	663
ACT52242.1	tr|A0A0P0KT88|A0A0P0KT88_WHEAT	83.376	391	65	0	2215	2605	1	391	0.0	663
ACT52242.1	tr|A0A103XUI5|A0A103XUI5_CYNCS	68.627	510	120	5	980	1485	2	475	0.0	661
ACT52242.1	tr|A0A0P0KDX1|A0A0P0KDX1_WHEAT	83.120	391	66	0	2215	2605	1	391	0.0	661
ACT52242.1	tr|A0A453QJX8|A0A453QJX8_AEGTS	81.910	398	72	0	2166	2563	57	454	0.0	658
ACT52242.1	tr|A0A0D2T491|A0A0D2T491_GOSRA	76.889	450	100	2	2104	2550	2	450	0.0	657
ACT52242.1	tr|A0A0A1C3J0|A0A0A1C3J0_ELEIN	82.864	391	67	0	1095	1485	1	391	0.0	652
ACT52242.1	tr|A0A445M2V9|A0A445M2V9_GLYSO	84.539	401	61	1	2150	2550	55	454	0.0	650
ACT52242.1	tr|A0A0A1C4R9|A0A0A1C4R9_ELEIN	82.609	391	68	0	1095	1485	1	391	0.0	648
ACT52242.1	tr|Q6E6M1|Q6E6M1_ERIAN	85.556	360	52	0	2220	2579	1	360	0.0	648
ACT52242.1	tr|A0A0A1C3V2|A0A0A1C3V2_ELEIN	82.353	391	69	0	1095	1485	1	391	0.0	648
ACT52242.1	tr|A0A2G5E2Q8|A0A2G5E2Q8_AQUCA	86.400	375	51	0	2231	2605	1	375	0.0	647
ACT52242.1	tr|A0A287VJQ7|A0A287VJQ7_HORVV	84.533	375	58	0	2231	2605	1	375	0.0	647
ACT52242.1	tr|A0A142J9E4|A0A142J9E4_TRITU	83.641	379	62	0	2227	2605	1	379	0.0	647
ACT52242.1	tr|I1H1V4|I1H1V4_BRADI	82.973	370	63	0	1619	1988	70	439	0.0	646
ACT52242.1	tr|A0A142J9E5|A0A142J9E5_TRIMO	83.377	379	63	0	2227	2605	1	379	0.0	645
ACT52242.1	tr|A0A142J9E7|A0A142J9E7_AEGTA	83.377	379	63	0	2227	2605	1	379	0.0	645
ACT52242.1	tr|A0A142J9E6|A0A142J9E6_AEGSP	83.113	379	64	0	2227	2605	1	379	0.0	643
ACT52242.1	tr|D3JPP9|D3JPP9_9POAL	82.308	390	68	1	1107	1495	1	390	0.0	640
ACT52242.1	tr|O80428|O80428_ORYSJ	83.377	379	63	0	1107	1485	1	379	0.0	640
ACT52242.1	tr|J3MB12|J3MB12_ORYBR	83.377	379	63	0	1107	1485	1	379	0.0	640
ACT52242.1	tr|N1QQC8|N1QQC8_AEGTA	83.467	375	62	0	2231	2605	1	375	0.0	639
ACT52242.1	tr|A0A446WZV5|A0A446WZV5_TRITD	83.467	375	62	0	2231	2605	1	375	0.0	638
ACT52242.1	tr|F5A530|F5A530_ELEIN	83.377	379	63	0	1107	1485	1	379	0.0	636
ACT52242.1	tr|D3JPQ0|D3JPQ0_9POAL	81.795	390	70	1	1107	1495	1	390	0.0	636
ACT52242.1	tr|F5A529|F5A529_ELEIN	83.113	379	64	0	1107	1485	1	379	0.0	635
ACT52242.1	tr|A0A446WZT9|A0A446WZT9_TRITD	82.933	375	64	0	2231	2605	1	375	0.0	634
ACT52242.1	tr|A0A2N9ISJ6|A0A2N9ISJ6_FAGSY	67.717	508	132	7	981	1485	2	480	0.0	631
ACT52242.1	tr|A0A2I6QQM5|A0A2I6QQM5_PHRAU	82.058	379	68	0	1107	1485	1	379	0.0	630
ACT52242.1	tr|A0A061DU57|A0A061DU57_THECC	77.622	429	93	2	2105	2530	2	430	0.0	630
ACT52242.1	tr|A0A446WZU5|A0A446WZU5_TRITD	78.750	400	60	1	2231	2605	1	400	0.0	628
ACT52242.1	tr|M7Z0L8|M7Z0L8_TRIUA	78.750	400	60	1	2231	2605	1	400	0.0	627
ACT52242.1	tr|Q6E6M2|Q6E6M2_ERIAN	87.709	358	44	0	2222	2579	1	358	0.0	627
ACT52242.1	tr|A0A453QKA8|A0A453QKA8_AEGTS	81.915	376	68	0	2166	2541	44	419	0.0	625
ACT52242.1	tr|A0A176WSA0|A0A176WSA0_MARPO	72.158	431	118	2	1617	2047	87	515	0.0	619
ACT52242.1	tr|A0A2R6X5Y9|A0A2R6X5Y9_MARPO	72.158	431	118	2	1617	2047	87	515	0.0	619
ACT52242.1	tr|A0A067H1D8|A0A067H1D8_CITSI	75.059	425	105	1	2105	2528	2	426	0.0	617
ACT52242.1	tr|A0A2G9GJ58|A0A2G9GJ58_9LAMI	84.932	365	54	1	2164	2528	63	426	0.0	615
ACT52242.1	tr|A0A2K1IVJ1|A0A2K1IVJ1_PHYPA	66.667	492	137	6	1579	2047	1	488	0.0	614
ACT52242.1	tr|A0A2K1IIY4|A0A2K1IIY4_PHYPA	68.958	451	134	3	1603	2047	74	524	0.0	613
ACT52242.1	tr|A0A0D2U155|A0A0D2U155_GOSRA	75.935	428	99	2	2104	2528	2	428	0.0	612
ACT52242.1	tr|A9SYF9|A9SYF9_PHYPA	69.369	444	132	2	1608	2047	18	461	0.0	612
ACT52242.1	tr|A0A5B7AM09|A0A5B7AM09_DAVIN	78.412	403	81	2	2105	2502	2	403	0.0	610
ACT52242.1	tr|A0A6A6LTA2|A0A6A6LTA2_HEVBR	71.397	458	89	5	1595	2047	680	1100	0.0	610
ACT52242.1	tr|A0A6M2E9C7|A0A6M2E9C7_9ROSI	74.824	425	103	4	2106	2528	3	425	0.0	608
ACT52242.1	tr|Q9AT37|Q9AT37_LOLRI	84.104	346	55	0	1116	1461	2	347	0.0	599
ACT52242.1	tr|A0A2K1XRJ2|A0A2K1XRJ2_POPTR	79.420	379	77	1	1107	1485	1	378	0.0	595
ACT52242.1	tr|A0A1S4C7G2|A0A1S4C7G2_TOBAC	76.980	404	87	3	2105	2508	2	399	0.0	590
ACT52242.1	tr|A0A0N6WBX4|A0A0N6WBX4_AMAPO	99.308	289	2	0	1571	1859	1	289	0.0	583
ACT52242.1	tr|A0A1Y1IKX4|A0A1Y1IKX4_KLENI	67.981	431	132	1	2181	2605	104	534	0.0	582
ACT52242.1	tr|A0A0N7BW90|A0A0N7BW90_AMAHY	98.962	289	3	0	1571	1859	1	289	0.0	582
ACT52242.1	tr|A0A0N7BV26|A0A0N7BV26_AMARE	98.962	289	3	0	1571	1859	1	289	0.0	581
ACT52242.1	tr|A0A5B7BT38|A0A5B7BT38_DAVIN	87.234	329	42	0	1157	1485	1	329	0.0	578
ACT52242.1	tr|A0A438GXJ0|A0A438GXJ0_VITVI	67.206	494	100	5	1543	2006	2	463	0.0	577
ACT52242.1	tr|A0A0V0HWU1|A0A0V0HWU1_SOLCH	87.234	329	42	0	1157	1485	1	329	0.0	576
ACT52242.1	tr|D0VMR9|D0VMR9_GINBI	81.437	334	62	0	2272	2605	1	334	0.0	572
ACT52242.1	tr|A0A438FU52|A0A438FU52_VITVI	63.806	536	116	7	981	1485	2	490	0.0	572
ACT52242.1	tr|A0A6U9R4W2|A0A6U9R4W2_9CHLO	66.667	435	134	5	1613	2047	28	451	0.0	571
ACT52242.1	tr|B8XU22|B8XU22_GOSHI	75.062	405	97	2	2104	2505	2	405	0.0	570
ACT52242.1	tr|A0A6U2C220|A0A6U2C220_MICPS	63.816	456	144	8	1595	2047	27	464	0.0	570
ACT52242.1	tr|A0A6U0BZ85|A0A6U0BZ85_9CHLO	67.356	435	122	5	2178	2605	64	485	0.0	567
ACT52242.1	tr|A0A6T5Y2N5|A0A6T5Y2N5_9CHLO	67.356	435	122	5	2178	2605	58	479	0.0	567
ACT52242.1	tr|A0A6U0EB75|A0A6U0EB75_9CHLO	67.202	436	123	5	2177	2605	9	431	0.0	567
ACT52242.1	sp|P23281|AROA2_TOBAC	87.423	326	41	0	1160	1485	1	326	0.0	567
ACT52242.1	tr|W0FAR5|W0FAR5_MUSAC	87.774	319	39	0	1167	1485	2	320	0.0	565
ACT52242.1	tr|A0A446RIE4|A0A446RIE4_TRITD	84.308	325	51	0	2281	2605	1	325	1.55e-180	559
ACT52242.1	tr|A0A454Y093|A0A454Y093_OSTTA	65.991	444	131	5	1611	2047	33	463	1.66e-180	565
ACT52242.1	tr|A0A096PBR2|A0A096PBR2_OSTTA	65.991	444	131	5	1611	2047	33	463	1.66e-180	565
ACT52242.1	tr|A0A6U0R1V3|A0A6U0R1V3_MICPS	64.706	442	140	7	1609	2047	36	464	2.14e-180	565
ACT52242.1	tr|Q6YH15|Q6YH15_VITVI	87.147	319	40	1	1167	1485	1	318	1.47e-179	556
ACT52242.1	tr|A0A6U0HB86|A0A6U0HB86_MICPS	64.944	445	137	8	1606	2047	34	462	2.16e-179	561
ACT52242.1	tr|A0A6T8IVC1|A0A6T8IVC1_9CHLO	67.126	435	137	6	1609	2040	63	494	2.78e-179	563
ACT52242.1	tr|C1MWX5|C1MWX5_MICPC	64.143	449	141	8	1602	2047	17	448	2.92e-179	561
ACT52242.1	tr|A0A0M4PZ48|A0A0M4PZ48_GOSHI	74.564	401	100	2	2104	2502	2	402	2.99e-179	559
ACT52242.1	tr|A0A2G5E2N7|A0A2G5E2N7_AQUCA	87.342	316	40	0	1170	1485	2	317	3.73e-179	555
ACT52242.1	tr|A0A6U0BMC2|A0A6U0BMC2_9CHLO	65.766	444	132	5	1611	2047	35	465	4.64e-179	561
ACT52242.1	tr|A4SB81|A4SB81_OSTLU	66.743	436	125	5	1619	2047	3	425	4.97e-179	559
ACT52242.1	tr|K8FBR9|K8FBR9_9CHLO	66.133	437	137	6	2168	2602	49	476	6.36e-179	561
ACT52242.1	tr|A0A6P6FU04|A0A6P6FU04_ZIZJJ	86.562	320	43	0	2231	2550	1	320	7.56e-179	553
ACT52242.1	tr|A0A6U0KNC0|A0A6U0KNC0_9CHLO	63.492	441	148	5	1607	2047	42	469	8.78e-179	560
ACT52242.1	tr|A0A4U5QUA8|A0A4U5QUA8_POPAL	72.115	416	83	4	1070	1485	36	418	4.47e-177	555
ACT52242.1	tr|A0A6U3G6Y3|A0A6U3G6Y3_9CHLO	64.786	443	140	7	2166	2605	30	459	4.70e-177	555
ACT52242.1	tr|A0A5B7AJV4|A0A5B7AJV4_DAVIN	75.979	383	85	3	1543	1920	2	382	5.01e-177	551
ACT52242.1	tr|A0A388L719|A0A388L719_CHABU	69.091	440	125	2	1619	2047	175	614	2.50e-176	560
ACT52242.1	tr|A0A6T7VDJ8|A0A6T7VDJ8_9CHLO	63.441	465	148	8	2144	2605	51	496	1.88e-175	552
ACT52242.1	tr|A0A6U0E7Y6|A0A6U0E7Y6_MICPS	64.302	451	142	8	1615	2062	50	484	2.65e-175	550
ACT52242.1	tr|A0A453QJG0|A0A453QJG0_AEGTS	85.050	301	45	0	2305	2605	1	301	1.31e-174	541
ACT52242.1	tr|A0A6U0FVR0|A0A6U0FVR0_MICPS	65.509	432	133	7	1619	2047	88	506	2.06e-174	549
ACT52242.1	tr|A0A6T6U360|A0A6T6U360_9CHLO	64.138	435	140	9	1056	1485	44	467	2.43e-174	547
ACT52242.1	tr|A0A6U0EK84|A0A6U0EK84_9CHLO	64.612	438	136	6	1620	2047	51	479	1.71e-173	545
ACT52242.1	tr|A0A427BBW3|A0A427BBW3_ENSVE	61.407	526	91	10	2125	2601	26	488	2.11e-173	546
ACT52242.1	tr|A0A250WXJ6|A0A250WXJ6_9CHLO	62.745	459	157	7	1603	2057	22	470	3.66e-173	544
ACT52242.1	tr|A0A6V2W337|A0A6V2W337_9CHLO	64.877	447	139	7	1613	2056	46	477	7.93e-173	543
ACT52242.1	tr|A0A0N7KLH2|A0A0N7KLH2_ORYSJ	85.161	310	46	0	1176	1485	1	310	5.01e-172	534
ACT52242.1	tr|A0A383V5Z1|A0A383V5Z1_TETOB	66.822	428	129	7	2181	2605	14	431	1.14e-171	538
ACT52242.1	tr|A0A5B8MP74|A0A5B8MP74_9CHLO	61.404	456	162	8	1605	2056	63	508	5.88e-171	539
ACT52242.1	tr|A0A6T8UBB9|A0A6T8UBB9_9CHLO	60.000	485	171	8	1584	2058	42	513	2.44e-170	537
ACT52242.1	tr|A0A5J4YFN8|A0A5J4YFN8_9CHLO	63.492	441	145	6	2164	2602	61	487	6.46e-170	536
ACT52242.1	tr|I0YXJ4|I0YXJ4_COCSC	64.037	431	141	5	1619	2047	3	421	1.25e-169	532
ACT52242.1	tr|A0A6T8RHE9|A0A6T8RHE9_9CHLO	60.575	487	166	10	2130	2601	7	482	1.56e-169	535
ACT52242.1	tr|A0A6S8J6M5|A0A6S8J6M5_DUNTE	62.138	449	157	6	1602	2047	64	502	2.37e-169	535
ACT52242.1	tr|A2T9R8|A2T9R8_DUNSA	62.138	449	157	6	1602	2047	64	502	2.37e-169	535
