AST13123.1	tr|A0A142K486|A0A142K486_AMAVI	100.000	517	0	0	14631	15147	1	517	0.0	1063
AST13123.1	tr|C8YXI6|C8YXI6_AMAPA	97.679	517	12	0	14631	15147	2	518	0.0	1041
AST13123.1	tr|C8YYL6|C8YYL6_AMATU	97.292	517	14	0	14631	15147	2	518	0.0	1040
AST13123.1	tr|C8YXI5|C8YXI5_AMAPA	97.485	517	13	0	14631	15147	2	518	0.0	1038
AST13123.1	tr|C8YYL7|C8YYL7_AMATU	97.292	517	14	0	14631	15147	2	518	0.0	1038
AST13123.1	tr|M1K5H3|M1K5H3_AMAPA	97.843	510	11	0	14638	15147	1	510	0.0	1028
AST13123.1	tr|M1K439|M1K439_AMAPA	97.843	510	11	0	14638	15147	1	510	0.0	1027
AST13123.1	tr|W8Q8I3|W8Q8I3_AMASP	97.787	497	11	0	14631	15127	1	497	0.0	1001
AST13123.1	tr|W8R3N7|W8R3N7_AMASP	97.787	497	11	0	14631	15127	1	497	0.0	1001
AST13123.1	tr|W8Q9H2|W8Q9H2_AMASP	97.586	497	12	0	14631	15127	1	497	0.0	997
AST13123.1	tr|A0A142K487|A0A142K487_AMARE	98.954	478	5	0	14670	15147	1	478	0.0	970
AST13123.1	tr|A0A142K488|A0A142K488_AMABL	99.163	478	3	1	14670	15147	1	477	0.0	964
AST13123.1	tr|A0A0K9RIA3|A0A0K9RIA3_SPIOL	89.362	517	51	2	14631	15147	2	514	0.0	951
AST13123.1	tr|A0A7C9CHK7|A0A7C9CHK7_OPUST	85.135	518	75	2	14631	15147	2	518	0.0	902
AST13123.1	tr|Q30CZ8|Q30CZ8_FAGSY	80.192	520	99	2	14631	15147	2	520	0.0	849
AST13123.1	tr|A0A1U8ABI8|A0A1U8ABI8_NELNU	78.435	524	106	2	14631	15147	2	525	0.0	844
AST13123.1	tr|A0A5B7ANL6|A0A5B7ANL6_DAVIN	81.034	522	93	2	14631	15147	2	522	0.0	840
AST13123.1	tr|A0A2P6SFY3|A0A2P6SFY3_ROSCH	79.463	521	102	4	14631	15147	2	521	0.0	837
AST13123.1	tr|A0A166FFB0|A0A166FFB0_DAUCS	77.863	524	109	1	14631	15147	2	525	0.0	835
AST13123.1	tr|A0A6L5B9B8|A0A6L5B9B8_APIGR	77.757	526	106	2	14631	15147	2	525	0.0	834
AST13123.1	tr|A0A2I4DKQ7|A0A2I4DKQ7_JUGRE	78.558	527	97	6	14631	15147	2	522	0.0	832
AST13123.1	tr|A0A2I0WBU8|A0A2I0WBU8_9ASPA	83.299	479	76	1	14673	15147	51	529	0.0	831
AST13123.1	tr|A0A2U1MP09|A0A2U1MP09_ARTAN	79.029	515	102	2	14634	15147	7	516	0.0	830
AST13123.1	tr|A0A059CIR5|A0A059CIR5_EUCGR	80.762	499	90	3	14651	15147	19	513	0.0	827
AST13123.1	tr|A0A6I9RYL5|A0A6I9RYL5_ELAGV	85.808	458	65	0	14690	15147	65	522	0.0	827
AST13123.1	tr|M0U232|M0U232_MUSAM	84.516	465	72	0	14683	15147	54	518	0.0	824
AST13123.1	tr|A0A5N6QG01|A0A5N6QG01_9ROSI	79.961	514	99	2	14637	15147	9	521	0.0	824
AST13123.1	tr|A0A172QP98|A0A172QP98_FRAAN	77.333	525	105	4	14631	15147	2	520	0.0	824
AST13123.1	tr|A0A2U1QK72|A0A2U1QK72_ARTAN	77.885	520	108	3	14629	15147	1	514	0.0	823
AST13123.1	tr|A0A4S8IKF3|A0A4S8IKF3_MUSBA	85.153	458	68	0	14690	15147	61	518	0.0	822
AST13123.1	tr|A0A2R6RCQ6|A0A2R6RCQ6_ACTCC	79.655	521	102	2	14631	15147	2	522	0.0	822
AST13123.1	tr|A0A371FL00|A0A371FL00_MUCPR	76.571	525	114	2	14631	15147	2	525	0.0	820
AST13123.1	tr|A0A6A4PNT7|A0A6A4PNT7_LUPAL	78.517	526	102	3	14631	15147	2	525	0.0	820
AST13123.1	tr|W0FFD6|W0FFD6_MUSAC	84.086	465	74	0	14683	15147	50	514	0.0	820
AST13123.1	tr|A0A200R9Y2|A0A200R9Y2_9MAGN	80.038	521	98	3	14631	15147	2	520	0.0	818
AST13123.1	tr|Q1M157|Q1M157_CAMAC	79.502	522	98	4	14631	15147	2	519	0.0	817
AST13123.1	tr|A0A2H3YUT8|A0A2H3YUT8_PHODC	80.762	499	87	3	14650	15147	32	522	0.0	817
AST13123.1	tr|A0A6P5GNZ8|A0A6P5GNZ8_ANACO	87.118	458	59	0	14690	15147	63	520	0.0	817
AST13123.1	tr|A0A199UTR0|A0A199UTR0_ANACO	87.118	458	59	0	14690	15147	63	520	0.0	817
AST13123.1	tr|A0A6P6AZB2|A0A6P6AZB2_DURZI	78.203	523	105	5	14631	15147	2	521	0.0	816
AST13123.1	tr|A0A2H9ZZR4|A0A2H9ZZR4_9ASPA	85.777	457	65	0	14690	15146	69	525	0.0	816
AST13123.1	tr|A0A6S7NS83|A0A6S7NS83_LACSI	79.038	520	101	4	14633	15147	2	518	0.0	815
AST13123.1	tr|A0A2R6QPH7|A0A2R6QPH7_ACTCC	79.119	522	103	4	14631	15147	2	522	0.0	815
AST13123.1	tr|A0A2J6KQQ6|A0A2J6KQQ6_LACSA	79.038	520	101	4	14633	15147	2	518	0.0	814
AST13123.1	tr|A0A6A4LV35|A0A6A4LV35_9ERIC	79.497	517	100	3	14631	15147	2	512	0.0	814
AST13123.1	tr|A0A6I9SCZ8|A0A6I9SCZ8_ELAGV	78.286	525	102	3	14631	15147	2	522	0.0	813
AST13123.1	tr|A0A151UC41|A0A151UC41_CAJCA	78.667	525	103	2	14631	15147	2	525	0.0	812
AST13123.1	sp|P11043|AROA_PETHY	79.961	519	98	4	14631	15147	2	516	0.0	811
AST13123.1	tr|A0A3G9EL19|A0A3G9EL19_9LILI	77.822	505	101	3	14650	15147	12	512	0.0	810
AST13123.1	tr|A0A6I9SBM8|A0A6I9SBM8_ELAGV	78.178	527	101	4	14631	15147	2	524	0.0	810
AST13123.1	tr|M0S4R3|M0S4R3_MUSAM	78.805	519	105	3	14629	15147	5	518	0.0	810
AST13123.1	tr|A0A345N8W8|A0A345N8W8_9ASTR	85.055	455	67	1	14694	15147	69	523	0.0	809
AST13123.1	tr|A0A345N8Y2|A0A345N8Y2_9ASTR	85.055	455	67	1	14694	15147	66	520	0.0	808
AST13123.1	tr|A0A6J1D1H2|A0A6J1D1H2_MOMCH	78.828	529	99	5	14631	15147	2	529	0.0	808
AST13123.1	tr|A0A345N8X0|A0A345N8X0_9ASTR	85.055	455	67	1	14694	15147	69	523	0.0	808
AST13123.1	tr|A0A345N8W9|A0A345N8W9_9ASTR	85.055	455	67	1	14694	15147	69	523	0.0	808
AST13123.1	tr|A0A4S8I8K9|A0A4S8I8K9_MUSBA	82.582	488	83	2	14660	15147	33	518	0.0	808
AST13123.1	tr|A0A445E9D3|A0A445E9D3_ARAHY	77.925	530	99	4	14631	15147	2	526	0.0	808
AST13123.1	tr|A0A345N8Y0|A0A345N8Y0_9ASTR	85.055	455	67	1	14694	15147	66	520	0.0	808
AST13123.1	tr|A0A345N8X4|A0A345N8X4_9ASTR	85.055	455	67	1	14694	15147	66	520	0.0	808
AST13123.1	tr|M1A9Z3|M1A9Z3_SOLTU	78.517	526	95	5	14631	15147	2	518	0.0	807
AST13123.1	tr|A0A6A5MWN1|A0A6A5MWN1_LUPAL	78.327	526	102	4	14631	15147	2	524	0.0	807
AST13123.1	tr|G4U4J5|G4U4J5_CONCD	84.615	455	69	1	14694	15147	69	523	0.0	807
AST13123.1	tr|Q6E6L4|Q6E6L4_CONCD	84.835	455	68	1	14694	15147	69	523	0.0	807
AST13123.1	tr|H6U643|H6U643_9ASTR	78.011	523	108	4	14629	15147	1	520	0.0	807
AST13123.1	tr|A0A061DTZ2|A0A061DTZ2_THECC	79.655	521	101	3	14631	15147	2	521	0.0	807
AST13123.1	tr|A0A345N8Y1|A0A345N8Y1_9ASTR	84.615	455	69	1	14694	15147	66	520	0.0	806
AST13123.1	tr|Q6E6L5|Q6E6L5_CONCD	77.570	535	98	4	14618	15147	2	519	0.0	806
AST13123.1	tr|A0A6J1IGL2|A0A6J1IGL2_CUCMA	78.286	525	106	3	14631	15147	2	526	0.0	806
AST13123.1	tr|A0A445E6M8|A0A445E6M8_ARAHY	77.547	530	101	4	14631	15147	2	526	0.0	806
AST13123.1	tr|A0A6P4CG93|A0A6P4CG93_ARADU	77.925	530	99	4	14631	15147	2	526	0.0	805
AST13123.1	tr|A0A1J3E0I6|A0A1J3E0I6_NOCCA	76.426	526	115	5	14631	15147	2	527	0.0	805
AST13123.1	tr|A0A140DN07|A0A140DN07_9POAL	82.317	492	83	4	14658	15147	26	515	0.0	804
AST13123.1	tr|A0A345N8V8|A0A345N8V8_9ASTR	78.113	530	104	3	14618	15147	2	519	0.0	804
AST13123.1	tr|A0A1J7H2T7|A0A1J7H2T7_LUPAN	77.757	526	105	4	14631	15147	2	524	0.0	804
AST13123.1	tr|A0A345N8U8|A0A345N8U8_9ASTR	77.925	530	105	3	14618	15147	2	519	0.0	804
AST13123.1	tr|G4U4J4|G4U4J4_CONCD	77.551	539	91	5	14618	15147	2	519	0.0	804
AST13123.1	tr|A0A345N8V7|A0A345N8V7_9ASTR	77.925	530	105	3	14618	15147	2	519	0.0	803
AST13123.1	tr|A0A6P4AJ93|A0A6P4AJ93_ZIZJJ	77.947	526	106	4	14631	15147	2	526	0.0	803
AST13123.1	tr|A0A2P5CCC8|A0A2P5CCC8_TREOI	77.863	524	109	3	14631	15147	2	525	0.0	803
AST13123.1	tr|A0A1J3HBZ8|A0A1J3HBZ8_NOCCA	76.426	526	115	5	14631	15147	2	527	0.0	803
AST13123.1	tr|A0A345N8V9|A0A345N8V9_9ASTR	77.925	530	105	3	14618	15147	2	519	0.0	803
AST13123.1	tr|A0A6J1FWK9|A0A6J1FWK9_CUCMO	78.517	526	103	5	14631	15147	2	526	0.0	802
AST13123.1	tr|A0A345N8V1|A0A345N8V1_9ASTR	77.736	530	106	3	14618	15147	2	519	0.0	802
AST13123.1	tr|D0VBC7|D0VBC7_VITVI	79.008	524	99	5	14631	15147	2	521	0.0	802
AST13123.1	tr|A0A6N2B2Z6|A0A6N2B2Z6_SOLCI	78.695	521	103	4	14631	15147	2	518	0.0	802
AST13123.1	tr|A0A140DN06|A0A140DN06_9POAL	81.874	491	86	3	14658	15147	26	514	0.0	802
AST13123.1	tr|A0A6J1A1W0|A0A6J1A1W0_9ROSI	79.502	522	100	5	14631	15147	2	521	0.0	802
AST13123.1	tr|A0A126SNX5|A0A126SNX5_9POAL	81.670	491	87	3	14658	15147	26	514	0.0	802
AST13123.1	tr|A0A2G3DDT4|A0A2G3DDT4_CAPCH	81.148	488	82	4	14660	15147	44	521	0.0	802
AST13123.1	tr|W9RXC5|W9RXC5_9ROSA	86.237	465	63	1	14683	15147	62	525	0.0	802
AST13123.1	tr|A0A1S2YLL6|A0A1S2YLL6_CICAR	78.095	525	106	2	14631	15147	2	525	0.0	802
AST13123.1	tr|A0A089VH80|A0A089VH80_9POAL	81.670	491	87	3	14658	15147	21	509	0.0	802
AST13123.1	tr|M5X3W8|M5X3W8_PRUPE	78.667	525	102	6	14631	15147	2	524	0.0	802
AST13123.1	tr|A0A2P5ADN8|A0A2P5ADN8_PARAD	78.053	524	108	3	14631	15147	2	525	0.0	801
AST13123.1	tr|A0A5S9X766|A0A5S9X766_ARATH	76.437	522	115	3	14631	15147	2	520	0.0	801
AST13123.1	tr|A0A6P8DN04|A0A6P8DN04_PUNGR	82.809	477	80	2	14672	15147	47	522	0.0	801
AST13123.1	tr|A0A1J3J5B9|A0A1J3J5B9_NOCCA	76.236	526	116	5	14631	15147	2	527	0.0	801
AST13123.1	tr|A0A1J3F4M4|A0A1J3F4M4_NOCCA	76.236	526	116	5	14631	15147	2	527	0.0	801
AST13123.1	tr|A0A2R6R6G0|A0A2R6R6G0_ACTCC	82.992	488	77	3	14660	15147	31	512	0.0	801
AST13123.1	tr|A0A314ZJW2|A0A314ZJW2_PRUYE	77.925	530	97	5	14631	15147	2	524	0.0	801
AST13123.1	sp|P05466|AROA_ARATH	76.437	522	115	3	14631	15147	2	520	0.0	801
AST13123.1	tr|G1FBT6|G1FBT6_CAPAN	84.498	458	67	2	14690	15147	63	516	0.0	801
AST13123.1	tr|A0A2H3ZFH7|A0A2H3ZFH7_PHODC	78.476	525	100	5	14631	15147	2	521	0.0	801
AST13123.1	tr|A0A4S4DR40|A0A4S4DR40_CAMSI	84.177	474	74	1	14674	15147	111	583	0.0	801
AST13123.1	tr|A0A2G3AHD0|A0A2G3AHD0_CAPAN	76.616	526	108	5	14631	15147	2	521	0.0	800
AST13123.1	tr|A0A1U8GVU4|A0A1U8GVU4_CAPAN	76.616	526	108	5	14631	15147	2	521	0.0	800
AST13123.1	tr|A0A6P5RNW7|A0A6P5RNW7_PRUAV	78.286	525	104	6	14631	15147	2	524	0.0	800
AST13123.1	tr|A0A1U7WR75|A0A1U7WR75_NICSY	79.304	517	101	3	14631	15147	2	512	0.0	800
AST13123.1	tr|A0A0N7E509|A0A0N7E509_9ASPA	79.808	520	96	5	14629	15147	5	516	0.0	800
AST13123.1	tr|A0A2G2XNQ6|A0A2G2XNQ6_CAPBA	84.279	458	68	2	14690	15147	68	521	0.0	800
AST13123.1	tr|A0A3Q7GLX3|A0A3Q7GLX3_SOLLC	78.695	521	103	4	14631	15147	2	518	0.0	800
AST13123.1	tr|A0A5E4FH79|A0A5E4FH79_PRUDU	78.476	525	103	6	14631	15147	2	524	0.0	800
AST13123.1	tr|A0A5N6LK10|A0A5N6LK10_9ASTR	78.530	517	104	3	14634	15147	4	516	0.0	800
AST13123.1	tr|A0A0B0MKL1|A0A0B0MKL1_GOSAR	78.352	522	109	2	14629	15147	1	521	0.0	799
AST13123.1	tr|A0A654F3G7|A0A654F3G7_ARATH	76.245	522	116	3	14631	15147	2	520	0.0	799
AST13123.1	tr|A0A2G9H2R6|A0A2G9H2R6_9LAMI	86.681	458	60	1	14690	15147	63	519	0.0	798
AST13123.1	tr|A0A2Z7CLX6|A0A2Z7CLX6_9LAMI	86.245	458	62	1	14690	15147	62	518	0.0	798
AST13123.1	tr|A0A0K9NRE7|A0A0K9NRE7_ZOSMR	78.270	497	104	3	14651	15147	23	515	0.0	798
AST13123.1	tr|A0A6P6VTQ7|A0A6P6VTQ7_COFAR	79.727	513	84	4	14650	15147	8	515	0.0	798
AST13123.1	tr|A0A178VT19|A0A178VT19_ARATH	76.054	522	117	3	14631	15147	2	520	0.0	798
AST13123.1	tr|D2CIU5|D2CIU5_9ASTR	86.996	446	58	0	14702	15147	1	446	0.0	798
AST13123.1	tr|D2CIU2|D2CIU2_9ASTR	86.168	441	61	0	14707	15147	6	446	0.0	797
AST13123.1	tr|A0A1S4C0K4|A0A1S4C0K4_TOBAC	78.311	521	105	5	14631	15147	2	518	0.0	797
AST13123.1	tr|D2CIU4|D2CIU4_9ASTR	86.996	446	58	0	14702	15147	1	446	0.0	797
AST13123.1	tr|A0A067K174|A0A067K174_JATCU	78.269	520	108	3	14631	15147	2	519	0.0	796
AST13123.1	tr|A0A2P5WGR5|A0A2P5WGR5_GOSBA	78.544	522	108	2	14629	15147	1	521	0.0	796
AST13123.1	tr|A0A5D3D3C3|A0A5D3D3C3_CUCME	77.333	525	111	2	14631	15147	2	526	0.0	796
AST13123.1	tr|A0A5D2WSS2|A0A5D2WSS2_GOSMU	78.352	522	109	2	14629	15147	1	521	0.0	796
AST13123.1	tr|A7Y7Y2|A7Y7Y2_GOSHI	78.352	522	109	2	14629	15147	1	521	0.0	796
AST13123.1	tr|A0A078J1K1|A0A078J1K1_BRANA	76.301	519	116	5	14631	15147	2	515	0.0	796
AST13123.1	tr|A0A5D2E8P9|A0A5D2E8P9_GOSDA	78.352	522	109	2	14629	15147	1	521	0.0	796
AST13123.1	tr|A0A5J5T9R9|A0A5J5T9R9_GOSBA	78.352	522	109	2	14629	15147	1	521	0.0	796
AST13123.1	tr|A8YTA7|A8YTA7_9ASTR	86.168	441	61	0	14707	15147	6	446	0.0	796
AST13123.1	tr|M1CGC9|M1CGC9_SOLTU	78.626	524	99	6	14631	15147	2	519	0.0	795
AST13123.1	tr|A0A0N9BED5|A0A0N9BED5_9ASPA	78.544	522	101	6	14629	15147	5	518	0.0	795
AST13123.1	sp|P23981|AROA1_TOBAC	78.119	521	106	5	14631	15147	2	518	0.0	795
AST13123.1	tr|G7JEN4|G7JEN4_MEDTR	78.137	526	101	5	14631	15147	2	522	0.0	795
AST13123.1	tr|A0A1U7YG45|A0A1U7YG45_NICSY	78.119	521	106	5	14631	15147	2	518	0.0	795
AST13123.1	tr|D2CIU6|D2CIU6_9ASTR	86.168	441	61	0	14707	15147	6	446	0.0	795
AST13123.1	tr|A0A2G5E2Q7|A0A2G5E2Q7_AQUCA	77.186	526	110	2	14631	15147	2	526	0.0	795
AST13123.1	tr|A0A1S3AVE7|A0A1S3AVE7_CUCME	77.143	525	112	2	14631	15147	2	526	0.0	794
AST13123.1	tr|D2CIU3|D2CIU3_9ASTR	86.771	446	59	0	14702	15147	1	446	0.0	794
AST13123.1	tr|A0A3S3MQP3|A0A3S3MQP3_9MAGN	82.752	487	80	3	14663	15147	34	518	0.0	794
AST13123.1	tr|A0A5A7U401|A0A5A7U401_CUCME	77.143	525	112	2	14631	15147	2	526	0.0	794
AST13123.1	tr|A0A6D2JXJ5|A0A6D2JXJ5_9BRAS	75.665	526	119	5	14631	15147	2	527	0.0	794
AST13123.1	tr|A0A0A0L4E4|A0A0A0L4E4_CUCSA	77.333	525	111	2	14631	15147	2	526	0.0	793
AST13123.1	tr|A0A068TN19|A0A068TN19_COFCA	87.361	451	57	0	14697	15147	16	466	0.0	793
AST13123.1	tr|A0A0M8KSM3|A0A0M8KSM3_NICAT	78.917	517	97	5	14631	15147	2	506	0.0	793
AST13123.1	tr|A0A6P5ZW89|A0A6P5ZW89_DURZI	78.119	521	108	3	14631	15147	2	520	0.0	793
AST13123.1	tr|A0A1P8B1E5|A0A1P8B1E5_ARATH	76.402	517	114	3	14631	15142	2	515	0.0	793
AST13123.1	tr|A0A6P5ZWD4|A0A6P5ZWD4_DURZI	78.462	520	108	3	14631	15147	2	520	0.0	793
AST13123.1	tr|A0A5D2MVQ5|A0A5D2MVQ5_GOSTO	77.586	522	113	2	14629	15147	1	521	0.0	793
AST13123.1	tr|A0A1Q3CEV3|A0A1Q3CEV3_CEPFO	83.843	458	73	1	14690	15147	64	520	0.0	793
AST13123.1	tr|A0A1J7IWW3|A0A1J7IWW3_LUPAN	84.233	463	72	1	14685	15147	6	467	0.0	793
AST13123.1	tr|A0A0N9BED7|A0A0N9BED7_LIRMU	78.544	522	101	6	14629	15147	5	518	0.0	793
AST13123.1	tr|A0A251S0N3|A0A251S0N3_HELAN	85.120	457	68	0	14691	15147	62	518	0.0	792
AST13123.1	tr|A0A089VKV2|A0A089VKV2_9POAL	82.268	485	82	4	14658	15140	11	493	0.0	792
AST13123.1	tr|A0A3Q7EKI7|A0A3Q7EKI7_SOLLC	78.476	525	99	7	14631	15147	2	520	0.0	792
AST13123.1	tr|A0A5D2SCP1|A0A5D2SCP1_GOSMU	78.161	522	110	2	14629	15147	1	521	0.0	791
AST13123.1	tr|D2CIU7|D2CIU7_9ASTR	85.714	441	63	0	14707	15147	6	446	0.0	791
AST13123.1	tr|A0A5J4ZAW2|A0A5J4ZAW2_9ASTE	86.270	437	60	0	14711	15147	1040	1476	0.0	791
AST13123.1	tr|A0A089VFD1|A0A089VFD1_9POAL	82.025	484	84	3	14658	15140	11	492	0.0	791
AST13123.1	tr|A0A4D8ZGC2|A0A4D8ZGC2_SALSN	80.868	507	87	3	14650	15147	11	516	0.0	791
AST13123.1	tr|A0A0D2RDI7|A0A0D2RDI7_GOSRA	78.161	522	110	2	14629	15147	1	521	0.0	791
AST13123.1	tr|A0A6J5WEC5|A0A6J5WEC5_PRUAR	76.604	530	104	5	14631	15147	2	524	0.0	790
AST13123.1	tr|A8YTA6|A8YTA6_9ASTR	87.696	447	55	0	14701	15147	1	447	0.0	790
AST13123.1	tr|A0A5N6NPZ5|A0A5N6NPZ5_9ASTR	87.082	449	57	1	14700	15147	70	518	0.0	790
AST13123.1	tr|A0A5D2AA30|A0A5D2AA30_GOSDA	77.969	522	111	2	14629	15147	1	521	0.0	790
AST13123.1	tr|A0A5J5NXG7|A0A5J5NXG7_GOSBA	77.969	522	111	2	14629	15147	1	521	0.0	790
AST13123.1	tr|A0A6J1E9L2|A0A6J1E9L2_CUCMO	77.143	525	107	4	14631	15147	9	528	0.0	789
AST13123.1	tr|A0A1U8N867|A0A1U8N867_GOSHI	77.969	522	111	2	14629	15147	1	521	0.0	789
AST13123.1	tr|A0A2C9VT94|A0A2C9VT94_MANES	77.247	523	111	3	14631	15147	2	522	0.0	788
AST13123.1	sp|P10748|AROA_SOLLC	78.286	525	100	7	14631	15147	2	520	0.0	788
AST13123.1	tr|B2C1I9|B2C1I9_GOSHI	77.969	522	111	2	14629	15147	1	521	0.0	788
AST13123.1	tr|A0A067HD33|A0A067HD33_CITSI	77.457	519	114	3	14631	15147	2	519	0.0	788
AST13123.1	tr|A0A251V1I3|A0A251V1I3_HELAN	87.557	442	55	0	14706	15147	68	509	0.0	788
AST13123.1	tr|A0A6J1IYT9|A0A6J1IYT9_CUCMA	77.099	524	109	3	14631	15147	9	528	0.0	788
AST13123.1	tr|A0A6I9TZG3|A0A6I9TZG3_SESIN	87.336	458	57	1	14690	15147	63	519	0.0	788
AST13123.1	tr|A0A2H5NP74|A0A2H5NP74_CITUN	77.457	519	114	3	14631	15147	2	519	0.0	787
AST13123.1	tr|A0A0V0IJ85|A0A0V0IJ85_SOLCH	77.947	526	101	7	14631	15147	2	521	0.0	787
AST13123.1	tr|V4U8J1|V4U8J1_CITCL	77.457	519	114	3	14631	15147	2	519	0.0	787
AST13123.1	tr|Q946V0|Q946V0_9LAMI	77.996	509	100	3	14649	15147	10	516	0.0	787
AST13123.1	tr|A0A4D8Y0K7|A0A4D8Y0K7_SALSN	80.276	507	90	3	14650	15147	14	519	0.0	786
AST13123.1	tr|Q946U9|Q946U9_9LAMI	78.193	509	99	3	14649	15147	10	516	0.0	786
AST13123.1	tr|A0A5D2I9Q4|A0A5D2I9Q4_GOSTO	77.778	522	112	2	14629	15147	1	521	0.0	786
AST13123.1	tr|A0A089VLU1|A0A089VLU1_9POAL	82.463	479	81	3	14661	15138	14	490	0.0	786
AST13123.1	tr|A0A484M6T4|A0A484M6T4_9ASTE	80.119	503	94	4	14650	15147	22	523	0.0	786
AST13123.1	tr|A0A5N6M5M3|A0A5N6M5M3_9ASTR	78.669	511	102	3	14640	15147	10	516	0.0	786
AST13123.1	tr|A0A6P6VVB1|A0A6P6VVB1_COFAR	76.306	536	84	5	14650	15147	8	538	0.0	785
AST13123.1	tr|A0A4D8ZUB6|A0A4D8ZUB6_SALSN	80.276	507	90	3	14650	15147	14	519	0.0	785
AST13123.1	tr|B9GPE8|B9GPE8_POPTR	76.686	519	117	4	14631	15147	2	518	0.0	785
AST13123.1	tr|A0A5E4FCY7|A0A5E4FCY7_PRUDU	83.090	479	74	4	14674	15147	1	477	0.0	785
AST13123.1	tr|A0A4P8PSL9|A0A4P8PSL9_AMBAR	84.683	457	68	1	14691	15147	58	512	0.0	785
AST13123.1	tr|A0A5B6UZZ8|A0A5B6UZZ8_9ROSI	77.586	522	113	2	14629	15147	1	521	0.0	784
AST13123.1	tr|I1J7U9|I1J7U9_SOYBN	77.989	527	103	3	14631	15147	2	525	0.0	784
AST13123.1	tr|A0A0B2QZU7|A0A0B2QZU7_GLYSO	77.989	527	103	3	14631	15147	2	525	0.0	784
AST13123.1	tr|A0A0A6Z9T0|A0A0A6Z9T0_HEVBR	75.856	526	114	3	14631	15147	2	523	0.0	783
AST13123.1	tr|A0A438FU78|A0A438FU78_VITVI	73.097	565	100	7	14631	15147	2	562	0.0	783
AST13123.1	tr|A0A498JHI7|A0A498JHI7_MALDO	77.927	521	106	5	14631	15143	2	521	0.0	783
AST13123.1	tr|A0A6N2BGA3|A0A6N2BGA3_SOLCI	77.524	525	104	6	14631	15147	2	520	0.0	783
AST13123.1	tr|A0A089X599|A0A089X599_9POAL	85.682	440	61	2	14700	15138	53	491	0.0	783
AST13123.1	tr|A0A5C7I2M9|A0A5C7I2M9_9ROSI	76.181	529	109	5	14631	15147	2	525	0.0	783
AST13123.1	tr|A0A4Y7KMY3|A0A4Y7KMY3_PAPSO	76.692	532	108	6	14631	15147	4	534	0.0	782
AST13123.1	tr|A0A1R3I7K5|A0A1R3I7K5_COCAP	77.539	512	111	2	14639	15147	12	522	0.0	782
AST13123.1	tr|A8YTA5|A8YTA5_9ASTR	87.025	447	58	0	14701	15147	1	447	0.0	782
AST13123.1	tr|A0A1R3K0M4|A0A1R3K0M4_9ROSI	77.539	512	111	2	14639	15147	12	522	0.0	782
AST13123.1	tr|B2CM20|B2CM20_9ASTE	78.846	520	106	3	14631	15147	2	520	0.0	781
AST13123.1	tr|A0A4D6MN12|A0A4D6MN12_VIGUN	77.714	525	108	2	14631	15147	2	525	0.0	781
AST13123.1	tr|A0A6A4KJY0|A0A6A4KJY0_9ERIC	78.161	522	109	3	14631	15147	2	523	0.0	781
AST13123.1	tr|A0A0S3SYD7|A0A0S3SYD7_PHAAN	77.524	525	109	2	14631	15147	2	525	0.0	781
AST13123.1	tr|A0A2C9WQP6|A0A2C9WQP6_MANES	76.864	523	112	5	14631	15147	2	521	0.0	781
AST13123.1	tr|A0A6N2LI84|A0A6N2LI84_SALVM	76.686	519	117	4	14631	15147	2	518	0.0	780
AST13123.1	tr|A0A1S3V5Z0|A0A1S3V5Z0_VIGRR	77.524	525	109	2	14631	15147	2	525	0.0	780
AST13123.1	tr|A0A2H5NPD9|A0A2H5NPD9_CITUN	76.281	527	114	4	14631	15147	2	527	0.0	780
AST13123.1	tr|A0A5N5NPD9|A0A5N5NPD9_9ROSI	76.686	519	117	4	14631	15147	2	518	0.0	780
AST13123.1	tr|B9RDA3|B9RDA3_RICCO	84.279	458	70	2	14690	15147	63	518	0.0	780
AST13123.1	tr|Q8W1M5|Q8W1M5_ORYVI	75.962	520	119	2	14631	15147	2	518	0.0	779
AST13123.1	tr|A0A0D2QRR3|A0A0D2QRR3_GOSRA	79.641	501	97	2	14651	15147	22	521	0.0	779
AST13123.1	tr|Q6E6L3|Q6E6L3_CONCD	83.519	449	73	1	14700	15147	6	454	0.0	778
AST13123.1	tr|A0A6B9MN81|A0A6B9MN81_9LILI	86.275	459	61	2	14690	15147	65	522	0.0	778
AST13123.1	tr|A0A1U8NX97|A0A1U8NX97_GOSHI	79.441	501	98	2	14651	15147	22	521	0.0	778
AST13123.1	tr|A0A5D2PTD5|A0A5D2PTD5_GOSTO	79.441	501	98	2	14651	15147	22	521	0.0	778
AST13123.1	tr|A0A6S7N1K5|A0A6S7N1K5_LACSI	84.768	453	67	2	14691	15142	61	512	0.0	778
AST13123.1	tr|A0A1S4AEH4|A0A1S4AEH4_TOBAC	76.996	526	102	6	14631	15147	2	517	0.0	778
AST13123.1	tr|V4L9W7|V4L9W7_EUTSA	76.154	520	118	2	14631	15147	2	518	0.0	777
AST13123.1	tr|A0A5B6UNE0|A0A5B6UNE0_9ROSI	79.441	501	98	2	14651	15147	22	521	0.0	777
AST13123.1	tr|A0A0B0PQG1|A0A0B0PQG1_GOSAR	79.242	501	99	2	14651	15147	22	521	0.0	777
AST13123.1	tr|I1H1V3|I1H1V3_BRADI	83.220	441	74	0	14707	15147	70	510	0.0	777
AST13123.1	tr|A0A5D2YPM1|A0A5D2YPM1_GOSMU	79.242	501	99	2	14651	15147	22	521	0.0	776
AST13123.1	tr|D7LCH4|D7LCH4_ARALL	76.923	520	112	4	14631	15147	2	516	0.0	776
AST13123.1	tr|A0A0B2RR79|A0A0B2RR79_GLYSO	78.286	525	106	1	14631	15147	2	526	0.0	776
AST13123.1	tr|R0FVF7|R0FVF7_9BRAS	76.291	523	113	6	14631	15147	2	519	0.0	776
AST13123.1	tr|A0A540LEB6|A0A540LEB6_MALBA	77.099	524	113	3	14631	15147	2	525	0.0	775
AST13123.1	tr|A0A5N5F2I1|A0A5N5F2I1_9ROSA	77.714	525	108	5	14631	15147	2	525	0.0	775
AST13123.1	tr|A0A6N2MUH1|A0A6N2MUH1_SALVM	76.879	519	116	4	14631	15147	2	518	0.0	775
AST13123.1	tr|V7AMX2|V7AMX2_PHAVU	77.333	525	110	2	14631	15147	2	525	0.0	774
AST13123.1	tr|A0A565BP76|A0A565BP76_9BRAS	76.686	519	115	4	14631	15147	2	516	0.0	774
AST13123.1	tr|A0A498KI81|A0A498KI81_MALDO	77.099	524	113	3	14631	15147	2	525	0.0	774
AST13123.1	tr|I1JKP7|I1JKP7_SOYBN	77.714	525	109	1	14631	15147	2	526	0.0	774
AST13123.1	tr|B3GGJ9|B3GGJ9_CONAR	78.053	524	103	5	14631	15147	2	520	0.0	773
AST13123.1	tr|D7KD66|D7KD66_ARALL	82.974	464	74	3	14685	15147	64	523	0.0	773
AST13123.1	tr|A0A1U8P5S7|A0A1U8P5S7_GOSHI	79.042	501	100	2	14651	15147	22	521	0.0	773
AST13123.1	tr|A0A6P6VX69|A0A6P6VX69_COFAR	75.468	534	90	5	14650	15147	8	536	0.0	773
AST13123.1	tr|A0A5D2UA94|A0A5D2UA94_GOSMU	79.042	501	100	2	14651	15147	22	521	0.0	772
AST13123.1	tr|A0A5N5K689|A0A5N5K689_9ROSI	76.686	519	117	4	14631	15147	2	518	0.0	772
AST13123.1	tr|Q1KPV4|Q1KPV4_9ASPA	81.104	471	86	1	14680	15147	52	522	0.0	772
AST13123.1	tr|A0A0D3B6U5|A0A0D3B6U5_BRAOL	79.675	492	87	4	14665	15147	22	509	0.0	772
AST13123.1	tr|A0A3P6D0R6|A0A3P6D0R6_BRACM	76.437	522	111	6	14631	15147	2	516	0.0	771
AST13123.1	tr|A0A078HH62|A0A078HH62_BRANA	76.245	522	112	6	14631	15147	2	516	0.0	771
AST13123.1	tr|A8YTA8|A8YTA8_9ASTR	83.220	441	74	0	14707	15147	6	446	0.0	771
AST13123.1	tr|A0A3P6A8B6|A0A3P6A8B6_BRACM	75.000	536	99	6	14631	15147	2	521	0.0	770
AST13123.1	tr|A0A2P5X9W2|A0A2P5X9W2_GOSBA	79.042	501	100	2	14651	15147	22	521	0.0	770
AST13123.1	tr|A0A397ZPX8|A0A397ZPX8_BRACM	76.054	522	113	6	14631	15147	2	516	0.0	770
AST13123.1	tr|A0A4D9ALU6|A0A4D9ALU6_SALSN	77.237	514	96	6	14652	15147	18	528	0.0	769
AST13123.1	tr|A0A2R6R9C4|A0A2R6R9C4_ACTCC	85.909	440	62	0	14708	15147	1	440	0.0	769
AST13123.1	tr|A0A4Y7L8J7|A0A4Y7L8J7_PAPSO	72.857	560	108	4	14631	15147	4	562	0.0	769
AST13123.1	tr|A0A5D2BWR2|A0A5D2BWR2_GOSDA	78.842	501	101	2	14651	15147	22	521	0.0	769
AST13123.1	tr|A0A5J5QTD1|A0A5J5QTD1_GOSBA	78.842	501	101	2	14651	15147	22	521	0.0	769
AST13123.1	tr|A0A6J0NIE3|A0A6J0NIE3_RAPSA	82.751	458	76	1	14690	15147	60	514	0.0	769
AST13123.1	sp|P17688|AROA_BRANA	76.054	522	113	6	14631	15147	2	516	0.0	769
AST13123.1	tr|A0A078JSU1|A0A078JSU1_BRANA	75.000	536	99	6	14631	15147	2	521	0.0	768
AST13123.1	tr|A0A0D3C6D1|A0A0D3C6D1_BRAOL	75.862	522	114	6	14631	15147	2	516	0.0	768
AST13123.1	tr|M4C856|M4C856_BRARP	81.915	470	80	3	14679	15147	49	514	0.0	768
AST13123.1	tr|A0A3P6DB61|A0A3P6DB61_BRAOL	75.862	522	114	6	14631	15147	2	516	0.0	768
AST13123.1	tr|A0A654ESJ0|A0A654ESJ0_ARATH	82.328	464	77	3	14685	15147	62	521	0.0	767
AST13123.1	tr|A0A1J3E699|A0A1J3E699_NOCCA	74.953	527	116	5	14631	15147	2	522	0.0	767
AST13123.1	tr|A0A1J3HGA8|A0A1J3HGA8_NOCCA	82.543	464	76	3	14685	15147	58	517	0.0	767
AST13123.1	tr|Q9FVP6|Q9FVP6_ARATH	82.328	464	77	3	14685	15147	62	521	0.0	766
AST13123.1	tr|A0A6A1W176|A0A6A1W176_9ROSI	66.559	619	103	7	14631	15147	2	618	0.0	765
AST13123.1	tr|A0A178WDZ9|A0A178WDZ9_ARATH	81.897	464	79	3	14685	15147	62	521	0.0	765
AST13123.1	tr|Q6JDV0|Q6JDV0_BRACM	75.962	520	115	5	14631	15147	2	514	0.0	765
AST13123.1	tr|A0A1D1Z1F2|A0A1D1Z1F2_9ARAE	82.533	458	79	1	14690	15147	115	571	0.0	765
AST13123.1	tr|A0A087H5C4|A0A087H5C4_ARAAL	76.062	518	119	3	14631	15147	2	515	0.0	765
AST13123.1	tr|A0A5D2K8E4|A0A5D2K8E4_GOSTO	84.479	451	70	0	14697	15147	2	452	0.0	764
AST13123.1	tr|A0A4U5MYM8|A0A4U5MYM8_POPAL	82.751	458	77	2	14690	15147	12	467	0.0	764
AST13123.1	tr|A0A1J3JRC8|A0A1J3JRC8_NOCCA	82.751	458	75	2	14690	15147	64	517	0.0	764
AST13123.1	tr|Q8LC97|Q8LC97_ARATH	82.112	464	78	3	14685	15147	62	521	0.0	764
AST13123.1	tr|A0A1J3FYC3|A0A1J3FYC3_NOCCA	82.328	464	77	3	14685	15147	58	517	0.0	764
AST13123.1	tr|M4FGU1|M4FGU1_BRARP	75.287	522	117	6	14631	15147	2	516	0.0	764
AST13123.1	tr|A0A2Z6M669|A0A2Z6M669_TRISU	75.429	525	109	3	14631	15147	2	514	0.0	764
AST13123.1	tr|A0A5S9WKB0|A0A5S9WKB0_ARATH	82.112	464	78	3	14685	15147	62	521	0.0	763
AST13123.1	tr|A0A445L6I2|A0A445L6I2_GLYSO	74.322	553	106	2	14631	15147	2	554	0.0	761
AST13123.1	tr|A0A6D2KT97|A0A6D2KT97_9BRAS	75.000	524	120	5	14631	15147	2	521	0.0	761
AST13123.1	tr|A0A3B6TCN7|A0A3B6TCN7_WHEAT	82.960	446	76	0	14702	15147	65	510	0.0	761
AST13123.1	tr|A0A5B9T5W8|A0A5B9T5W8_LOLRI	83.447	441	73	0	14707	15147	65	505	0.0	761
AST13123.1	tr|A0A453QJP6|A0A453QJP6_AEGTS	81.579	456	84	0	14692	15147	57	512	0.0	761
AST13123.1	tr|A0A328DPQ3|A0A328DPQ3_9ASTE	79.400	500	101	1	14650	15147	22	521	0.0	760
AST13123.1	tr|A0A5B9T5S8|A0A5B9T5S8_LOLRI	83.447	441	73	0	14707	15147	65	505	0.0	760
AST13123.1	tr|A0A5D2FWA0|A0A5D2FWA0_GOSDA	78.443	501	101	3	14651	15147	22	519	0.0	760
AST13123.1	tr|Q0PKR0|Q0PKR0_PHAVU	73.755	522	131	3	14631	15147	2	522	0.0	759
AST13123.1	tr|O24566|O24566_MAIZE	85.488	441	63	1	14707	15147	5	444	0.0	759
AST13123.1	tr|A0A3P6AFC9|A0A3P6AFC9_BRAOL	76.311	515	86	5	14665	15147	22	532	0.0	759
AST13123.1	tr|A0A1D6NVZ6|A0A1D6NVZ6_MAIZE	85.488	441	63	1	14707	15147	67	506	0.0	759
AST13123.1	tr|A0A3L6D9R8|A0A3L6D9R8_MAIZE	85.488	441	63	1	14707	15147	67	506	0.0	759
AST13123.1	tr|B5M6A1|B5M6A1_WHEAT	82.735	446	77	0	14702	15147	65	510	0.0	759
AST13123.1	tr|A0A2U1KK14|A0A2U1KK14_ARTAN	77.176	517	112	3	14636	15147	6	521	0.0	759
AST13123.1	tr|A0A3B6R885|A0A3B6R885_WHEAT	83.673	441	72	0	14707	15147	70	510	0.0	758
AST13123.1	tr|A0A0D9WLG7|A0A0D9WLG7_9ORYZ	84.091	440	70	0	14708	15147	71	510	0.0	758
AST13123.1	tr|A8YTA9|A8YTA9_9ASTR	82.313	441	76	1	14707	15147	6	444	0.0	758
AST13123.1	tr|A0A446RID2|A0A446RID2_TRITD	82.735	446	77	0	14702	15147	70	515	0.0	758
AST13123.1	tr|A0A446RID0|A0A446RID0_TRITD	82.735	446	77	0	14702	15147	65	510	0.0	758
AST13123.1	tr|A0A446RIC4|A0A446RIC4_TRITD	82.735	446	77	0	14702	15147	69	514	0.0	758
AST13123.1	tr|A0A3B6U4K5|A0A3B6U4K5_WHEAT	82.735	446	77	0	14702	15147	70	515	0.0	758
AST13123.1	tr|A0A0N7FDV4|A0A0N7FDV4_VITVI	84.701	451	69	0	14697	15147	5	455	0.0	758
AST13123.1	tr|A0A446WZV3|A0A446WZV3_TRITD	83.673	441	72	0	14707	15147	70	510	0.0	757
AST13123.1	tr|A0A0E0PT33|A0A0E0PT33_ORYRU	83.900	441	71	0	14707	15147	75	515	0.0	757
AST13123.1	tr|A0A0E0L7E6|A0A0E0L7E6_ORYPU	83.900	441	71	0	14707	15147	97	537	0.0	757
AST13123.1	tr|A2Y8X9|A2Y8X9_ORYSI	83.900	441	71	0	14707	15147	75	515	0.0	757
AST13123.1	tr|Q93VK6|Q93VK6_ORYSA	83.900	441	71	0	14707	15147	71	511	0.0	757
AST13123.1	tr|A0A0E0HKI5|A0A0E0HKI5_ORYNI	83.900	441	71	0	14707	15147	75	515	0.0	757
AST13123.1	tr|A0A0E0DW90|A0A0E0DW90_9ORYZ	83.900	441	71	0	14707	15147	75	515	0.0	757
AST13123.1	tr|H6T5X2|H6T5X2_SORHL	85.034	441	65	1	14707	15147	5	444	0.0	757
AST13123.1	tr|Q5VNW0|Q5VNW0_ORYSJ	83.900	441	71	0	14707	15147	75	515	0.0	757
AST13123.1	tr|A0A0D3GCF5|A0A0D3GCF5_9ORYZ	83.900	441	71	0	14707	15147	69	509	0.0	757
AST13123.1	tr|A0A5B9T7B3|A0A5B9T7B3_SORHL	85.034	441	65	1	14707	15147	67	506	0.0	756
AST13123.1	tr|I1PZA1|I1PZA1_ORYGL	83.900	441	71	0	14707	15147	71	511	0.0	756
AST13123.1	tr|V5NFH4|V5NFH4_SORHL	83.673	441	72	0	14707	15147	5	445	0.0	756
AST13123.1	tr|A0A0P0K3B8|A0A0P0K3B8_WHEAT	83.447	441	73	0	14707	15147	70	510	0.0	756
AST13123.1	tr|A0A0E0A4L5|A0A0E0A4L5_9ORYZ	83.673	441	72	0	14707	15147	71	511	0.0	755
AST13123.1	tr|C5Z3D1|C5Z3D1_SORBI	84.807	441	66	1	14707	15147	67	506	0.0	755
AST13123.1	tr|A0A0E0L7E7|A0A0E0L7E7_ORYPU	83.900	441	71	0	14707	15147	59	499	0.0	755
AST13123.1	tr|A0A5J9TN54|A0A5J9TN54_9POAL	84.127	441	70	0	14707	15147	74	514	0.0	755
AST13123.1	tr|A0A3L6PJ42|A0A3L6PJ42_PANMI	84.127	441	70	0	14707	15147	67	507	0.0	755
AST13123.1	tr|A0A2T7E3E4|A0A2T7E3E4_9POAL	84.127	441	70	0	14707	15147	69	509	0.0	755
AST13123.1	tr|A0A1E5W859|A0A1E5W859_9POAL	83.673	441	72	0	14707	15147	68	508	0.0	755
AST13123.1	tr|Q3Y6S2|Q3Y6S2_LOLMU	83.753	437	71	0	14711	15147	1	437	0.0	755
AST13123.1	tr|A0A2S3HM17|A0A2S3HM17_9POAL	84.127	441	70	0	14707	15147	68	508	0.0	755
AST13123.1	tr|A0A0E0L7E8|A0A0E0L7E8_ORYPU	83.900	441	71	0	14707	15147	23	463	0.0	755
AST13123.1	tr|A0A5B9T603|A0A5B9T603_BROTE	82.993	441	75	0	14707	15147	68	508	0.0	755
AST13123.1	tr|Q95AK0|Q95AK0_ELEIN	84.354	441	69	0	14707	15147	5	445	0.0	754
AST13123.1	tr|G8FH00|G8FH00_ELEIN	84.354	441	69	0	14707	15147	3	443	0.0	754
AST13123.1	tr|A0A4U6UXI9|A0A4U6UXI9_SETVI	83.900	441	71	0	14707	15147	70	510	0.0	754
AST13123.1	tr|Q95AK1|Q95AK1_ELEIN	84.127	441	70	0	14707	15147	5	445	0.0	752
AST13123.1	tr|A0A3L6S0G6|A0A3L6S0G6_PANMI	83.447	441	73	0	14707	15147	68	508	0.0	751
AST13123.1	tr|G8FH01|G8FH01_ELEIN	84.127	441	70	0	14707	15147	3	443	0.0	751
AST13123.1	tr|A0A6B9EQ80|A0A6B9EQ80_IPOPU	85.366	451	64	2	14690	15139	41	490	0.0	751
AST13123.1	tr|A0AR17|A0AR17_ELEIN	83.900	441	71	0	14707	15147	5	445	0.0	750
AST13123.1	tr|A0A6B9ER56|A0A6B9ER56_IPOPU	85.366	451	64	2	14690	15139	41	490	0.0	750
AST13123.1	tr|F4I035|F4I035_ARATH	78.119	489	77	4	14685	15147	5	489	0.0	749
AST13123.1	tr|A0A089WYN0|A0A089WYN0_ELEIN	83.900	441	71	0	14707	15147	5	445	0.0	749
AST13123.1	tr|A0A6B9EWY2|A0A6B9EWY2_IPOPU	85.556	450	63	2	14690	15138	27	475	0.0	749
AST13123.1	tr|A0A6B9ESB5|A0A6B9ESB5_IPOPU	85.556	450	63	2	14690	15138	41	489	0.0	749
AST13123.1	tr|H6T5X1|H6T5X1_SORHL	84.127	441	69	1	14707	15147	5	444	0.0	748
AST13123.1	tr|A0AR18|A0AR18_ELEIN	83.900	441	71	0	14707	15147	5	445	0.0	747
AST13123.1	tr|A0A6G1CPC4|A0A6G1CPC4_9ORYZ	83.409	440	73	0	14708	15147	68	507	0.0	747
AST13123.1	tr|A0A6B9ENH7|A0A6B9ENH7_IPOPU	85.144	451	65	2	14690	15139	41	490	0.0	747
AST13123.1	tr|A0A6B9ENH8|A0A6B9ENH8_IPOPU	85.333	450	64	2	14690	15138	41	489	0.0	746
AST13123.1	tr|A0A6B9EWQ0|A0A6B9EWQ0_IPOPU	85.523	449	63	2	14690	15137	41	488	0.0	746
AST13123.1	tr|A0A103XEB4|A0A103XEB4_CYNCS	80.467	471	61	3	14677	15147	52	491	0.0	745
AST13123.1	tr|A0A6A3C2Z7|A0A6A3C2Z7_HIBSY	82.705	451	65	1	14710	15147	52	502	0.0	745
AST13123.1	tr|A0A6B9ENI7|A0A6B9ENI7_IPOPU	85.491	448	63	2	14690	15136	41	487	0.0	744
AST13123.1	tr|A0A6B9F314|A0A6B9F314_IPOPU	85.459	447	63	2	14690	15135	58	503	0.0	743
AST13123.1	tr|A0A6B9ERL8|A0A6B9ERL8_IPOPU	85.459	447	63	2	14690	15135	44	489	0.0	743
AST13123.1	tr|A0A6B9ENN8|A0A6B9ENN8_IPOPU	85.459	447	63	2	14690	15135	46	491	0.0	742
AST13123.1	tr|A0A6B9ESI0|A0A6B9ESI0_IPOPU	85.459	447	63	2	14690	15135	45	490	0.0	742
AST13123.1	tr|A0A6B9ENL3|A0A6B9ENL3_IPOPU	85.459	447	63	2	14690	15135	41	486	0.0	742
AST13123.1	tr|A0A6B9ERH8|A0A6B9ERH8_IPOPU	85.459	447	63	2	14690	15135	40	485	0.0	741
AST13123.1	tr|A0A6B9ENN7|A0A6B9ENN7_IPOPU	85.459	447	63	2	14690	15135	43	488	0.0	741
AST13123.1	tr|A0A5A7PEX9|A0A5A7PEX9_STRAF	79.744	469	90	3	14657	15125	29	492	0.0	739
AST13123.1	tr|A0A6B9F2Z4|A0A6B9F2Z4_IPOPU	85.235	447	64	2	14690	15135	41	486	0.0	739
AST13123.1	tr|A0A6B9ER37|A0A6B9ER37_IPOPU	85.426	446	63	2	14690	15134	41	485	0.0	739
AST13123.1	tr|A0A6B9ERJ0|A0A6B9ERJ0_IPOPU	85.426	446	63	2	14690	15134	43	487	0.0	739
AST13123.1	tr|A0A6B9ENM6|A0A6B9ENM6_IPOPU	85.393	445	63	2	14690	15133	40	483	0.0	737
AST13123.1	tr|A0A6B9F2X6|A0A6B9F2X6_IPOPU	85.393	445	63	2	14690	15133	43	486	0.0	736
AST13123.1	tr|A0A7G2DZ66|A0A7G2DZ66_ARATH	79.362	470	83	5	14685	15147	62	524	0.0	736
AST13123.1	tr|A0A6B9F2T3|A0A6B9F2T3_IPOPU	85.169	445	64	2	14690	15133	41	484	0.0	734
AST13123.1	tr|A0A6A6LLL2|A0A6A6LLL2_HEVBR	81.004	458	69	4	14690	15147	692	1131	0.0	733
AST13123.1	tr|A0A023NMA5|A0A023NMA5_BASSC	87.685	406	47	1	14649	15054	7	409	0.0	729
AST13123.1	tr|A0A368QQK4|A0A368QQK4_SETIT	82.086	441	69	1	14707	15147	71	501	0.0	729
AST13123.1	tr|K3XWI8|K3XWI8_SETIT	82.086	441	69	1	14707	15147	68	498	0.0	729
AST13123.1	tr|U5D9W1|U5D9W1_AMBTC	81.004	458	84	1	14690	15147	64	518	0.0	728
AST13123.1	tr|A0A2J6L5V5|A0A2J6L5V5_LACSA	80.477	461	80	5	14691	15147	19	473	0.0	727
AST13123.1	tr|A0A443P9X4|A0A443P9X4_9MAGN	73.267	505	127	2	14645	15147	6	504	0.0	727
AST13123.1	tr|A0A0D6R807|A0A0D6R807_ARACU	77.876	452	99	1	14697	15147	76	527	0.0	723
AST13123.1	tr|A0A2P2J2K4|A0A2P2J2K4_RHIMU	79.493	473	90	4	14679	15147	54	523	0.0	722
AST13123.1	tr|Q6E6M4|Q6E6M4_AMATU	98.319	357	6	0	14748	15104	1	357	0.0	722
AST13123.1	tr|A0A2U1MP62|A0A2U1MP62_ARTAN	87.212	391	50	0	14757	15147	1	391	0.0	721
AST13123.1	tr|A0A5A7RK44|A0A5A7RK44_STRAF	82.287	446	72	4	14691	15135	60	499	0.0	720
AST13123.1	tr|A0A5P1FPS9|A0A5P1FPS9_ASPOF	86.732	407	54	0	14741	15147	66	472	0.0	718
AST13123.1	tr|A0A218X6Q7|A0A218X6Q7_PUNGR	76.101	477	78	3	14672	15147	47	488	0.0	717
AST13123.1	tr|A0A6B9F2V5|A0A6B9F2V5_IPOPU	85.484	434	61	2	14691	15123	1	433	0.0	716
AST13123.1	tr|A0A0C9S9Q3|A0A0C9S9Q3_9SPER	76.991	452	103	1	14697	15147	76	527	0.0	714
AST13123.1	tr|A0A6M3YRY5|A0A6M3YRY5_AMBAR	85.749	407	58	0	14741	15147	1	407	0.0	713
AST13123.1	tr|A3B841|A3B841_ORYSJ	80.045	441	79	1	14707	15147	75	506	0.0	706
AST13123.1	tr|A0A6A6K2D4|A0A6A6K2D4_HEVBR	83.575	414	67	1	14734	15147	631	1043	0.0	706
AST13123.1	tr|A0A103XUI5|A0A103XUI5_CYNCS	69.790	523	118	5	14629	15147	1	487	0.0	704
AST13123.1	tr|A0A4D9BLW8|A0A4D9BLW8_SALSN	74.414	512	103	7	14646	15147	3	496	0.0	703
AST13123.1	tr|A0A287VK38|A0A287VK38_HORVV	83.578	408	67	0	14740	15147	20	427	0.0	703
AST13123.1	tr|A0A6B9ERG6|A0A6B9ERG6_IPOPU	85.047	428	62	2	14690	15116	41	467	0.0	702
AST13123.1	tr|A0A0E0DW91|A0A0E0DW91_9ORYZ	80.856	444	66	1	14707	15150	75	499	0.0	701
AST13123.1	tr|A0A067H4F9|A0A067H4F9_CITSI	84.559	408	63	0	14740	15147	67	474	0.0	700
AST13123.1	tr|A0A0P0KT88|A0A0P0KT88_WHEAT	83.047	407	69	0	14741	15147	1	407	0.0	697
AST13123.1	tr|A0A6B9EQF2|A0A6B9EQF2_IPOPU	85.106	423	61	2	14690	15111	41	462	0.0	696
AST13123.1	tr|A0A0P0KDX1|A0A0P0KDX1_WHEAT	82.801	407	70	0	14741	15147	1	407	0.0	695
AST13123.1	tr|A0A022QVU2|A0A022QVU2_ERYGU	79.955	444	80	5	14642	15076	5	448	0.0	694
AST13123.1	tr|A0A6B9EQC6|A0A6B9EQC6_IPOPU	85.071	422	61	2	14690	15110	42	462	0.0	694
AST13123.1	tr|A0A540MX42|A0A540MX42_MALBA	84.691	405	62	0	14737	15141	12	416	0.0	690
AST13123.1	tr|F6I398|F6I398_VITVI	73.684	513	110	8	14631	15135	2	497	0.0	690
AST13123.1	tr|D8RM43|D8RM43_SELML	74.279	451	116	0	14695	15145	1	451	0.0	690
AST13123.1	tr|D8TBU1|D8TBU1_SELML	73.836	451	118	0	14695	15145	1	451	0.0	689
AST13123.1	tr|A0A0A1C3J0|A0A0A1C3J0_ELEIN	84.367	403	63	0	14745	15147	1	403	0.0	689
AST13123.1	tr|A0A0A1C4R9|A0A0A1C4R9_ELEIN	84.119	403	64	0	14745	15147	1	403	0.0	686
AST13123.1	tr|A0A0A1C3V2|A0A0A1C3V2_ELEIN	83.871	403	65	0	14745	15147	1	403	0.0	684
AST13123.1	tr|A0A2G5E2Q8|A0A2G5E2Q8_AQUCA	86.189	391	54	0	14757	15147	1	391	0.0	684
AST13123.1	tr|A0A287VJQ7|A0A287VJQ7_HORVV	84.399	391	61	0	14757	15147	1	391	0.0	681
AST13123.1	tr|A0A142J9E4|A0A142J9E4_TRITU	83.544	395	65	0	14753	15147	1	395	0.0	681
AST13123.1	tr|A0A142J9E5|A0A142J9E5_TRIMO	83.291	395	66	0	14753	15147	1	395	0.0	679
AST13123.1	tr|A0A142J9E7|A0A142J9E7_AEGTA	83.291	395	66	0	14753	15147	1	395	0.0	679
AST13123.1	tr|D3JPP9|D3JPP9_9POAL	85.166	391	58	0	14757	15147	1	391	0.0	677
AST13123.1	tr|A0A142J9E6|A0A142J9E6_AEGSP	83.038	395	67	0	14753	15147	1	395	0.0	677
AST13123.1	tr|A0A6B9ER69|A0A6B9ER69_IPOPU	84.783	414	61	2	14690	15102	45	457	0.0	675
AST13123.1	tr|N1QQC8|N1QQC8_AEGTA	83.376	391	65	0	14757	15147	1	391	0.0	673
AST13123.1	tr|F5A530|F5A530_ELEIN	84.910	391	59	0	14757	15147	1	391	0.0	672
AST13123.1	tr|D3JPQ0|D3JPQ0_9POAL	84.655	391	60	0	14757	15147	1	391	0.0	672
AST13123.1	tr|A0A446WZV5|A0A446WZV5_TRITD	83.376	391	65	0	14757	15147	1	391	0.0	672
AST13123.1	tr|F5A529|F5A529_ELEIN	84.655	391	60	0	14757	15147	1	391	0.0	672
AST13123.1	tr|O80428|O80428_ORYSJ	83.887	391	63	0	14757	15147	1	391	0.0	671
AST13123.1	tr|J3MB12|J3MB12_ORYBR	83.632	391	64	0	14757	15147	1	391	0.0	671
AST13123.1	tr|A0A446WZT9|A0A446WZT9_TRITD	82.864	391	67	0	14757	15147	1	391	0.0	669
AST13123.1	tr|A0A2I6QQM5|A0A2I6QQM5_PHRAU	83.376	391	65	0	14757	15147	1	391	0.0	666
AST13123.1	tr|A0A2N9ISJ6|A0A2N9ISJ6_FAGSY	68.269	520	133	7	14631	15147	2	492	0.0	665
AST13123.1	tr|A0A446WZU5|A0A446WZU5_TRITD	78.846	416	63	1	14757	15147	1	416	0.0	662
AST13123.1	tr|M7Z0L8|M7Z0L8_TRIUA	78.846	416	63	1	14757	15147	1	416	0.0	662
AST13123.1	tr|A0A0D2T491|A0A0D2T491_GOSRA	76.718	451	101	2	14629	15076	1	450	0.0	659
AST13123.1	tr|A0A453QJX8|A0A453QJX8_AEGTS	81.407	398	74	0	14692	15089	57	454	0.0	657
AST13123.1	tr|A0A445M2V9|A0A445M2V9_GLYSO	76.316	456	95	3	14631	15076	2	454	0.0	649
AST13123.1	tr|Q6E6M1|Q6E6M1_ERIAN	85.278	360	53	0	14746	15105	1	360	0.0	647
AST13123.1	tr|I1H1V4|I1H1V4_BRADI	82.973	370	63	0	14707	15076	70	439	0.0	646
AST13123.1	tr|A0A6A6LTA2|A0A6A6LTA2_HEVBR	72.128	470	89	5	14683	15147	680	1112	0.0	645
AST13123.1	tr|A0A176WSA0|A0A176WSA0_MARPO	72.851	442	115	3	14705	15146	87	523	0.0	643
AST13123.1	tr|A0A2R6X5Y9|A0A2R6X5Y9_MARPO	72.851	442	115	3	14705	15146	87	523	0.0	643
AST13123.1	tr|A0A2K1IVJ1|A0A2K1IVJ1_PHYPA	67.659	504	136	7	14667	15147	1	500	0.0	642
AST13123.1	tr|A0A2K1IIY4|A0A2K1IIY4_PHYPA	69.762	463	134	3	14691	15147	74	536	0.0	640
AST13123.1	tr|A9SYF9|A9SYF9_PHYPA	70.175	456	132	2	14696	15147	18	473	0.0	640
AST13123.1	tr|A0A061DU57|A0A061DU57_THECC	76.744	430	95	3	14631	15056	2	430	0.0	627
AST13123.1	tr|Q6E6M2|Q6E6M2_ERIAN	87.430	358	45	0	14748	15105	1	358	0.0	626
AST13123.1	tr|A0A453QKA8|A0A453QKA8_AEGTS	81.383	376	70	0	14692	15067	44	419	0.0	624
AST13123.1	tr|A0A2K1XRJ2|A0A2K1XRJ2_POPTR	79.795	391	78	1	14757	15147	1	390	0.0	622
AST13123.1	tr|A0A067H1D8|A0A067H1D8_CITSI	75.352	426	102	3	14631	15054	2	426	0.0	616
AST13123.1	tr|A0A2G9GJ58|A0A2G9GJ58_9LAMI	84.658	365	55	1	14690	15054	63	426	0.0	615
AST13123.1	tr|A0A0D2U155|A0A0D2U155_GOSRA	75.758	429	100	2	14629	15054	1	428	0.0	615
AST13123.1	tr|A0A5B7BT38|A0A5B7BT38_DAVIN	88.270	341	40	0	14807	15147	1	341	0.0	614
AST13123.1	tr|A0A0V0HWU1|A0A0V0HWU1_SOLCH	88.270	341	40	0	14807	15147	1	341	0.0	614
AST13123.1	tr|A0A1Y1IKX4|A0A1Y1IKX4_KLENI	68.161	446	136	1	14707	15146	104	549	0.0	612
AST13123.1	tr|A0A5B7AM09|A0A5B7AM09_DAVIN	78.164	403	82	2	14631	15028	2	403	0.0	611
AST13123.1	tr|D0VMR9|D0VMR9_GINBI	81.429	350	65	0	14798	15147	1	350	0.0	608
AST13123.1	tr|A0A6U9R4W2|A0A6U9R4W2_9CHLO	67.785	447	133	5	14701	15147	28	463	0.0	604
AST13123.1	tr|A0A6M2E9C7|A0A6M2E9C7_9ROSI	73.882	425	107	4	14632	15054	3	425	0.0	604
AST13123.1	tr|W0FAR5|W0FAR5_MUSAC	88.822	331	37	0	14817	15147	2	332	0.0	604
AST13123.1	sp|P23281|AROA2_TOBAC	88.166	338	40	0	14810	15147	1	338	0.0	603
AST13123.1	tr|Q9AT37|Q9AT37_LOLRI	84.393	346	54	0	14766	15111	2	347	0.0	600
AST13123.1	tr|A0A6U2C220|A0A6U2C220_MICPS	63.674	479	150	9	14669	15141	10	470	0.0	593
AST13123.1	tr|A0A6U0BZ85|A0A6U0BZ85_9CHLO	68.552	442	119	5	14707	15141	67	495	0.0	593
AST13123.1	tr|A0A6T5Y2N5|A0A6T5Y2N5_9CHLO	68.090	445	122	5	14704	15141	58	489	0.0	592
AST13123.1	tr|A0A6U0EB75|A0A6U0EB75_9CHLO	67.937	446	123	5	14703	15141	9	441	0.0	592
AST13123.1	tr|A0A446RIE4|A0A446RIE4_TRITD	84.164	341	54	0	14807	15147	1	341	0.0	592
AST13123.1	tr|A0A2G5E2N7|A0A2G5E2N7_AQUCA	88.415	328	38	0	14820	15147	2	329	0.0	591
AST13123.1	tr|A0A6U0KNC0|A0A6U0KNC0_9CHLO	64.758	454	147	5	14695	15148	42	482	0.0	590
AST13123.1	tr|A0A454Y093|A0A454Y093_OSTTA	66.593	455	132	5	14699	15146	33	474	0.0	590
AST13123.1	tr|A0A096PBR2|A0A096PBR2_OSTTA	66.593	455	132	5	14699	15146	33	474	0.0	590
AST13123.1	tr|Q6YH15|Q6YH15_VITVI	87.915	331	39	1	14817	15147	1	330	0.0	589
AST13123.1	tr|A0A6U0BMC2|A0A6U0BMC2_9CHLO	66.593	455	132	5	14699	15146	35	476	0.0	588
AST13123.1	tr|A0A427BBW3|A0A427BBW3_ENSVE	61.905	546	96	10	14651	15147	26	508	0.0	587
AST13123.1	tr|A4SB81|A4SB81_OSTLU	67.562	447	125	5	14707	15146	3	436	0.0	587
AST13123.1	tr|A0A1S4C7G2|A0A1S4C7G2_TOBAC	75.990	404	91	3	14631	15034	2	399	0.0	587
AST13123.1	tr|A0A6U0R1V3|A0A6U0R1V3_MICPS	62.839	479	154	9	14669	15141	10	470	0.0	587
AST13123.1	tr|A0A4U5QUA8|A0A4U5QUA8_POPAL	73.176	425	81	4	14720	15144	36	427	0.0	586
AST13123.1	tr|A0A438FU52|A0A438FU52_VITVI	63.993	536	115	7	14631	15135	2	490	0.0	583
AST13123.1	tr|A0A388L719|A0A388L719_CHABU	69.469	452	127	2	14707	15147	175	626	0.0	582
AST13123.1	tr|K8FBR9|K8FBR9_9CHLO	65.778	450	143	6	14694	15141	49	489	0.0	581
AST13123.1	tr|A0A0N6WBX4|A0A0N6WBX4_AMAPO	97.924	289	6	0	14659	14947	1	289	0.0	579
AST13123.1	tr|A0A6T7VDJ8|A0A6T7VDJ8_9CHLO	59.810	525	184	9	14631	15147	7	512	0.0	579
AST13123.1	tr|A0A438GXJ0|A0A438GXJ0_VITVI	67.273	495	98	6	14631	15094	2	463	0.0	578
AST13123.1	tr|A0A0N7BW90|A0A0N7BW90_AMAHY	97.578	289	7	0	14659	14947	1	289	0.0	577
AST13123.1	tr|A0A453QJG0|A0A453QJG0_AEGTS	84.858	317	48	0	14831	15147	1	317	0.0	575
AST13123.1	tr|A0A0N7BV26|A0A0N7BV26_AMARE	96.886	289	9	0	14659	14947	1	289	0.0	573
AST13123.1	tr|A0A6U0HB86|A0A6U0HB86_MICPS	65.854	451	135	8	14694	15141	34	468	0.0	572
AST13123.1	tr|B8XU22|B8XU22_GOSHI	74.631	406	99	2	14629	15031	1	405	0.0	571
AST13123.1	tr|A0A250WXJ6|A0A250WXJ6_9CHLO	64.348	460	151	6	14691	15147	22	471	0.0	570
AST13123.1	tr|A0A6V2W337|A0A6V2W337_9CHLO	67.342	444	127	7	14701	15141	46	474	0.0	570
AST13123.1	tr|A0A6U0FVR0|A0A6U0FVR0_MICPS	66.136	440	133	7	14707	15143	88	514	0.0	570
AST13123.1	tr|C1MWX5|C1MWX5_MICPC	65.275	455	138	8	14690	15141	17	454	0.0	570
AST13123.1	tr|A0A6T8UBB9|A0A6T8UBB9_9CHLO	62.346	486	160	8	14672	15147	42	514	0.0	568
AST13123.1	tr|A0A6U0E7Y6|A0A6U0E7Y6_MICPS	66.216	444	134	7	14703	15143	50	480	0.0	568
AST13123.1	tr|A0A6T6U360|A0A6T6U360_9CHLO	64.932	442	139	9	14706	15142	44	474	0.0	567
AST13123.1	tr|A0A6U0EK84|A0A6U0EK84_9CHLO	66.067	445	132	6	14708	15142	51	486	0.0	566
AST13123.1	tr|A0A383V5Z1|A0A383V5Z1_TETOB	66.441	444	136	7	14707	15147	14	447	0.0	565
AST13123.1	tr|A0A0N7KLH2|A0A0N7KLH2_ORYSJ	85.404	322	47	0	14826	15147	1	322	0.0	564
AST13123.1	tr|A0A6U3G6Y3|A0A6U3G6Y3_9CHLO	65.342	453	141	7	14692	15141	30	469	1.06e-180	565
AST13123.1	tr|A0A6S8J6M5|A0A6S8J6M5_DUNTE	63.557	461	155	6	14690	15147	64	514	1.59e-180	566
AST13123.1	tr|A2T9R8|A2T9R8_DUNSA	63.557	461	155	6	14690	15147	64	514	1.59e-180	566
AST13123.1	tr|A0A5B8MP74|A0A5B8MP74_9CHLO	63.457	457	153	8	14693	15145	63	509	2.63e-180	566
AST13123.1	tr|A0A6T8RHE9|A0A6T8RHE9_9CHLO	60.750	507	173	10	14656	15147	7	502	3.03e-180	565
AST13123.1	tr|A0A6T8IVC1|A0A6T8IVC1_9CHLO	66.516	442	142	6	14697	15135	63	501	3.61e-180	566
AST13123.1	tr|A0A0M4PZ48|A0A0M4PZ48_GOSHI	74.194	403	100	2	14629	15028	1	402	1.13e-179	560
AST13123.1	tr|I0YXJ4|I0YXJ4_COCSC	65.090	444	141	5	14707	15148	3	434	2.34e-179	560
AST13123.1	tr|A0A6P6FU04|A0A6P6FU04_ZIZJJ	86.250	320	44	0	14757	15076	1	320	1.22e-178	552
AST13123.1	tr|A0A5J4YFN8|A0A5J4YFN8_9CHLO	62.745	459	155	6	14690	15146	61	505	1.45e-177	558
AST13123.1	tr|A8JH48|A8JH48_CHLRE	63.248	468	149	8	14692	15147	56	512	7.04e-177	556
