ACT52241.1	sp|I3PFJ5|C76AD_BETVU	82.996	494	80	2	128739	129229	1	493	0.0	800
ACT52241.1	tr|A0A1B2ZBX9|A0A1B2ZBX9_VITVI	56.858	452	191	2	137497	137946	48	497	3.77e-172	544
ACT52241.1	tr|A0A7L9VXL2|A0A7L9VXL2_9DIPS	51.911	497	232	4	128739	129230	1	495	4.68e-170	538
ACT52241.1	tr|A0A0B2P471|A0A0B2P471_GLYSO	54.412	476	208	2	129315	129784	29	501	4.42e-168	533
ACT52241.1	tr|A0A1B2ZBX8|A0A1B2ZBX8_VITVI	52.688	465	216	2	128771	129231	34	498	6.34e-168	531
ACT52241.1	tr|A0A2P6PCG6|A0A2P6PCG6_ROSCH	49.897	487	234	4	128755	129231	15	501	5.72e-165	523
ACT52241.1	tr|A0A072VR50|A0A072VR50_MEDTR	52.597	462	215	3	128771	129229	34	494	1.39e-164	522
ACT52241.1	sp|Q8VWZ7|C76B6_CATRO	50.102	489	241	2	128744	129230	4	491	7.53e-164	520
ACT52241.1	tr|A0A2P6R0C5|A0A2P6R0C5_ROSCH	52.137	468	218	3	128770	129231	35	502	6.41e-163	517
ACT52241.1	tr|A0A2P6R0M7|A0A2P6R0M7_ROSCH	51.139	483	226	4	128760	129232	20	502	1.00e-161	514
ACT52241.1	tr|A0A2P6R0U9|A0A2P6R0U9_ROSCH	50.103	485	219	4	128770	129231	34	518	5.17e-161	513
ACT52241.1	tr|A0A2P6R0R3|A0A2P6R0R3_ROSCH	50.959	469	224	3	128770	129232	34	502	5.42e-161	512
ACT52241.1	tr|A0A1B2ZBW9|A0A1B2ZBW9_VITVI	51.907	472	223	2	128765	129232	28	499	1.13e-160	511
ACT52241.1	tr|A0A396JIF1|A0A396JIF1_MEDTR	50.204	490	239	4	128743	129229	7	494	7.40e-160	508
ACT52241.1	tr|G7L8J9|G7L8J9_MEDTR	47.515	503	253	5	128739	129231	4	505	2.85e-158	504
ACT52241.1	tr|A0A2P6PDA4|A0A2P6PDA4_ROSCH	49.501	501	235	8	128749	129234	6	503	8.66e-158	503
ACT52241.1	tr|A0A2G9GCU5|A0A2G9GCU5_9LAMI	52.434	452	212	2	128781	129229	40	491	1.94e-157	501
ACT52241.1	tr|A0A2G9GCU5|A0A2G9GCU5_9LAMI	52.434	452	212	2	128781	129229	40	491	1.94e-157	501
ACT52241.1	tr|A0A072VPG2|A0A072VPG2_MEDTR	52.515	497	226	7	128741	129231	5	497	2.54e-157	501
ACT52241.1	tr|G8E0P7|G8E0P7_CAMAC	51.627	461	218	3	128774	129229	38	498	3.47e-157	501
ACT52241.1	sp|W8JMV1|CYT24_CATRO	50.407	492	235	3	129299	129782	9	499	2.62e-156	498
ACT52241.1	tr|A0A7D3QN22|A0A7D3QN22_HYSOF	48.992	496	241	5	128739	129229	1	489	8.18e-156	496
ACT52241.1	tr|A0A2P6P9L9|A0A2P6P9L9_ROSCH	53.829	444	202	2	137505	137945	53	496	1.94e-155	496
ACT52241.1	sp|D1MI46|C76BA_SWEMU	50.221	452	223	1	128781	129230	42	493	1.02e-154	493
ACT52241.1	tr|A0A2P6R0I6|A0A2P6R0I6_ROSCH	49.095	497	237	8	137460	137945	6	497	1.84e-154	493
ACT52241.1	tr|A0A2P6QX13|A0A2P6QX13_ROSCH	50.495	505	222	8	129845	130337	9	497	7.59e-154	491
ACT52241.1	tr|A0A2P6R0Y9|A0A2P6R0Y9_ROSCH	51.542	454	217	2	137496	137946	45	498	7.80e-154	491
ACT52241.1	tr|A0A7D3QT71|A0A7D3QT71_NEPRA	50.830	482	233	2	129299	129779	11	489	2.01e-153	489
ACT52241.1	tr|B9RBW9|B9RBW9_RICCO	51.648	455	216	2	128781	129231	46	500	2.66e-153	489
ACT52241.1	tr|B9RBW9|B9RBW9_RICCO	51.648	455	216	2	128781	129231	46	500	2.66e-153	489
ACT52241.1	tr|A0A396I806|A0A396I806_MEDTR	50.321	467	228	3	137481	137944	30	495	3.65e-153	489
ACT52241.1	tr|A0A7D3UYJ8|A0A7D3UYJ8_NEPCA	50.415	482	235	2	129299	129779	11	489	4.46e-153	489
ACT52241.1	tr|G7L8J6|G7L8J6_MEDTR	47.117	503	255	4	128739	129231	4	505	9.34e-153	488
ACT52241.1	tr|A0A396HRG1|A0A396HRG1_MEDTR	49.482	483	238	4	129864	130341	25	506	9.88e-153	488
ACT52241.1	tr|A0A396HJD4|A0A396HJD4_MEDTR	47.992	498	246	4	128744	129236	13	502	5.55e-152	488
ACT52241.1	tr|A0A072VHN2|A0A072VHN2_MEDTR	48.172	465	237	3	128771	129232	31	494	6.91e-150	479
ACT52241.1	sp|O64635|C76C4_ARATH	48.195	471	236	3	128771	129233	38	508	7.26e-149	477
ACT52241.1	sp|W0FKI0|DOX1_PERHD	48.678	454	230	2	128780	129230	36	489	1.00e-147	474
ACT52241.1	tr|G7L1D0|G7L1D0_MEDTR	48.200	500	246	6	128739	129227	1	498	3.24e-147	472
ACT52241.1	sp|O64636|C76C1_ARATH	48.093	472	235	5	128771	129233	38	508	6.00e-146	469
ACT52241.1	sp|O64637|C76C2_ARATH	47.732	463	233	3	128780	129233	47	509	4.44e-144	464
ACT52241.1	sp|A0A2K9RG08|CYBK1_VITAC	43.825	502	274	3	129841	130339	2	498	8.66e-144	462
ACT52241.1	tr|A0A2S1RED8|A0A2S1RED8_CHRMO	52.018	446	207	3	129335	129779	48	487	3.05e-143	460
ACT52241.1	tr|A0A2S1RED8|A0A2S1RED8_CHRMO	52.018	446	207	3	129335	129779	48	487	3.05e-143	460
ACT52241.1	tr|A0A6M3TY96|A0A6M3TY96_LITER	45.513	468	250	3	128771	129233	27	494	6.63e-142	457
ACT52241.1	tr|A0A6M3TY96|A0A6M3TY96_LITER	45.513	468	250	3	128771	129233	27	494	6.63e-142	457
ACT52241.1	tr|A0A3Q9R4N5|A0A3Q9R4N5_9BORA	46.368	468	246	3	128771	129233	27	494	8.76e-142	456
ACT52241.1	tr|A0A072VK77|A0A072VK77_MEDTR	47.639	466	240	3	137457	137919	15	479	1.64e-141	456
ACT52241.1	tr|A0A6M3TXH1|A0A6M3TXH1_LITER	46.089	473	252	2	129313	129782	24	496	3.25e-141	455
ACT52241.1	tr|A0A6M3TXH1|A0A6M3TXH1_LITER	46.089	473	252	2	129313	129782	24	496	3.25e-141	455
ACT52241.1	sp|A0A1Z3GBS4|CYPH3_ISORU	44.737	494	263	4	128743	129231	3	491	1.29e-140	453
ACT52241.1	tr|A0A396J999|A0A396J999_MEDTR	46.263	495	247	5	128742	129232	4	483	2.55e-140	452
ACT52241.1	tr|G7L1C7|G7L1C7_MEDTR	48.565	453	226	3	128782	129227	45	497	4.70e-140	452
ACT52241.1	tr|A0A2G9FXM5|A0A2G9FXM5_9LAMI	45.984	498	244	6	128739	129229	1	480	1.19e-139	449
ACT52241.1	tr|A0A2G9FXM5|A0A2G9FXM5_9LAMI	45.984	498	244	6	128739	129229	1	480	1.19e-139	449
ACT52241.1	tr|G7L1C4|G7L1C4_MEDTR	46.906	501	252	6	128739	129227	1	499	9.85e-139	448
ACT52241.1	sp|S4UX02|CYPH1_SALMI	44.153	496	267	4	128739	129229	1	491	1.18e-138	447
ACT52241.1	tr|A0A2G9H5W3|A0A2G9H5W3_9LAMI	46.169	496	256	5	137454	137945	1	489	3.45e-136	440
ACT52241.1	tr|A0A2G9H5W3|A0A2G9H5W3_9LAMI	46.169	496	256	5	137454	137945	1	489	3.45e-136	440
ACT52241.1	tr|F1DH41|F1DH41_9LAMI	48.124	453	231	3	128778	129229	37	486	1.84e-135	438
ACT52241.1	tr|G7L1C3|G7L1C3_MEDTR	46.725	458	239	3	137497	137949	45	502	2.80e-135	438
ACT52241.1	tr|G7L1C9|G7L1C9_MEDTR	48.458	454	225	4	128782	129227	45	497	3.95e-135	437
ACT52241.1	tr|A0A396HJ99|A0A396HJ99_MEDTR	44.048	504	242	7	129841	130341	8	474	4.58e-135	436
ACT52241.1	sp|O64638|C76C3_ARATH	46.104	462	239	5	129886	130339	48	507	6.28e-134	434
ACT52241.1	tr|A0A396JVM0|A0A396JVM0_MEDTR	45.842	493	254	4	128746	129229	6	494	1.74e-133	432
ACT52241.1	tr|A0A396JM90|A0A396JM90_MEDTR	44.309	492	256	5	137457	137945	34	510	1.95e-133	433
ACT52241.1	tr|A0A2P6R0I4|A0A2P6R0I4_ROSCH	47.957	465	205	4	128770	129232	34	463	3.49e-133	430
ACT52241.1	tr|A0A1B2ZC25|A0A1B2ZC25_VITVI	44.467	488	264	3	128746	129229	7	491	4.85e-133	431
ACT52241.1	tr|A0A6M5CTG4|A0A6M5CTG4_9ASPA	48.444	450	226	4	137497	137942	43	490	2.38e-132	429
ACT52241.1	tr|A0A0B2QJS1|A0A0B2QJS1_GLYSO	47.897	428	217	2	128806	129227	1	428	1.18e-131	424
ACT52241.1	tr|A5C7X2|A5C7X2_VITVI	43.852	488	267	3	128746	129229	7	491	7.52e-131	425
ACT52241.1	tr|A0A2G9HLA0|A0A2G9HLA0_9LAMI	44.715	492	263	5	129295	129782	9	495	2.81e-130	423
ACT52241.1	tr|A0A2G9HLA0|A0A2G9HLA0_9LAMI	44.715	492	263	5	129295	129782	9	495	2.81e-130	423
ACT52241.1	sp|O23976|C76B1_HELTU	47.505	461	238	2	128771	129229	28	486	8.26e-129	419
ACT52241.1	tr|A0A0B2QL49|A0A0B2QL49_GLYSO	46.698	424	222	2	128806	129225	1	424	1.01e-128	416
ACT52241.1	tr|A0A396JZC6|A0A396JZC6_MEDTR	41.372	481	274	4	128739	129215	1	477	2.20e-126	412
ACT52241.1	tr|A0A072VPS7|A0A072VPS7_MEDTR	42.443	483	261	6	128739	129212	1	475	1.59e-125	409
ACT52241.1	tr|A0A396JUW2|A0A396JUW2_MEDTR	41.141	491	280	6	137454	137939	1	487	1.71e-125	409
ACT52241.1	tr|A0A396JSP8|A0A396JSP8_MEDTR	40.937	491	279	6	137454	137937	1	487	2.73e-124	405
ACT52241.1	sp|A0A0Y0GRS3|C76H3_SALMI	43.041	467	261	2	128771	129232	28	494	1.67e-121	398
ACT52241.1	tr|A0A6M3T0H4|A0A6M3T0H4_9LAMI	54.790	334	148	2	128890	129221	1	333	8.74e-121	389
ACT52241.1	tr|B9SRM5|B9SRM5_RICCO	40.476	504	287	5	128739	129229	1	504	1.07e-120	396
ACT52241.1	tr|B9SRM5|B9SRM5_RICCO	40.476	504	287	5	128739	129229	1	504	1.07e-120	396
ACT52241.1	sp|A0A125QZE2|C76K1_SALMI	41.685	463	264	3	129326	129782	41	503	1.52e-119	392
ACT52241.1	tr|B9RHX8|B9RHX8_RICCO	42.796	465	255	6	128771	129231	37	494	3.18e-119	391
ACT52241.1	tr|B9RHX8|B9RHX8_RICCO	42.796	465	255	6	128771	129231	37	494	3.18e-119	391
ACT52241.1	tr|A0A0B4VFR8|A0A0B4VFR8_PODPE	41.228	456	258	4	128782	129228	49	503	7.73e-115	379
ACT52241.1	tr|A0A0B4VFR8|A0A0B4VFR8_PODPE	41.228	456	258	4	128782	129228	49	503	7.73e-115	379
ACT52241.1	sp|P37122|C76A2_SOLME	38.557	485	286	4	128760	129232	21	505	2.17e-114	378
ACT52241.1	sp|Q6YTF5|C76M5_ORYSJ	40.397	453	261	5	128781	129229	50	497	8.63e-114	376
ACT52241.1	tr|B9R9F5|B9R9F5_RICCO	41.099	455	255	7	128780	129229	45	491	1.17e-112	372
ACT52241.1	tr|B9R9F5|B9R9F5_RICCO	41.099	455	255	7	128780	129229	45	491	1.17e-112	372
ACT52241.1	tr|B9SRM8|B9SRM8_RICCO	38.266	473	279	3	128772	129231	34	506	6.28e-112	371
ACT52241.1	tr|B9SRM8|B9SRM8_RICCO	38.266	473	279	3	128772	129231	34	506	6.28e-112	371
ACT52241.1	tr|B9SRM4|B9SRM4_RICCO	40.438	502	279	6	129299	129780	8	509	1.90e-111	370
ACT52241.1	tr|B9SRM4|B9SRM4_RICCO	40.438	502	279	6	129299	129780	8	509	1.90e-111	370
ACT52241.1	tr|B9SRN0|B9SRN0_RICCO	39.323	473	274	3	128772	129231	48	520	3.04e-110	367
ACT52241.1	tr|B9SRN0|B9SRN0_RICCO	39.323	473	274	3	128772	129231	48	520	3.04e-110	367
ACT52241.1	tr|B9SRN5|B9SRN5_RICCO	40.169	473	270	4	128772	129231	38	510	1.19e-109	364
ACT52241.1	tr|B9SRN5|B9SRN5_RICCO	40.169	473	270	4	128772	129231	38	510	1.19e-109	364
ACT52241.1	tr|D5M8Q3|D5M8Q3_9MAGN	40.678	472	266	6	129319	129779	32	500	2.04e-109	363
ACT52241.1	tr|D5M8Q3|D5M8Q3_9MAGN	40.678	472	266	6	129319	129779	32	500	2.04e-109	363
ACT52241.1	tr|F2VR48|F2VR48_PRUAV	39.034	497	286	8	129854	130337	4	496	6.15e-109	362
ACT52241.1	tr|F2VR48|F2VR48_PRUAV	39.034	497	286	8	129854	130337	4	496	6.15e-109	362
ACT52241.1	tr|A0A396JTM0|A0A396JTM0_MEDTR	51.212	330	157	3	128905	129231	9	337	6.94e-109	355
ACT52241.1	tr|B9SRM6|B9SRM6_RICCO	39.019	469	282	2	129317	129781	32	500	1.96e-108	360
ACT52241.1	tr|B9SRM6|B9SRM6_RICCO	39.019	469	282	2	129317	129781	32	500	1.96e-108	360
ACT52241.1	sp|W8JIS5|IO_CATRO	37.870	507	299	5	128738	129231	8	511	2.13e-108	361
ACT52241.1	sp|Q7G602|C75B3_ORYSJ	39.344	488	270	7	129312	129779	34	515	1.02e-107	359
ACT52241.1	sp|Q9SD85|F3PH_ARATH	38.105	496	290	8	129295	129779	10	499	1.08e-107	358
ACT52241.1	sp|Q9SP06|C80B3_PAPSO	40.088	454	262	5	128779	129229	31	477	2.21e-107	357
ACT52241.1	tr|G7IWE8|G7IWE8_MEDTR	41.037	463	262	4	129328	129779	41	503	2.61e-107	358
ACT52241.1	sp|Q6Z5I7|C76M6_ORYSJ	38.696	460	269	5	128781	129229	49	506	3.35e-106	354
ACT52241.1	tr|B9RC29|B9RC29_RICCO	39.186	467	273	6	137486	137948	34	493	8.21e-106	353
ACT52241.1	tr|B9RC29|B9RC29_RICCO	39.186	467	273	6	137486	137948	34	493	8.21e-106	353
ACT52241.1	tr|A0A2G9IBC6|A0A2G9IBC6_9LAMI	36.436	505	305	8	129845	130341	7	503	2.27e-105	352
ACT52241.1	tr|A0A2G9IBC6|A0A2G9IBC6_9LAMI	36.436	505	305	8	129845	130341	7	503	2.27e-105	352
ACT52241.1	tr|B9SRN4|B9SRN4_RICCO	39.958	473	271	4	128772	129231	38	510	2.39e-105	352
ACT52241.1	tr|B9SRN4|B9SRN4_RICCO	39.958	473	271	4	128772	129231	38	510	2.39e-105	352
ACT52241.1	sp|A0A4D6Q414|CYP2_CROXC	38.224	518	287	10	128747	129237	12	523	6.03e-105	351
ACT52241.1	sp|Q69X58|C76M7_ORYSJ	38.901	455	270	6	128781	129229	44	496	1.43e-104	349
ACT52241.1	tr|A0A2G9IBB5|A0A2G9IBB5_9LAMI	36.759	506	305	6	128742	129235	3	505	2.30e-104	349
ACT52241.1	tr|A0A2G9IBB5|A0A2G9IBB5_9LAMI	36.759	506	305	6	128742	129235	3	505	2.30e-104	349
ACT52241.1	tr|A0A072UVP1|A0A072UVP1_MEDTR	39.957	463	267	3	129328	129779	41	503	5.56e-104	348
ACT52241.1	sp|O64899|C80B1_ESCCA	41.401	471	259	7	128764	129229	25	483	6.20e-104	347
ACT52241.1	sp|O64900|C80B2_ESCCA	40.562	498	275	9	128739	129229	1	484	9.12e-104	346
ACT52241.1	tr|G7IWE5|G7IWE5_MEDTR	39.957	463	267	3	129328	129779	41	503	1.26e-103	347
ACT52241.1	tr|I1WYE8|I1WYE8_PAELC	39.175	485	282	5	129306	129779	16	498	1.26e-103	347
ACT52241.1	tr|I1WYE8|I1WYE8_PAELC	39.175	485	282	5	129306	129779	16	498	1.26e-103	347
ACT52241.1	tr|A0A0N6VV42|A0A0N6VV42_LYCRU	40.171	468	261	8	129328	129780	42	505	1.44e-103	347
ACT52241.1	tr|A0A0N6VV42|A0A0N6VV42_LYCRU	40.171	468	261	8	129328	129780	42	505	1.44e-103	347
ACT52241.1	tr|A0A072V1L1|A0A072V1L1_MEDTR	39.019	469	261	7	129328	129779	40	500	1.61e-103	347
ACT52241.1	tr|A0A1U9X5Y8|A0A1U9X5Y8_THAGA	37.747	506	297	7	129840	130337	5	500	1.72e-103	346
ACT52241.1	tr|A0A1U9X5Y8|A0A1U9X5Y8_THAGA	37.747	506	297	7	129840	130337	5	500	1.72e-103	346
ACT52241.1	tr|A0A5B7BIH9|A0A5B7BIH9_DAVIN	39.780	455	264	6	129886	130337	59	506	3.55e-103	346
ACT52241.1	sp|Q6YTF1|C76M8_ORYSJ	38.731	457	273	5	137496	137947	44	498	3.56e-103	345
ACT52241.1	tr|A0A0N6XG41|A0A0N6XG41_LYCBA	40.171	468	261	7	129328	129780	42	505	6.28e-103	345
ACT52241.1	tr|A0A0N6XG41|A0A0N6XG41_LYCBA	40.171	468	261	7	129328	129780	42	505	6.28e-103	345
ACT52241.1	tr|A0A151TRR2|A0A151TRR2_CAJCA	39.140	465	264	5	128780	129229	30	490	7.21e-103	344
ACT52241.1	tr|A0A151TRR2|A0A151TRR2_CAJCA	39.140	465	264	5	128780	129229	30	490	7.21e-103	344
ACT52241.1	tr|A0A1P7XNA0|A0A1P7XNA0_LYCRD	40.130	461	259	5	129328	129779	44	496	7.72e-103	345
ACT52241.1	tr|A0A2G9GCD1|A0A2G9GCD1_9LAMI	38.400	500	287	10	129852	130336	5	498	8.71e-103	344
ACT52241.1	tr|A0A2G9GCD1|A0A2G9GCD1_9LAMI	38.400	500	287	10	129852	130336	5	498	8.71e-103	344
ACT52241.1	tr|R9WS52|R9WS52_9ROSI	40.211	475	268	8	129318	129779	27	498	9.03e-103	344
ACT52241.1	tr|R9WS52|R9WS52_9ROSI	40.211	475	268	8	129318	129779	27	498	9.03e-103	344
ACT52241.1	tr|F4YYF2|F4YYF2_CYNCS	39.241	474	277	5	129317	129780	29	501	1.40e-102	344
ACT52241.1	tr|F4YYF2|F4YYF2_CYNCS	39.241	474	277	5	129317	129780	29	501	1.40e-102	344
ACT52241.1	tr|A0A0A0RI01|A0A0A0RI01_PAELC	37.425	497	300	5	129850	130339	8	500	1.51e-102	343
ACT52241.1	tr|A0A0A0RI01|A0A0A0RI01_PAELC	37.425	497	300	5	129850	130339	8	500	1.51e-102	343
ACT52241.1	sp|Q9FXW4|C80B2_COPJA	42.609	460	254	5	128771	129228	29	480	5.39e-102	341
ACT52241.1	tr|A0A0B4VG24|A0A0B4VG24_SINHE	37.967	482	286	5	137470	137948	11	482	6.97e-102	341
ACT52241.1	tr|A0A2I0A2H7|A0A2I0A2H7_9ASPA	37.160	514	291	9	128744	129229	1	510	1.00e-101	342
ACT52241.1	tr|A0A2I0A2H7|A0A2I0A2H7_9ASPA	37.160	514	291	9	128744	129229	1	510	1.00e-101	342
ACT52241.1	tr|A0A060L8Y9|A0A060L8Y9_ANTAD	39.362	470	269	7	129319	129779	35	497	1.01e-101	341
ACT52241.1	tr|A0A060L8Y9|A0A060L8Y9_ANTAD	39.362	470	269	7	129319	129779	35	497	1.01e-101	341
ACT52241.1	tr|D2XSZ0|D2XSZ0_CHRMO	38.911	496	278	8	129299	129779	11	496	1.01e-101	341
ACT52241.1	tr|D2XSZ0|D2XSZ0_CHRMO	38.911	496	278	8	129299	129779	11	496	1.01e-101	341
ACT52241.1	tr|A0A2I0B5P5|A0A2I0B5P5_9ASPA	38.477	486	277	8	128763	129229	26	508	1.13e-101	342
ACT52241.1	tr|A0A2I0B5P5|A0A2I0B5P5_9ASPA	38.477	486	277	8	128763	129229	26	508	1.13e-101	342
ACT52241.1	tr|A0A0B2SGD9|A0A0B2SGD9_GLYSO	38.155	477	275	6	128765	129229	13	481	1.82e-101	340
ACT52241.1	tr|D2XSY8|D2XSY8_CHRMO	38.788	495	280	7	129299	129779	11	496	2.33e-101	340
ACT52241.1	tr|D2XSY8|D2XSY8_CHRMO	38.788	495	280	7	129299	129779	11	496	2.33e-101	340
ACT52241.1	tr|A0A2P6R0K1|A0A2P6R0K1_ROSCH	50.993	302	142	3	128930	129225	71	372	3.16e-101	335
ACT52241.1	sp|H2DH18|C7A12_PANGI	37.021	470	279	5	128771	129229	33	496	4.66e-101	339
ACT52241.1	tr|A0A2G9GCT6|A0A2G9GCT6_9LAMI	40.671	477	256	8	128771	129229	33	500	5.09e-101	339
ACT52241.1	tr|A0A2G9GCT6|A0A2G9GCT6_9LAMI	40.671	477	256	8	128771	129229	33	500	5.09e-101	339
ACT52241.1	tr|D2XSZ1|D2XSZ1_CHRMO	38.710	496	279	8	129299	129779	11	496	8.02e-101	338
ACT52241.1	tr|D2XSZ1|D2XSZ1_CHRMO	38.710	496	279	8	129299	129779	11	496	8.02e-101	338
ACT52241.1	tr|D2XSZ2|D2XSZ2_CHRMO	38.710	496	279	8	129299	129779	11	496	1.03e-100	338
ACT52241.1	tr|D2XSZ2|D2XSZ2_CHRMO	38.710	496	279	8	129299	129779	11	496	1.03e-100	338
ACT52241.1	tr|B9RBQ8|B9RBQ8_RICCO	38.562	459	271	4	129328	129780	55	508	1.36e-100	338
ACT52241.1	tr|B9RBQ8|B9RBQ8_RICCO	38.562	459	271	4	129328	129780	55	508	1.36e-100	338
ACT52241.1	tr|B9T1C6|B9T1C6_RICCO	36.145	498	306	7	128738	129230	10	500	1.91e-100	337
ACT52241.1	tr|B9T1C6|B9T1C6_RICCO	36.145	498	306	7	128738	129230	10	500	1.91e-100	337
ACT52241.1	tr|Q2XP00|Q2XP00_ANTMA	40.733	464	257	7	129328	129779	52	509	2.26e-100	338
ACT52241.1	tr|Q2XP00|Q2XP00_ANTMA	40.733	464	257	7	129328	129779	52	509	2.26e-100	338
ACT52241.1	tr|A0A0B2QW52|A0A0B2QW52_GLYSO	36.310	504	301	10	129843	130337	7	499	3.61e-100	337
ACT52241.1	tr|A0A2P6S6G7|A0A2P6S6G7_ROSCH	36.383	481	290	7	129867	130336	32	507	4.13e-100	337
ACT52241.1	tr|A0A1U9X5Z7|A0A1U9X5Z7_THAGA	39.960	498	287	4	129294	129781	9	504	4.55e-100	337
ACT52241.1	tr|A0A1U9X5Z7|A0A1U9X5Z7_THAGA	39.960	498	287	4	129294	129781	9	504	4.55e-100	337
ACT52241.1	tr|D2XSY7|D2XSY7_CHRMO	38.508	496	280	8	129299	129779	11	496	5.20e-100	336
ACT52241.1	tr|D2XSY7|D2XSY7_CHRMO	38.508	496	280	8	129299	129779	11	496	5.20e-100	336
ACT52241.1	tr|A0A2S1Q4X0|A0A2S1Q4X0_CHRMO	38.105	496	282	8	129299	129779	11	496	1.02e-99	335
ACT52241.1	tr|A0A2S1Q4X0|A0A2S1Q4X0_CHRMO	38.105	496	282	8	129299	129779	11	496	1.02e-99	335
ACT52241.1	tr|G7J474|G7J474_MEDTR	37.243	486	294	7	129858	130336	18	499	1.18e-99	335
ACT52241.1	tr|A0A2P6S6H6|A0A2P6S6H6_ROSCH	36.273	499	301	7	129301	129788	17	509	1.53e-99	335
ACT52241.1	sp|A8CDR5|C80G2_COPJA	37.113	485	281	10	129861	130337	14	482	1.61e-99	334
ACT52241.1	sp|I3V6B1|C80BX_PAPSO	39.498	438	252	6	128747	129178	3	433	2.44e-99	332
ACT52241.1	sp|A0A4D6Q415|CYP1_CROXC	38.252	515	285	8	137462	137951	1	507	3.28e-99	334
ACT52241.1	tr|A0A0B2QDG0|A0A0B2QDG0_GLYSO	38.445	463	272	4	129328	129779	40	500	3.33e-99	334
ACT52241.1	tr|A0A0B2QDG0|A0A0B2QDG0_GLYSO	38.445	463	272	4	129328	129779	40	500	3.33e-99	334
ACT52241.1	tr|A0A072UUU7|A0A072UUU7_MEDTR	37.021	470	280	6	128765	129225	30	492	3.84e-99	334
ACT52241.1	tr|A0A2P6RYS2|A0A2P6RYS2_ROSCH	37.580	471	283	6	129873	130336	95	561	3.96e-99	336
ACT52241.1	tr|D2XSY9|D2XSY9_CHRMO	38.508	496	280	8	129299	129779	11	496	5.60e-99	333
ACT52241.1	tr|D2XSY9|D2XSY9_CHRMO	38.508	496	280	8	129299	129779	11	496	5.60e-99	333
ACT52241.1	tr|A0A2Z4N993|A0A2Z4N993_SALMI	38.000	500	287	7	129294	129779	10	500	7.09e-99	333
ACT52241.1	tr|A0A2G9IBB7|A0A2G9IBB7_9LAMI	36.122	490	297	8	129861	130341	21	503	7.71e-99	333
ACT52241.1	tr|A0A2G9IBB7|A0A2G9IBB7_9LAMI	36.122	490	297	8	129861	130341	21	503	7.71e-99	333
ACT52241.1	tr|A0A0A1E1Y4|A0A0A1E1Y4_9SOLA	40.000	470	257	8	129328	129779	42	504	9.25e-99	333
ACT52241.1	tr|A0A0A1E1Y4|A0A0A1E1Y4_9SOLA	40.000	470	257	8	129328	129779	42	504	9.25e-99	333
ACT52241.1	tr|A0A0A1E1K2|A0A0A1E1K2_9SOLA	40.000	470	257	8	129328	129779	42	504	9.89e-99	333
ACT52241.1	tr|A0A0A1E1K2|A0A0A1E1K2_9SOLA	40.000	470	257	8	129328	129779	42	504	9.89e-99	333
ACT52241.1	sp|A0A0N9HT29|C71BE_SINHE	35.524	487	295	7	129864	130340	20	497	1.28e-98	332
ACT52241.1	tr|G8A360|G8A360_MEDTR	36.970	495	301	5	128744	129230	14	505	1.33e-98	332
ACT52241.1	tr|Q5C9L5|Q5C9L5_THLFG	41.957	460	256	5	128771	129228	30	480	2.04e-98	331
ACT52241.1	tr|Q5C9L5|Q5C9L5_THLFG	41.957	460	256	5	128771	129228	30	480	2.04e-98	331
ACT52241.1	tr|A0A2G9H8E5|A0A2G9H8E5_9LAMI	36.714	493	295	7	128750	129230	4	491	2.25e-98	331
ACT52241.1	tr|A0A2G9H8E5|A0A2G9H8E5_9LAMI	36.714	493	295	7	128750	129230	4	491	2.25e-98	331
ACT52241.1	tr|A0A0A1DZD6|A0A0A1DZD6_9SOLA	40.085	469	257	8	129328	129779	42	503	2.89e-98	332
ACT52241.1	tr|A0A0A1DZD6|A0A0A1DZD6_9SOLA	40.085	469	257	8	129328	129779	42	503	2.89e-98	332
ACT52241.1	sp|P58050|C71BD_ARATH	36.290	496	296	9	128748	129229	1	490	2.94e-98	331
ACT52241.1	tr|J7FTV2|J7FTV2_COFAR	36.875	480	290	5	128761	129230	17	493	3.89e-98	331
ACT52241.1	tr|J7FTV2|J7FTV2_COFAR	36.875	480	290	5	128761	129230	17	493	3.89e-98	331
ACT52241.1	tr|B9SRN1|B9SRN1_RICCO	38.075	478	278	6	128743	129207	17	489	3.97e-98	331
ACT52241.1	tr|B9SRN1|B9SRN1_RICCO	38.075	478	278	6	128743	129207	17	489	3.97e-98	331
ACT52241.1	tr|I0IV87|I0IV87_GLYSO	34.969	489	307	4	128744	129225	10	494	4.24e-98	331
ACT52241.1	tr|I0IV87|I0IV87_GLYSO	34.969	489	307	4	128744	129225	10	494	4.24e-98	331
ACT52241.1	tr|A0A2G9GCC6|A0A2G9GCC6_9LAMI	36.798	481	293	6	129864	130336	21	498	4.68e-98	331
ACT52241.1	tr|A0A2G9GCC6|A0A2G9GCC6_9LAMI	36.798	481	293	6	129864	130336	21	498	4.68e-98	331
ACT52241.1	tr|A0A2Z4HPV9|A0A2Z4HPV9_PYRPY	39.093	463	267	5	129328	129779	39	497	7.71e-98	330
ACT52241.1	sp|P58051|C71BE_ARATH	37.526	485	282	10	128757	129229	15	490	1.03e-97	329
ACT52241.1	tr|A0A151TAP4|A0A151TAP4_CAJCA	37.238	478	287	5	128763	129230	20	494	1.82e-97	329
ACT52241.1	tr|A0A151TAP4|A0A151TAP4_CAJCA	37.238	478	287	5	128763	129230	20	494	1.82e-97	329
ACT52241.1	tr|A0A2Z4HPX2|A0A2Z4HPX2_PYRPY	39.224	464	265	6	129328	129779	39	497	2.35e-97	329
ACT52241.1	sp|Q42798|C93A1_SOYBN	36.874	499	295	7	128747	129229	5	499	2.75e-97	328
ACT52241.1	tr|A0A2N9QL60|A0A2N9QL60_9MAGN	36.017	472	284	6	129876	130336	33	497	3.96e-97	328
ACT52241.1	tr|A0A2N9QL60|A0A2N9QL60_9MAGN	36.017	472	284	6	129876	130336	33	497	3.96e-97	328
ACT52241.1	tr|A0A1B2ZBY5|A0A1B2ZBY5_VITVI	37.694	451	274	4	128781	129225	37	486	5.26e-97	327
ACT52241.1	tr|G7J477|G7J477_MEDTR	35.743	498	301	10	129843	130333	24	509	5.90e-97	328
ACT52241.1	tr|A0A2P6RDQ1|A0A2P6RDQ1_ROSCH	35.671	499	304	7	128746	129230	9	504	6.36e-97	328
ACT52241.1	tr|A0A0B2PSW0|A0A0B2PSW0_GLYSO	35.211	497	309	5	128744	129230	1	494	6.96e-97	327
ACT52241.1	tr|A0A0B2PSW0|A0A0B2PSW0_GLYSO	35.211	497	309	5	128744	129230	1	494	6.96e-97	327
ACT52241.1	tr|A0A2G9I2Z1|A0A2G9I2Z1_9LAMI	37.093	461	277	6	129326	129778	45	500	1.02e-96	327
ACT52241.1	tr|A0A2G9I2Z1|A0A2G9I2Z1_9LAMI	37.093	461	277	6	129326	129778	45	500	1.02e-96	327
ACT52241.1	tr|A0A0B2RZM4|A0A0B2RZM4_GLYSO	36.008	486	289	9	129867	130338	24	501	1.28e-96	327
ACT52241.1	tr|A0A2P6PC56|A0A2P6PC56_ROSCH	47.273	330	170	2	128782	129107	19	348	1.45e-96	320
ACT52241.1	tr|T1NXM4|T1NXM4_FRAAN	39.056	466	263	7	129328	129779	40	498	1.64e-96	326
ACT52241.1	tr|T1NXM4|T1NXM4_FRAAN	39.056	466	263	7	129328	129779	40	498	1.64e-96	326
ACT52241.1	tr|T1NXM3|T1NXM3_FRAAN	39.056	466	263	7	129328	129779	40	498	2.00e-96	326
ACT52241.1	tr|T1NXM3|T1NXM3_FRAAN	39.056	466	263	7	129328	129779	40	498	2.00e-96	326
ACT52241.1	tr|A0A151TY44|A0A151TY44_CAJCA	35.914	465	290	5	128771	129230	26	487	2.26e-96	325
ACT52241.1	sp|D5JBW9|GAO_SAUCO	35.976	492	300	7	129849	130338	9	487	2.28e-96	325
ACT52241.1	sp|Q9SBQ9|F3PH_PETHY	38.578	464	269	5	129328	129779	42	501	2.48e-96	326
ACT52241.1	sp|Q8LM92|C75B4_ORYSJ	37.657	478	268	10	128779	129229	49	523	2.79e-96	327
ACT52241.1	tr|T1NXM1|T1NXM1_FRAVE	38.445	463	270	6	129328	129779	40	498	2.83e-96	326
ACT52241.1	tr|T1NXM1|T1NXM1_FRAVE	38.445	463	270	6	129328	129779	40	498	2.83e-96	326
ACT52241.1	sp|P58049|C71BB_ARATH	35.743	498	296	8	128748	129229	1	490	2.85e-96	325
ACT52241.1	tr|T1NXM2|T1NXM2_9ROSA	38.877	463	268	6	129328	129779	40	498	3.18e-96	325
ACT52241.1	tr|T1NXM2|T1NXM2_9ROSA	38.877	463	268	6	129328	129779	40	498	3.18e-96	325
ACT52241.1	tr|A0A2G9HN69|A0A2G9HN69_9LAMI	37.074	499	299	6	128742	129228	3	498	3.26e-96	325
ACT52241.1	tr|A0A2G9HN69|A0A2G9HN69_9LAMI	37.074	499	299	6	128742	129228	3	498	3.26e-96	325
ACT52241.1	tr|B9R857|B9R857_RICCO	37.527	461	281	4	128771	129225	30	489	3.49e-96	325
ACT52241.1	tr|B9R857|B9R857_RICCO	37.527	461	281	4	128771	129225	30	489	3.49e-96	325
ACT52241.1	tr|T1NXM6|T1NXM6_FRAVR	38.841	466	264	7	129328	129779	40	498	3.67e-96	325
ACT52241.1	tr|T1NXM6|T1NXM6_FRAVR	38.841	466	264	7	129328	129779	40	498	3.67e-96	325
ACT52241.1	tr|A0A0B2PHC1|A0A0B2PHC1_GLYSO	36.008	511	308	8	129840	130343	6	504	4.09e-96	325
ACT52241.1	tr|A0A3G1WR69|A0A3G1WR69_9LAMI	36.345	498	307	4	137459	137948	1	496	4.22e-96	325
ACT52241.1	tr|A0A3G1WR69|A0A3G1WR69_9LAMI	36.345	498	307	4	137459	137948	1	496	4.22e-96	325
ACT52241.1	tr|A0A2P6P319|A0A2P6P319_ROSCH	39.485	466	262	7	129328	129779	40	499	4.71e-96	325
ACT52241.1	tr|A0A2G9HYB0|A0A2G9HYB0_9LAMI	36.659	461	279	6	129326	129778	45	500	5.26e-96	325
ACT52241.1	tr|A0A2G9HYB0|A0A2G9HYB0_9LAMI	36.659	461	279	6	129326	129778	45	500	5.26e-96	325
ACT52241.1	tr|A0A2P6P5G9|A0A2P6P5G9_ROSCH	38.017	484	284	9	129861	130338	33	506	6.32e-96	325
ACT52241.1	tr|A0A218WL77|A0A218WL77_PUNGR	36.403	467	283	5	128771	129228	35	496	7.21e-96	324
ACT52241.1	tr|J7FYJ5|J7FYJ5_COFAR	35.976	492	305	6	128746	129228	1	491	7.21e-96	324
ACT52241.1	tr|A0A218WL77|A0A218WL77_PUNGR	36.403	467	283	5	128771	129228	35	496	7.21e-96	324
ACT52241.1	tr|J7FYJ5|J7FYJ5_COFAR	35.976	492	305	6	128746	129228	1	491	7.21e-96	324
ACT52241.1	tr|T1NXM5|T1NXM5_FRAVE	38.841	466	264	7	129328	129779	40	498	8.94e-96	324
ACT52241.1	tr|T1NXM5|T1NXM5_FRAVE	38.841	466	264	7	129328	129779	40	498	8.94e-96	324
ACT52241.1	tr|A0A396H909|A0A396H909_MEDTR	35.815	497	306	5	128744	129230	1	494	1.25e-95	324
ACT52241.1	tr|B9RLP6|B9RLP6_RICCO	38.000	450	263	6	129343	129779	1	447	1.76e-95	322
ACT52241.1	tr|B9RLP6|B9RLP6_RICCO	38.000	450	263	6	129343	129779	1	447	1.76e-95	322
ACT52241.1	tr|A0A678SN46|A0A678SN46_EUPPU	34.898	490	309	4	128743	129225	15	501	2.09e-95	323
ACT52241.1	tr|A0A2G9H6R5|A0A2G9H6R5_9LAMI	36.255	502	301	7	137465	137952	13	509	3.05e-95	323
ACT52241.1	tr|A0A2G9H6R5|A0A2G9H6R5_9LAMI	36.255	502	301	7	137465	137952	13	509	3.05e-95	323
ACT52241.1	tr|B9SJN4|B9SJN4_RICCO	37.179	468	281	6	128771	129228	30	494	3.48e-95	322
ACT52241.1	tr|B9SJN4|B9SJN4_RICCO	37.179	468	281	6	128771	129228	30	494	3.48e-95	322
ACT52241.1	tr|A0A346TLE7|A0A346TLE7_NARPA	35.614	497	308	6	128739	129228	1	492	7.33e-95	322
ACT52241.1	tr|A0A346TLE7|A0A346TLE7_NARPA	35.614	497	308	6	128739	129228	1	492	7.33e-95	322
ACT52241.1	sp|O81974|C71D8_SOYBN	35.141	498	300	10	129854	130337	10	498	7.57e-95	321
ACT52241.1	sp|A0A068Q721|C7113_PRUMU	37.603	484	285	5	129296	129771	27	501	7.88e-95	322
ACT52241.1	sp|P24465|C71A1_PERAE	34.921	504	314	7	129845	130339	1	499	8.63e-95	321
ACT52241.1	tr|A0A0B2PHR0|A0A0B2PHR0_GLYSO	35.211	497	309	5	128744	129230	1	494	1.17e-94	321
ACT52241.1	tr|A0A0B2PHR0|A0A0B2PHR0_GLYSO	35.211	497	309	5	128744	129230	1	494	1.17e-94	321
ACT52241.1	tr|A0A3Q8QEF7|A0A3Q8QEF7_CICIN	32.797	497	315	8	129846	130337	4	486	1.19e-94	320
ACT52241.1	sp|O48922|C98A2_SOYBN	35.211	497	309	5	128744	129230	1	494	1.28e-94	321
ACT52241.1	tr|A0A0B2PHA2|A0A0B2PHA2_GLYSO	35.108	507	302	10	129844	130337	5	497	1.37e-94	320
ACT52241.1	tr|A0A3Q8QEL6|A0A3Q8QEL6_CICEN	32.998	497	314	8	129846	130337	4	486	1.49e-94	320
ACT52241.1	tr|G7IUY6|G7IUY6_MEDTR	34.845	485	291	7	129866	130337	28	500	1.69e-94	320
ACT52241.1	sp|D5J9U8|GAO_LACSA	34.608	497	310	8	129844	130338	4	487	1.79e-94	320
ACT52241.1	tr|D0EUZ8|D0EUZ8_9ERIC	34.845	485	305	4	128750	129228	17	496	2.22e-94	320
ACT52241.1	tr|D0EUZ8|D0EUZ8_9ERIC	34.845	485	305	4	128750	129228	17	496	2.22e-94	320
ACT52241.1	sp|A6YIH8|C7D55_HYOMU	33.612	479	301	6	129867	130336	23	493	2.36e-94	320
ACT52241.1	tr|A0A6B9FBP9|A0A6B9FBP9_9ROSI	36.747	498	287	7	128748	129226	10	498	2.57e-94	320
ACT52241.1	tr|A0A6B9FBP9|A0A6B9FBP9_9ROSI	36.747	498	287	7	128748	129226	10	498	2.57e-94	320
ACT52241.1	sp|G3GBK0|C7BL3_CICIN	32.797	497	315	8	129846	130337	4	486	2.67e-94	319
ACT52241.1	tr|B9SB66|B9SB66_RICCO	36.170	470	287	6	128772	129230	34	501	2.88e-94	320
ACT52241.1	tr|B9SB66|B9SB66_RICCO	36.170	470	287	6	128772	129230	34	501	2.88e-94	320
ACT52241.1	tr|A0A678RV51|A0A678RV51_EUPPU	34.490	490	311	4	128743	129225	15	501	2.99e-94	320
ACT52241.1	tr|A0A2Z4N9A4|A0A2Z4N9A4_SALMI	36.052	466	290	3	129318	129777	39	502	3.11e-94	320
ACT52241.1	tr|A0A2I0AUK1|A0A2I0AUK1_9ASPA	37.827	497	283	10	128765	129236	25	520	3.24e-94	320
ACT52241.1	tr|A0A2I0AUK1|A0A2I0AUK1_9ASPA	37.827	497	283	10	128765	129236	25	520	3.24e-94	320
ACT52241.1	tr|A0A2Z4N9A5|A0A2Z4N9A5_SALMI	39.056	466	269	7	129328	129779	37	501	3.44e-94	320
ACT52241.1	sp|Q9ZU07|C71BC_ARATH	36.727	501	287	10	128748	129229	1	490	4.45e-94	319
ACT52241.1	tr|A0A151SPD8|A0A151SPD8_CAJCA	40.043	462	247	11	128787	129229	1	451	4.53e-94	317
ACT52241.1	tr|A0A151SPD8|A0A151SPD8_CAJCA	40.043	462	247	11	128787	129229	1	451	4.53e-94	317
ACT52241.1	tr|B9SB69|B9SB69_RICCO	36.170	470	287	6	128772	129230	34	501	5.07e-94	319
ACT52241.1	tr|B9SB69|B9SB69_RICCO	36.170	470	287	6	128772	129230	34	501	5.07e-94	319
ACT52241.1	tr|A0A2P6P3J6|A0A2P6P3J6_ROSCH	35.645	519	301	11	137450	137948	40	545	5.21e-94	320
ACT52241.1	tr|A0A2G9HZZ9|A0A2G9HZZ9_9LAMI	35.857	502	312	7	129845	130341	7	503	5.23e-94	319
ACT52241.1	tr|A0A2G9HZZ9|A0A2G9HZZ9_9LAMI	35.857	502	312	7	129845	130341	7	503	5.23e-94	319
ACT52241.1	tr|A0A151SPJ6|A0A151SPJ6_CAJCA	39.056	466	256	10	128780	129225	39	496	5.32e-94	319
ACT52241.1	tr|A0A151SPJ6|A0A151SPJ6_CAJCA	39.056	466	256	10	128780	129225	39	496	5.32e-94	319
ACT52241.1	tr|A0A2P6QD81|A0A2P6QD81_ROSCH	32.939	507	317	8	129844	130338	7	502	6.20e-94	319
ACT52241.1	tr|G7KAS8|G7KAS8_MEDTR	35.073	479	287	8	129875	130337	33	503	6.43e-94	318
ACT52241.1	tr|Q2MJ15|Q2MJ15_MEDTR	36.538	468	284	5	128771	129228	36	500	7.18e-94	319
ACT52241.1	sp|X2JI34|GAO_TANPA	34.205	497	312	7	129844	130338	4	487	7.67e-94	318
ACT52241.1	tr|G7KAT1|G7KAT1_MEDTR	34.247	511	311	9	129840	130337	2	500	8.08e-94	318
ACT52241.1	tr|A0A0B2PM72|A0A0B2PM72_GLYSO	35.503	507	300	11	129844	130337	5	497	8.43e-94	318
ACT52241.1	tr|A0A251SU99|A0A251SU99_HELAN	34.137	498	313	8	129843	130338	3	487	9.94e-94	317
ACT52241.1	tr|A0A251SU99|A0A251SU99_HELAN	34.137	498	313	8	129843	130338	3	487	9.94e-94	317
ACT52241.1	sp|D5JBX0|GAO_HELAN	34.137	498	313	8	129843	130338	3	487	9.94e-94	317
ACT52241.1	sp|O81970|C71A9_SOYBN	37.879	462	271	7	137486	137938	33	487	1.01e-93	318
ACT52241.1	tr|A0A455IC04|A0A455IC04_EUPPU	39.574	470	255	11	128780	129230	40	499	1.14e-93	318
ACT52241.1	tr|A0A5B7AK51|A0A5B7AK51_DAVIN	35.208	480	286	8	128772	129235	39	509	1.16e-93	318
ACT52241.1	tr|B9RQJ9|B9RQJ9_RICCO	35.341	498	300	7	129859	130336	16	511	1.31e-93	318
ACT52241.1	tr|B9RQJ9|B9RQJ9_RICCO	35.341	498	300	7	129859	130336	16	511	1.31e-93	318
ACT52241.1	tr|A0A2I0A361|A0A2I0A361_9ASPA	35.597	486	296	6	129865	130336	26	508	1.48e-93	318
ACT52241.1	tr|A0A3S8NUY8|A0A3S8NUY8_CICEN	35.745	470	291	7	129871	130338	27	487	1.62e-93	317
ACT52241.1	tr|A0A2P6RYR2|A0A2P6RYR2_ROSCH	35.837	466	289	4	128768	129225	30	493	2.15e-93	317
ACT52241.1	tr|A0A455I265|A0A455I265_EUPPU	39.574	470	255	11	128780	129230	39	498	2.28e-93	317
ACT52241.1	tr|D5M8Q4|D5M8Q4_9MAGN	34.560	489	304	6	128749	129228	15	496	2.35e-93	317
ACT52241.1	tr|D5M8Q4|D5M8Q4_9MAGN	34.560	489	304	6	128749	129228	15	496	2.35e-93	317
ACT52241.1	sp|P37120|C75A2_SOLME	34.534	472	294	6	129873	130336	33	497	2.91e-93	317
ACT52241.1	tr|A0A455JC55|A0A455JC55_EUPPU	39.574	470	255	11	128780	129230	39	498	3.69e-93	317
ACT52241.1	tr|A0A2P6PT75|A0A2P6PT75_ROSCH	36.555	476	283	7	137486	137948	36	505	3.71e-93	317
ACT52241.1	tr|G7K4E8|G7K4E8_MEDTR	33.267	502	314	8	129844	130337	9	497	3.73e-93	316
ACT52241.1	tr|A0A1S5T865|A0A1S5T865_CAMSI	35.456	471	288	6	128770	129230	36	500	4.42e-93	316
ACT52241.1	sp|P48418|C75A1_PETHY	35.583	489	306	4	128744	129226	7	492	4.62e-93	316
ACT52241.1	tr|B9RRA1|B9RRA1_RICCO	34.263	502	317	5	129847	130336	11	511	5.35e-93	317
ACT52241.1	tr|B9RRA1|B9RRA1_RICCO	34.263	502	317	5	129847	130336	11	511	5.35e-93	317
ACT52241.1	sp|O22203|C98A3_ARATH	34.350	492	311	6	128748	129228	1	491	5.83e-93	316
ACT52241.1	tr|A0A3Q8QEF5|A0A3Q8QEF5_CICIN	34.809	497	309	9	129844	130338	4	487	7.09e-93	315
ACT52241.1	sp|D5JBW8|GAO_CICIN	34.809	497	309	9	129844	130338	4	487	7.09e-93	315
ACT52241.1	tr|B9RM58|B9RM58_RICCO	35.363	509	302	11	129847	130338	18	516	8.02e-93	316
ACT52241.1	tr|B9RM58|B9RM58_RICCO	35.363	509	302	11	129847	130338	18	516	8.02e-93	316
ACT52241.1	tr|A0A0B2SWE3|A0A0B2SWE3_GLYSO	34.394	503	306	11	129853	130337	7	503	8.30e-93	315
ACT52241.1	tr|A0A678SS99|A0A678SS99_EUPPU	34.490	490	311	4	128743	129225	15	501	9.29e-93	316
ACT52241.1	tr|G7L7J6|G7L7J6_MEDTR	36.441	472	288	6	129873	130336	35	502	9.55e-93	315
ACT52241.1	sp|P93531|C71D7_SOLCH	34.375	480	296	8	129868	130336	23	494	1.02e-92	315
ACT52241.1	sp|Q96418|C75A5_EUSER	36.638	464	280	5	128771	129225	37	495	1.34e-92	315
ACT52241.1	tr|G7JZP7|G7JZP7_MEDTR	33.996	503	305	9	129843	130337	14	497	1.47e-92	315
ACT52241.1	sp|P48421|C83A1_ARATH	33.199	497	319	7	128748	129232	4	499	1.51e-92	315
ACT52241.1	sp|Q94FM7|C71DK_TOBAC	34.156	486	295	9	129867	130337	23	498	2.54e-92	314
ACT52241.1	sp|A0A2H5AIX6|C3H_NARPS	35.010	497	311	6	128739	129228	1	492	2.55e-92	314
ACT52241.1	sp|A0A2H5AIX6|C3H_NARPS	35.010	497	311	6	128739	129228	1	492	2.55e-92	314
ACT52241.1	tr|A0A2P6RN03|A0A2P6RN03_ROSCH	35.583	489	297	8	129862	130336	51	535	3.00e-92	315
ACT52241.1	sp|Q9LIP6|C71BV_ARATH	34.615	494	310	5	129296	129781	8	496	3.50e-92	313
ACT52241.1	tr|A0A2P6RDR4|A0A2P6RDR4_ROSCH	33.852	514	301	11	129847	130338	9	505	4.17e-92	314
ACT52241.1	sp|O04790|C75A7_EUSER	34.200	500	312	7	129845	130336	8	498	5.59e-92	313
ACT52241.1	tr|B9RAS2|B9RAS2_RICCO	35.772	492	302	6	129293	129778	19	502	7.16e-92	313
ACT52241.1	tr|B9RAS2|B9RAS2_RICCO	35.772	492	302	6	129293	129778	19	502	7.16e-92	313
ACT52241.1	sp|O48923|C71DA_SOYBN	34.747	495	306	7	129297	129779	16	505	7.24e-92	313
ACT52241.1	tr|A0A2H9ZS65|A0A2H9ZS65_9ASPA	36.920	474	284	6	129310	129775	34	500	7.69e-92	313
ACT52241.1	tr|A0A2H9ZS65|A0A2H9ZS65_9ASPA	36.920	474	284	6	129310	129775	34	500	7.69e-92	313
ACT52241.1	tr|A0A396I4X9|A0A396I4X9_MEDTR	33.201	503	315	8	129844	130338	50	539	8.25e-92	314
ACT52241.1	tr|A0A2G9H402|A0A2G9H402_9LAMI	35.586	503	302	9	128742	129236	6	494	8.34e-92	312
ACT52241.1	tr|A0A2G9H402|A0A2G9H402_9LAMI	35.586	503	302	9	128742	129236	6	494	8.34e-92	312
ACT52241.1	tr|A0A072UD95|A0A072UD95_MEDTR	36.040	505	303	7	137458	137948	7	505	8.67e-92	313
ACT52241.1	tr|A0A2P6SB24|A0A2P6SB24_ROSCH	37.578	479	267	12	128769	129228	49	514	1.13e-91	313
ACT52241.1	sp|F8S1I0|C7BL2_LACSA	32.265	499	315	9	129846	130337	4	486	1.25e-91	311
ACT52241.1	tr|A0A0B2SAZ9|A0A0B2SAZ9_GLYSO	36.122	490	302	4	129305	129788	23	507	1.26e-91	312
ACT52241.1	tr|A0A0B2RYI7|A0A0B2RYI7_GLYSO	34.232	482	299	6	129309	129779	10	484	1.30e-91	312
ACT52241.1	sp|P48419|C75A3_PETHY	34.827	491	311	4	128744	129228	7	494	1.41e-91	312
ACT52241.1	tr|A0A2P6RKS8|A0A2P6RKS8_ROSCH	34.280	493	308	6	137462	137941	10	499	1.42e-91	312
ACT52241.1	sp|D5JBX1|GAO_BARSP	36.157	484	295	8	129858	130337	13	486	1.63e-91	311
ACT52241.1	tr|A0A0N6VV47|A0A0N6VV47_LYCRU	36.382	492	293	8	128745	129226	12	493	1.83e-91	311
ACT52241.1	tr|A0A0N6VV47|A0A0N6VV47_LYCRU	36.382	492	293	8	128745	129226	12	493	1.83e-91	311
ACT52241.1	tr|G7K4E9|G7K4E9_MEDTR	32.869	502	316	8	129844	130337	9	497	1.98e-91	311
ACT52241.1	tr|A0A0B2P1G2|A0A0B2P1G2_GLYSO	33.814	485	300	8	129867	130338	10	486	2.71e-91	311
ACT52241.1	tr|A0A411DX73|A0A411DX73_CHRMO	35.223	494	290	6	128750	129228	17	495	3.01e-91	311
ACT52241.1	sp|P93530|C71D6_SOLCH	34.043	470	290	8	129869	130326	24	485	3.55e-91	310
ACT52241.1	sp|P37121|C76A1_SOLME	37.554	466	276	6	128782	129232	2	467	3.85e-91	309
ACT52241.1	tr|A0A2P6RKR2|A0A2P6RKR2_ROSCH	36.204	511	304	13	129840	130336	2	504	4.65e-91	311
ACT52241.1	tr|A0A0B2QXH2|A0A0B2QXH2_GLYSO	36.290	496	295	8	128747	129229	5	492	4.97e-91	310
ACT52241.1	tr|A0A0B2QXH2|A0A0B2QXH2_GLYSO	36.290	496	295	8	128747	129229	5	492	4.97e-91	310
ACT52241.1	sp|Q42799|C93A2_SOYBN	36.290	496	295	8	128747	129229	5	492	4.97e-91	310
ACT52241.1	tr|A0A2P6RKU5|A0A2P6RKU5_ROSCH	35.119	504	307	10	129849	130336	3	502	5.16e-91	310
ACT52241.1	tr|B9S5P8|B9S5P8_RICCO	35.518	473	285	7	129877	130336	34	499	5.26e-91	310
ACT52241.1	tr|B9S5P8|B9S5P8_RICCO	35.518	473	285	7	129877	130336	34	499	5.26e-91	310
ACT52241.1	tr|A0A0B2RJK7|A0A0B2RJK7_GLYSO	36.441	472	284	5	129320	129780	38	504	5.41e-91	310
ACT52241.1	tr|A0A0B2RJK7|A0A0B2RJK7_GLYSO	36.441	472	284	5	129320	129780	38	504	5.41e-91	310
ACT52241.1	tr|G7KAS9|G7KAS9_MEDTR	32.411	506	318	8	129849	130338	5	502	5.60e-91	310
ACT52241.1	sp|P49264|C71B1_THLAR	32.934	501	314	6	129297	129785	6	496	6.05e-91	310
ACT52241.1	tr|A0A0A1E1Y9|A0A0A1E1Y9_9SOLA	35.129	464	293	3	128771	129228	35	496	7.70e-91	310
ACT52241.1	tr|A0A0A1E1Y9|A0A0A1E1Y9_9SOLA	35.129	464	293	3	128771	129228	35	496	7.70e-91	310
ACT52241.1	tr|B9S9Q2|B9S9Q2_RICCO	36.505	515	289	11	129842	130337	2	497	8.73e-91	309
ACT52241.1	tr|B9S9Q2|B9S9Q2_RICCO	36.505	515	289	11	129842	130337	2	497	8.73e-91	309
ACT52241.1	tr|A0A0A1E4E0|A0A0A1E4E0_9SOLA	34.698	464	295	3	128771	129228	35	496	1.15e-90	309
ACT52241.1	tr|A0A0A1E4E0|A0A0A1E4E0_9SOLA	34.698	464	295	3	128771	129228	35	496	1.15e-90	309
ACT52241.1	sp|W8JCE8|CYBT1_CATRO	36.401	489	284	11	129869	130338	23	503	1.27e-90	309
ACT52241.1	sp|A0A0N9HTU1|C71CU_SINHE	33.128	486	316	4	129855	130337	9	488	1.27e-90	308
ACT52241.1	sp|O48956|C98A1_SORBI	35.345	464	292	3	128772	129228	32	494	1.36e-90	309
ACT52241.1	sp|E1B2Z9|C7AV8_CICIN	35.318	487	300	7	129854	130338	14	487	1.45e-90	308
ACT52241.1	sp|E1B2Z9|C7AV8_CICIN	35.318	487	300	7	129854	130338	14	487	1.45e-90	308
ACT52241.1	tr|A0A151RSE4|A0A151RSE4_CAJCA	33.925	451	289	3	128787	129230	1	449	1.58e-90	307
ACT52241.1	tr|A0A151RSE4|A0A151RSE4_CAJCA	33.925	451	289	3	128787	129230	1	449	1.58e-90	307
ACT52241.1	tr|A0A0A1DZ21|A0A0A1DZ21_9SOLA	34.483	464	296	3	128771	129228	35	496	2.18e-90	308
ACT52241.1	tr|A0A0A1DZ21|A0A0A1DZ21_9SOLA	34.483	464	296	3	128771	129228	35	496	2.18e-90	308
ACT52241.1	sp|A0A068Q6L2|C7317_PRUMU	34.757	515	304	7	129840	130336	13	513	2.68e-90	308
ACT52241.1	tr|A0A2P6P3K7|A0A2P6P3K7_ROSCH	35.158	475	287	7	128771	129230	32	500	3.04e-90	308
ACT52241.1	tr|A0A396GIQ4|A0A396GIQ4_MEDTR	32.775	537	345	9	129813	130336	1	534	3.20e-90	309
ACT52241.1	sp|A0A343URW6|TEX1_CATRO	36.072	499	300	11	129848	130337	7	495	5.11e-90	307
ACT52241.1	sp|X2JE85|C7BL2_TANPA	33.053	475	298	9	129871	130337	26	488	5.37e-90	307
ACT52241.1	tr|A0A0N6XEU6|A0A0N6XEU6_LYCBA	36.093	471	280	7	128771	129228	33	495	5.52e-90	307
ACT52241.1	tr|A0A0N6XEU6|A0A0N6XEU6_LYCBA	36.093	471	280	7	128771	129228	33	495	5.52e-90	307
ACT52241.1	tr|B9RHX0|B9RHX0_RICCO	37.021	470	276	8	128772	129229	31	492	6.89e-90	306
ACT52241.1	tr|B9RHX0|B9RHX0_RICCO	37.021	470	276	8	128772	129229	31	492	6.89e-90	306
ACT52241.1	sp|Q96581|C75A4_GENTR	34.064	502	321	7	129842	130336	6	504	7.12e-90	307
ACT52241.1	sp|Q9LIP4|C71BX_ARATH	35.491	479	296	5	129311	129781	23	496	8.95e-90	306
ACT52241.1	tr|A0A7C9E274|A0A7C9E274_OPUST	35.684	468	293	5	128771	129231	29	495	9.13e-90	306
ACT52241.1	tr|A0A0B2PCC7|A0A0B2PCC7_GLYSO	35.029	511	310	9	128747	129240	10	515	1.08e-89	307
ACT52241.1	tr|A0A0B2PCC7|A0A0B2PCC7_GLYSO	35.029	511	310	9	128747	129240	10	515	1.08e-89	307
ACT52241.1	sp|A0A068Q5V6|C7150_PRUMU	33.742	489	310	7	129298	129780	10	490	1.19e-89	306
ACT52241.1	tr|G7KUG5|G7KUG5_MEDTR	34.524	504	313	5	128739	129229	2	501	1.24e-89	306
ACT52241.1	tr|A0A151SNY4|A0A151SNY4_CAJCA	39.663	416	232	8	129928	130337	1	403	1.38e-89	303
ACT52241.1	tr|A0A151SNY4|A0A151SNY4_CAJCA	39.663	416	232	8	129928	130337	1	403	1.38e-89	303
ACT52241.1	tr|B9RE29|B9RE29_RICCO	33.400	500	316	6	137461	137948	4	498	1.50e-89	306
ACT52241.1	tr|B9RE29|B9RE29_RICCO	33.400	500	316	6	137461	137948	4	498	1.50e-89	306
ACT52241.1	tr|A0A2P6PD97|A0A2P6PD97_ROSCH	34.570	512	309	8	137454	137948	1	503	1.52e-89	306
ACT52241.1	sp|P47195|C80A1_BERST	35.234	491	297	7	129295	129779	8	483	2.79e-89	305
ACT52241.1	tr|B9RM57|B9RM57_RICCO	34.151	489	301	9	129846	130322	5	484	3.11e-89	305
ACT52241.1	tr|B9RM57|B9RM57_RICCO	34.151	489	301	9	129846	130322	5	484	3.11e-89	305
ACT52241.1	sp|Q9LIP3|C71BY_ARATH	35.729	473	291	5	129317	129781	29	496	3.55e-89	305
ACT52241.1	sp|O48958|C71E1_SORBI	34.038	473	301	5	129318	129781	54	524	3.66e-89	306
ACT52241.1	tr|A0A0B2NY44|A0A0B2NY44_GLYSO	35.685	496	308	7	128746	129231	1	495	3.79e-89	305
ACT52241.1	sp|Q9LTM4|C71BJ_ARATH	33.000	500	326	5	129849	130340	3	501	4.43e-89	305
ACT52241.1	tr|A0A396I2M3|A0A396I2M3_MEDTR	32.827	527	313	10	129819	130337	57	550	4.72e-89	306
ACT52241.1	tr|A0A151UFN2|A0A151UFN2_CAJCA	36.059	477	294	7	128764	129231	24	498	5.68e-89	304
ACT52241.1	sp|W8JIT4|CYPD2_CATRO	35.331	484	290	9	129867	130338	29	501	5.81e-89	304
ACT52241.1	tr|B9R855|B9R855_RICCO	35.622	466	291	6	128771	129228	27	491	7.69e-89	303
ACT52241.1	tr|B9R855|B9R855_RICCO	35.622	466	291	6	128771	129228	27	491	7.69e-89	303
ACT52241.1	tr|A0A2G9FYA3|A0A2G9FYA3_9LAMI	35.236	508	304	9	128739	129236	1	493	9.29e-89	303
ACT52241.1	tr|A0A2G9FYA3|A0A2G9FYA3_9LAMI	35.236	508	304	9	128739	129236	1	493	9.29e-89	303
ACT52241.1	tr|A0A2I0AWD6|A0A2I0AWD6_9ASPA	38.076	499	288	7	129298	129779	4	498	1.13e-88	303
ACT52241.1	tr|A0A2I0AWD6|A0A2I0AWD6_9ASPA	38.076	499	288	7	129298	129779	4	498	1.13e-88	303
ACT52241.1	tr|R9WPB6|R9WPB6_9ROSI	33.678	484	310	4	128744	129221	11	489	1.30e-88	303
ACT52241.1	tr|R9WPB6|R9WPB6_9ROSI	33.678	484	310	4	128744	129221	11	489	1.30e-88	303
ACT52241.1	tr|G7K4F8|G7K4F8_MEDTR	32.981	473	304	6	129870	130337	32	496	1.42e-88	303
ACT52241.1	sp|C0SJS4|C71AJ_APIGR	34.497	487	299	10	129851	130329	1	475	1.67e-88	302
ACT52241.1	sp|Q9LTM0|C71BN_ARATH	35.684	468	277	6	128780	129231	40	499	1.76e-88	303
ACT52241.1	tr|A0A2P6RKQ0|A0A2P6RKQ0_ROSCH	34.681	470	298	5	129318	129778	30	499	1.94e-88	303
ACT52241.1	tr|A0A0B2RUW9|A0A0B2RUW9_GLYSO	36.326	479	292	6	128762	129228	19	496	2.39e-88	302
ACT52241.1	tr|A0A7M1PW11|A0A7M1PW11_CISCR	33.479	457	294	3	128779	129228	46	499	2.45e-88	303
ACT52241.1	sp|Q9LTM3|C71BK_ARATH	33.400	500	324	6	129849	130340	3	501	2.60e-88	302
ACT52241.1	tr|D8SCG3|D8SCG3_SELML	33.868	499	316	7	128749	129236	28	523	3.18e-88	303
ACT52241.1	tr|D8SCG3|D8SCG3_SELML	33.868	499	316	7	128749	129236	28	523	3.18e-88	303
ACT52241.1	sp|Q9LIP5|C71BW_ARATH	34.475	467	293	5	129321	129779	32	493	3.37e-88	302
ACT52241.1	sp|Q42600|C84A1_ARATH	35.699	479	278	8	128779	129235	48	518	4.52e-88	302
ACT52241.1	tr|G7JZQ3|G7JZQ3_MEDTR	32.285	477	304	7	129870	130337	32	498	8.21e-88	301
ACT52241.1	tr|A0A2P6P5G6|A0A2P6P5G6_ROSCH	35.425	494	306	6	128743	129225	36	527	9.52e-88	302
ACT52241.1	tr|G7K4E4|G7K4E4_MEDTR	33.063	493	311	7	129851	130337	49	528	9.99e-88	301
ACT52241.1	tr|A0A2I0AA38|A0A2I0AA38_9ASPA	34.578	509	307	11	128741	129232	2	501	1.02e-87	300
ACT52241.1	tr|A0A2I0AA38|A0A2I0AA38_9ASPA	34.578	509	307	11	128741	129232	2	501	1.02e-87	300
ACT52241.1	sp|O65782|C83B1_ARATH	34.440	482	304	7	128761	129231	17	497	1.08e-87	300
ACT52241.1	sp|O04773|C75A6_CAMME	32.871	505	314	7	128744	129228	12	511	1.29e-87	301
ACT52241.1	tr|A0A396JSJ8|A0A396JSJ8_MEDTR	32.998	497	315	6	128747	129229	25	517	1.32e-87	301
ACT52241.1	tr|B9RHW8|B9RHW8_RICCO	32.755	519	316	11	129840	130341	18	520	2.19e-87	300
ACT52241.1	tr|B9RHW8|B9RHW8_RICCO	32.755	519	316	11	129840	130341	18	520	2.19e-87	300
ACT52241.1	tr|A0A2G9HNG5|A0A2G9HNG5_9LAMI	34.843	508	306	9	128739	129236	1	493	2.48e-87	299
ACT52241.1	tr|A0A2G9HNG5|A0A2G9HNG5_9LAMI	34.843	508	306	9	128739	129236	1	493	2.48e-87	299
ACT52241.1	sp|O65788|C71B2_ARATH	34.851	505	303	11	128744	129229	1	498	2.66e-87	299
ACT52241.1	sp|P98183|C71DC_CATRO	35.686	510	289	13	129851	130338	6	498	2.85e-87	299
ACT52241.1	tr|A0A5B7AMJ9|A0A5B7AMJ9_DAVIN	33.794	506	303	9	129851	130338	17	508	4.00e-87	299
ACT52241.1	tr|A0A0B2PF02|A0A0B2PF02_GLYSO	34.568	486	301	7	129865	130337	1	482	5.46e-87	298
ACT52241.1	sp|O81973|C93A3_SOYBN	37.649	502	292	9	128747	129231	5	502	7.57e-87	298
ACT52241.1	tr|A0A072V0W0|A0A072V0W0_MEDTR	34.082	490	309	6	128751	129229	25	511	8.34e-87	298
ACT52241.1	tr|A0A2P6SQR1|A0A2P6SQR1_ROSCH	34.190	506	311	8	128739	129230	1	498	1.15e-86	298
ACT52241.1	sp|Q96514|C71B7_ARATH	32.530	498	329	3	129847	130337	3	500	1.24e-86	297
ACT52241.1	tr|A0A0B2NUR9|A0A0B2NUR9_GLYSO	36.743	479	288	6	129310	129780	17	488	1.40e-86	297
ACT52241.1	tr|A0A2I0AJF6|A0A2I0AJF6_9ASPA	35.203	517	305	14	129840	130337	2	507	1.97e-86	297
ACT52241.1	tr|A0A2I0AJF6|A0A2I0AJF6_9ASPA	35.203	517	305	14	129840	130337	2	507	1.97e-86	297
ACT52241.1	tr|A0A072TSC7|A0A072TSC7_MEDTR	34.132	501	315	7	128739	129229	1	496	2.36e-86	297
ACT52241.1	tr|A0A251SA57|A0A251SA57_HELAN	32.653	490	317	7	129849	130333	1	482	2.37e-86	296
ACT52241.1	tr|A0A251SA57|A0A251SA57_HELAN	32.653	490	317	7	129849	130333	1	482	2.37e-86	296
ACT52241.1	tr|A0A0B2NQ06|A0A0B2NQ06_GLYSO	36.402	478	284	7	129320	129784	33	503	2.38e-86	297
ACT52241.1	tr|W5XJS5|W5XJS5_9BRYO	38.174	482	266	11	128771	129229	36	508	2.97e-86	297
ACT52241.1	tr|W5XJS5|W5XJS5_9BRYO	38.174	482	266	11	128771	129229	36	508	2.97e-86	297
ACT52241.1	tr|A0A396IKG4|A0A396IKG4_MEDTR	36.975	476	273	9	137488	137945	64	530	3.17e-86	297
ACT52241.1	tr|A0A5B7AIT1|A0A5B7AIT1_DAVIN	33.678	484	293	7	128772	129235	37	512	3.71e-86	296
ACT52241.1	tr|G7K4L5|G7K4L5_MEDTR	33.932	501	309	10	129845	130337	11	497	3.73e-86	296
ACT52241.1	tr|B9RHW4|B9RHW4_RICCO	33.198	491	314	7	129295	129779	12	494	3.91e-86	296
ACT52241.1	tr|B9RHW4|B9RHW4_RICCO	33.198	491	314	7	129295	129779	12	494	3.91e-86	296
ACT52241.1	sp|O04164|C71A6_NEPRA	35.865	474	279	8	129328	129780	36	505	3.92e-86	296
ACT52241.1	tr|G7KE88|G7KE88_MEDTR	33.140	516	324	7	137454	137954	1	510	5.23e-86	296
ACT52241.1	tr|A0A0B2SGZ6|A0A0B2SGZ6_GLYSO	35.729	473	293	6	129869	130337	11	476	5.62e-86	295
ACT52241.1	tr|B9RHW6|B9RHW6_RICCO	35.924	476	287	11	129870	130337	64	529	6.30e-86	296
ACT52241.1	tr|B9RHW6|B9RHW6_RICCO	35.924	476	287	11	129870	130337	64	529	6.30e-86	296
ACT52241.1	tr|B9R9P5|B9R9P5_RICCO	36.304	460	261	8	128781	129230	44	481	8.14e-86	295
ACT52241.1	tr|B9R9P5|B9R9P5_RICCO	36.304	460	261	8	128781	129230	44	481	8.14e-86	295
ACT52241.1	tr|B9SVN7|B9SVN7_RICCO	34.038	473	297	7	128771	129231	35	504	8.19e-86	295
