AST13123.1	tr|B9VNV2|B9VNV2_LOLPR	60.897	156	59	1	1929	2084	21	174	1.61e-66	224
AST13123.1	tr|A0A059UAM0|A0A059UAM0_WHEAT	62.821	156	56	1	1929	2084	174	327	1.24e-61	224
AST13123.1	tr|B0LLV3|B0LLV3_CYDOB	60.256	156	60	1	1929	2084	105	258	6.27e-60	217
AST13123.1	tr|I7BG84|I7BG84_9ROSA	60.897	156	59	1	1929	2084	194	347	2.39e-59	218
AST13123.1	tr|Q66NX3|Q66NX3_9ROSI	51.282	195	82	3	1913	2097	163	354	1.24e-57	213
AST13123.1	tr|Q84YI1|Q84YI1_TRIPR	53.846	182	70	4	1915	2084	182	361	3.75e-56	209
AST13123.1	tr|A0A2Z5HVJ6|A0A2Z5HVJ6_MUCPR	59.615	156	63	0	1929	2084	115	270	1.15e-54	201
AST13123.1	tr|B9VNV4|B9VNV4_TRIPR	57.500	160	62	2	1929	2084	204	361	1.81e-54	204
AST13123.1	tr|A0A1B2ZBX9|A0A1B2ZBX9_VITVI	63.830	141	49	1	2133	2273	313	451	1.93e-54	201
AST13123.1	tr|A0A3Q9TBL6|A0A3Q9TBL6_MUCPR	53.591	181	65	4	1915	2083	176	349	4.14e-54	202
AST13123.1	tr|A0A6M3T0H4|A0A6M3T0H4_9LAMI	61.702	141	52	1	2133	2273	158	296	4.20e-54	194
AST13123.1	tr|A0A2G9GCU5|A0A2G9GCU5_9LAMI	62.411	141	51	1	2133	2273	308	446	1.84e-53	198
AST13123.1	tr|A0A2G9GCU5|A0A2G9GCU5_9LAMI	62.411	141	51	1	2133	2273	308	446	1.84e-53	198
AST13123.1	sp|W8JMV1|CYT24_CATRO	56.970	165	69	1	2133	2297	313	475	2.65e-53	197
AST13123.1	tr|G7L8J9|G7L8J9_MEDTR	56.494	154	64	2	2133	2286	320	470	8.12e-53	196
AST13123.1	tr|A0A2P6R0C5|A0A2P6R0C5_ROSCH	57.692	156	61	3	2133	2286	315	467	1.09e-52	196
AST13123.1	tr|Q66NX4|Q66NX4_9ROSI	51.176	170	82	1	1929	2097	187	356	2.62e-52	197
AST13123.1	tr|A0A0B2QKN3|A0A0B2QKN3_GLYSO	57.746	142	58	1	2131	2272	37	176	2.67e-52	186
AST13123.1	tr|A0A0B2QKN3|A0A0B2QKN3_GLYSO	57.746	142	58	1	2131	2272	37	176	2.67e-52	186
AST13123.1	tr|A0A2P6QX13|A0A2P6QX13_ROSCH	52.299	174	75	4	2115	2286	297	464	3.89e-52	194
AST13123.1	tr|A0A7D3QT71|A0A7D3QT71_NEPRA	55.901	161	64	2	2113	2273	294	447	6.15e-52	193
AST13123.1	tr|A0A1B2ZBX8|A0A1B2ZBX8_VITVI	62.411	141	51	1	2133	2273	313	451	8.36e-52	193
AST13123.1	tr|A0A4D6DKH9|A0A4D6DKH9_9LAMI	46.798	203	86	6	1895	2083	47	241	8.67e-52	187
AST13123.1	sp|Q8VWZ7|C76B6_CATRO	60.000	140	54	1	2133	2272	307	444	1.24e-51	192
AST13123.1	tr|A0A451EZK6|A0A451EZK6_MUCPR	50.000	184	77	4	1915	2086	179	359	1.95e-51	195
AST13123.1	tr|A0A2P6R0Y9|A0A2P6R0Y9_ROSCH	55.195	154	66	2	2133	2286	314	464	2.25e-51	192
AST13123.1	sp|I3PFJ5|C76AD_BETVU	62.143	140	51	1	2133	2272	310	447	2.75e-51	192
AST13123.1	tr|G7L1C3|G7L1C3_MEDTR	60.000	140	54	1	2133	2272	314	451	3.22e-51	192
AST13123.1	sp|O64635|C76C4_ARATH	61.429	140	52	1	2133	2272	321	458	3.42e-51	192
AST13123.1	tr|A0A396J9M3|A0A396J9M3_MEDTR	56.522	138	58	1	2136	2273	1	136	4.62e-51	180
AST13123.1	tr|A0A7D3UYJ8|A0A7D3UYJ8_NEPCA	54.658	161	66	2	2113	2273	294	447	4.75e-51	191
AST13123.1	tr|A0A2P6R0K1|A0A2P6R0K1_ROSCH	58.865	141	56	1	2133	2273	193	331	5.03e-51	187
AST13123.1	tr|A0A1B2ZBW9|A0A1B2ZBW9_VITVI	57.516	153	63	1	2133	2285	313	463	5.19e-51	191
AST13123.1	tr|A0A0B2QL49|A0A0B2QL49_GLYSO	60.000	140	54	1	2133	2272	245	382	5.44e-51	189
AST13123.1	tr|A0A0B4VFR8|A0A0B4VFR8_PODPE	52.353	170	78	2	2105	2273	293	460	8.66e-51	191
AST13123.1	tr|A0A0B4VFR8|A0A0B4VFR8_PODPE	52.353	170	78	2	2105	2273	293	460	8.66e-51	191
AST13123.1	tr|A0A7D3QN22|A0A7D3QN22_HYSOF	60.284	141	54	1	2133	2273	309	447	1.01e-50	190
AST13123.1	tr|A0A7L9VXL2|A0A7L9VXL2_9DIPS	58.156	141	57	1	2133	2273	311	449	1.58e-50	189
AST13123.1	tr|A0A396HJD4|A0A396HJD4_MEDTR	44.615	195	105	2	2133	2327	311	502	1.74e-50	191
AST13123.1	tr|A0A2S1RED8|A0A2S1RED8_CHRMO	60.993	141	53	1	2133	2273	308	446	1.76e-50	189
AST13123.1	tr|A0A2S1RED8|A0A2S1RED8_CHRMO	60.993	141	53	1	2133	2273	308	446	1.76e-50	189
AST13123.1	tr|G7L1D0|G7L1D0_MEDTR	60.000	140	54	1	2133	2272	317	454	2.04e-50	189
AST13123.1	tr|A0A0B2QJS1|A0A0B2QJS1_GLYSO	54.375	160	66	2	2113	2272	232	384	4.14e-50	186
AST13123.1	tr|A0A072VHN2|A0A072VHN2_MEDTR	50.286	175	79	3	2112	2286	292	458	4.66e-50	188
AST13123.1	tr|I7CCR9|I7CCR9_9ROSA	50.820	183	76	4	1913	2084	199	378	7.33e-50	190
AST13123.1	tr|A0A2P6P9L9|A0A2P6P9L9_ROSCH	58.156	141	57	1	2133	2273	313	451	8.68e-50	187
AST13123.1	sp|W0FKI0|DOX1_PERHD	54.545	154	67	2	2133	2286	305	455	1.07e-49	187
AST13123.1	tr|A0A396HRG1|A0A396HRG1_MEDTR	45.312	192	102	2	2133	2324	318	506	1.41e-49	187
AST13123.1	sp|O64637|C76C2_ARATH	60.000	140	54	1	2133	2272	322	459	1.69e-49	187
AST13123.1	tr|A0A2P6PCG6|A0A2P6PCG6_ROSCH	53.846	156	67	3	2133	2286	314	466	1.77e-49	186
AST13123.1	tr|F5CEP1|F5CEP1_9ROSA	54.194	155	69	1	1929	2083	198	350	2.10e-49	188
AST13123.1	sp|O64636|C76C1_ARATH	59.286	140	55	1	2133	2272	321	458	2.58e-49	186
AST13123.1	tr|A0A396HJ99|A0A396HJ99_MEDTR	44.271	192	104	2	2133	2324	286	474	3.27e-49	185
AST13123.1	tr|I7CML7|I7CML7_9ROSA	53.548	155	70	1	1929	2083	188	340	6.08e-49	187
AST13123.1	tr|A0A396I806|A0A396I806_MEDTR	47.222	180	89	3	2133	2309	313	489	7.63e-49	184
AST13123.1	sp|D1MI46|C76BA_SWEMU	55.319	141	61	1	2133	2273	309	447	8.34e-49	184
AST13123.1	tr|A0A2P6R0L0|A0A2P6R0L0_ROSCH	52.229	157	69	4	2133	2286	42	195	1.27e-48	175
AST13123.1	tr|A0A2P6R0U9|A0A2P6R0U9_ROSCH	53.205	156	68	3	2133	2286	331	483	1.48e-48	184
AST13123.1	tr|A0A2P6R0I4|A0A2P6R0I4_ROSCH	53.503	157	68	3	2132	2286	274	427	2.01e-48	182
AST13123.1	sp|S4UX02|CYPH1_SALMI	52.597	154	70	2	2133	2286	308	458	2.65e-48	183
AST13123.1	tr|A0A6M3TXH1|A0A6M3TXH1_LITER	54.545	143	63	1	2131	2273	308	448	2.86e-48	183
AST13123.1	tr|A0A6M3TXH1|A0A6M3TXH1_LITER	54.545	143	63	1	2131	2273	308	448	2.86e-48	183
AST13123.1	tr|A0A2P6PDA4|A0A2P6PDA4_ROSCH	48.864	176	80	4	2113	2286	298	465	3.01e-48	183
AST13123.1	tr|A0A396JTM0|A0A396JTM0_MEDTR	49.091	165	82	1	2133	2297	152	314	5.68e-48	177
AST13123.1	tr|B9RBW9|B9RBW9_RICCO	55.319	141	61	1	2133	2273	315	453	6.61e-48	182
AST13123.1	tr|B9RBW9|B9RBW9_RICCO	55.319	141	61	1	2133	2273	315	453	6.61e-48	182
AST13123.1	tr|A0A072VR50|A0A072VR50_MEDTR	57.447	141	58	1	2133	2273	311	449	1.08e-47	181
AST13123.1	sp|O64638|C76C3_ARATH	48.108	185	91	3	2133	2315	323	504	1.09e-47	181
AST13123.1	tr|G7L1C7|G7L1C7_MEDTR	57.857	140	57	1	2133	2272	316	453	1.17e-47	181
AST13123.1	tr|B9SRM8|B9SRM8_RICCO	51.190	168	77	2	2106	2273	297	459	1.25e-47	181
AST13123.1	tr|B9SRM8|B9SRM8_RICCO	51.190	168	77	2	2106	2273	297	459	1.25e-47	181
AST13123.1	tr|A0A6M3TY96|A0A6M3TY96_LITER	51.748	143	67	1	2131	2273	305	445	1.37e-47	181
AST13123.1	tr|A0A6M3TY96|A0A6M3TY96_LITER	51.748	143	67	1	2131	2273	305	445	1.37e-47	181
AST13123.1	sp|A0A1Z3GBS4|CYPH3_ISORU	52.597	154	70	2	2133	2286	307	457	1.71e-47	180
AST13123.1	tr|A0A2P6R0M7|A0A2P6R0M7_ROSCH	58.042	143	56	2	2133	2273	314	454	2.49e-47	180
AST13123.1	tr|A0A2P6R0I6|A0A2P6R0I6_ROSCH	49.432	176	79	4	2113	2286	297	464	3.04e-47	180
AST13123.1	tr|A0A396JIF1|A0A396JIF1_MEDTR	55.319	141	61	1	2133	2273	311	449	3.07e-47	180
AST13123.1	tr|G8E0P7|G8E0P7_CAMAC	56.028	141	60	1	2133	2273	315	453	3.17e-47	180
AST13123.1	tr|A0A0B2P471|A0A0B2P471_GLYSO	55.625	160	64	2	2113	2272	298	450	5.54e-47	179
AST13123.1	tr|A0A2P6R0R3|A0A2P6R0R3_ROSCH	51.282	156	71	3	2133	2286	314	466	5.90e-47	179
AST13123.1	tr|A5C7X2|A5C7X2_VITVI	49.701	167	79	2	2107	2273	285	446	7.30e-47	179
AST13123.1	tr|A0A396J999|A0A396J999_MEDTR	56.738	141	59	1	2133	2273	311	449	1.06e-46	178
AST13123.1	tr|B9R9F5|B9R9F5_RICCO	52.597	154	69	2	2133	2286	309	458	1.50e-46	177
AST13123.1	tr|B9R9F5|B9R9F5_RICCO	52.597	154	69	2	2133	2286	309	458	1.50e-46	177
AST13123.1	sp|P37122|C76A2_SOLME	50.307	163	76	2	2111	2273	300	457	1.81e-46	177
AST13123.1	tr|A0A1B2ZC25|A0A1B2ZC25_VITVI	55.634	142	61	1	2132	2273	307	446	2.87e-46	177
AST13123.1	tr|A0A1U9X5Z7|A0A1U9X5Z7_THAGA	51.445	173	75	4	2105	2273	292	459	8.12e-46	176
AST13123.1	tr|A0A1U9X5Z7|A0A1U9X5Z7_THAGA	51.445	173	75	4	2105	2273	292	459	8.12e-46	176
AST13123.1	tr|B9SRM6|B9SRM6_RICCO	51.553	161	71	2	2113	2273	300	453	9.35e-46	176
AST13123.1	tr|B9SRM6|B9SRM6_RICCO	51.553	161	71	2	2113	2273	300	453	9.35e-46	176
AST13123.1	sp|Q6UIL3|LAHY_LARTR	49.444	180	78	5	1915	2084	163	339	1.71e-45	177
AST13123.1	tr|A0A396HWZ4|A0A396HWZ4_MEDTR	58.333	132	53	1	2136	2267	1	130	1.80e-45	164
AST13123.1	tr|A0A3Q9R4N5|A0A3Q9R4N5_9BORA	48.951	143	71	1	2131	2273	305	445	3.57e-45	174
AST13123.1	tr|A0A2G9G277|A0A2G9G277_9LAMI	45.604	182	83	3	1913	2084	123	298	4.40e-45	173
AST13123.1	tr|Q84YH9|Q84YH9_TRIPR	51.572	159	73	1	1930	2084	200	358	4.57e-45	176
AST13123.1	tr|A0A072VPS7|A0A072VPS7_MEDTR	48.045	179	85	3	2133	2306	310	485	7.16e-45	172
AST13123.1	tr|A0A072VK77|A0A072VK77_MEDTR	54.610	141	62	1	2133	2273	322	460	7.25e-45	173
AST13123.1	tr|A0A1U9X5Y8|A0A1U9X5Y8_THAGA	54.610	141	62	1	2133	2273	319	457	8.95e-45	172
AST13123.1	tr|A0A1U9X5Y8|A0A1U9X5Y8_THAGA	54.610	141	62	1	2133	2273	319	457	8.95e-45	172
AST13123.1	tr|G7L8J6|G7L8J6_MEDTR	57.143	154	63	2	2133	2286	320	470	1.12e-44	172
AST13123.1	tr|A0A0B2RI76|A0A0B2RI76_GLYSO	47.191	178	87	4	2111	2287	248	419	2.01e-44	171
AST13123.1	tr|A0A0B2RI76|A0A0B2RI76_GLYSO	47.191	178	87	4	2111	2287	248	419	2.01e-44	171
AST13123.1	sp|A0A2K9RG08|CYBK1_VITAC	52.083	144	67	1	2133	2276	313	454	2.78e-44	171
AST13123.1	sp|W8JIS5|IO_CATRO	46.552	174	87	3	2113	2286	309	476	3.03e-44	171
AST13123.1	tr|A0A396JR42|A0A396JR42_MEDTR	46.584	161	75	4	2133	2286	14	170	3.20e-44	162
AST13123.1	tr|A0A396JUW2|A0A396JUW2_MEDTR	49.697	165	80	2	2133	2297	310	471	4.15e-44	170
AST13123.1	tr|A0A396JZC6|A0A396JZC6_MEDTR	49.697	165	80	2	2133	2297	309	470	4.19e-44	170
AST13123.1	tr|A0A151TTT1|A0A151TTT1_CAJCA	42.584	209	110	6	2111	2315	20	222	4.26e-44	162
AST13123.1	tr|A0A396JSP8|A0A396JSP8_MEDTR	49.697	165	80	2	2133	2297	310	471	5.10e-44	170
AST13123.1	tr|B9SRN5|B9SRN5_RICCO	51.773	141	66	1	2133	2273	325	463	7.15e-44	170
AST13123.1	tr|B9SRN5|B9SRN5_RICCO	51.773	141	66	1	2133	2273	325	463	7.15e-44	170
AST13123.1	tr|D2CVT3|D2CVT3_CYNCS	50.299	167	68	4	1929	2084	179	341	7.61e-44	171
AST13123.1	tr|R4JGK9|R4JGK9_CYNCS	50.299	167	68	4	1929	2084	197	359	9.15e-44	171
AST13123.1	tr|B9SRN1|B9SRN1_RICCO	52.482	141	65	1	2133	2273	328	466	1.39e-43	169
AST13123.1	tr|B9SRN1|B9SRN1_RICCO	52.482	141	65	1	2133	2273	328	466	1.39e-43	169
AST13123.1	tr|G7IWE5|G7IWE5_MEDTR	46.667	180	86	4	2111	2286	297	470	2.36e-43	169
AST13123.1	sp|Q9SD85|F3PH_ARATH	48.066	181	82	5	2111	2286	293	466	2.38e-43	169
AST13123.1	tr|B9SRN0|B9SRN0_RICCO	48.701	154	76	2	2133	2286	335	485	3.15e-43	169
AST13123.1	tr|B9SRN0|B9SRN0_RICCO	48.701	154	76	2	2133	2286	335	485	3.15e-43	169
AST13123.1	tr|B9SRM4|B9SRM4_RICCO	52.113	142	65	2	2133	2273	324	463	4.61e-43	168
AST13123.1	tr|B9SRM4|B9SRM4_RICCO	52.113	142	65	2	2133	2273	324	463	4.61e-43	168
AST13123.1	tr|A0A072UVP1|A0A072UVP1_MEDTR	46.111	180	87	4	2111	2286	297	470	4.84e-43	168
AST13123.1	sp|Q9LTL8|C71BO_ARATH	53.285	137	64	0	2134	2270	312	448	6.93e-43	167
AST13123.1	tr|A0A072VPG2|A0A072VPG2_MEDTR	55.758	165	71	1	2133	2297	312	474	8.44e-43	167
AST13123.1	tr|A0A2P6P319|A0A2P6P319_ROSCH	45.556	180	88	4	2111	2286	293	466	9.82e-43	167
AST13123.1	sp|A8CDR5|C80G2_COPJA	49.286	140	68	1	2133	2272	300	436	1.32e-42	166
AST13123.1	tr|A0A5B7B5B6|A0A5B7B5B6_DAVIN	51.064	141	67	1	2133	2273	44	182	1.41e-42	158
AST13123.1	tr|A0A411DX73|A0A411DX73_CHRMO	53.901	141	63	1	2133	2273	313	451	1.72e-42	166
AST13123.1	sp|O65786|C71B4_ARATH	54.015	137	63	0	2134	2270	316	452	1.78e-42	166
AST13123.1	tr|A0A072V1L1|A0A072V1L1_MEDTR	49.057	159	74	3	2132	2286	312	467	3.93e-42	165
AST13123.1	sp|P58048|C71B8_ARATH	52.555	137	64	1	2134	2270	314	449	4.12e-42	165
AST13123.1	sp|A0A125QZE2|C76K1_SALMI	51.370	146	67	2	2132	2276	316	458	4.92e-42	164
AST13123.1	sp|A0A068Q5V6|C7150_PRUMU	46.023	176	89	3	2111	2286	287	456	5.20e-42	164
AST13123.1	sp|Q9LTM3|C71BK_ARATH	51.825	137	65	1	2134	2270	315	450	5.88e-42	164
AST13123.1	tr|A0A4Y1KA12|A0A4Y1KA12_REHGL	49.645	141	69	1	2133	2273	89	227	7.17e-42	157
AST13123.1	sp|Q9LTM6|C71BH_ARATH	51.825	137	65	1	2134	2270	315	450	7.49e-42	164
AST13123.1	tr|F1DH41|F1DH41_9LAMI	61.062	113	44	0	2161	2273	329	441	8.82e-42	163
AST13123.1	tr|A0A0B2QDG0|A0A0B2QDG0_GLYSO	43.889	180	91	4	2111	2286	294	467	1.05e-41	164
AST13123.1	tr|A0A0B2QDG0|A0A0B2QDG0_GLYSO	43.889	180	91	4	2111	2286	294	467	1.05e-41	164
AST13123.1	sp|Q9LTM0|C71BN_ARATH	49.351	154	72	2	2117	2270	302	449	1.06e-41	163
AST13123.1	sp|A0A068Q6L2|C7317_PRUMU	48.447	161	79	2	2110	2270	310	466	1.23e-41	164
AST13123.1	sp|Q9LTM7|C71BG_ARATH	52.555	137	64	1	2134	2270	315	450	1.31e-41	163
AST13123.1	sp|A0A4D6Q414|CYP2_CROXC	44.751	181	88	4	2110	2286	308	480	1.37e-41	164
AST13123.1	tr|A0A7C9E2J1|A0A7C9E2J1_OPUST	48.125	160	78	2	2108	2267	33	187	2.15e-41	154
AST13123.1	tr|A0A2Z4N9C7|A0A2Z4N9C7_SALMI	41.304	230	121	9	2108	2331	288	509	2.22e-41	163
AST13123.1	tr|B9RHX9|B9RHX9_RICCO	48.701	154	75	2	2133	2286	240	389	2.64e-41	160
AST13123.1	tr|B9RHX9|B9RHX9_RICCO	48.701	154	75	2	2133	2286	240	389	2.64e-41	160
AST13123.1	tr|A0A1D8RCG3|A0A1D8RCG3_CHOTE	47.647	170	81	3	2118	2287	289	450	2.66e-41	162
AST13123.1	tr|A0A1D8RCG3|A0A1D8RCG3_CHOTE	47.647	170	81	3	2118	2287	289	450	2.66e-41	162
AST13123.1	tr|A0A0B4VG24|A0A0B4VG24_SINHE	48.936	141	69	1	2132	2272	296	433	2.96e-41	162
AST13123.1	tr|A0A151TRR2|A0A151TRR2_CAJCA	43.889	180	91	4	2111	2286	284	457	3.14e-41	162
AST13123.1	tr|A0A151TRR2|A0A151TRR2_CAJCA	43.889	180	91	4	2111	2286	284	457	3.14e-41	162
AST13123.1	tr|A0A396JM90|A0A396JM90_MEDTR	50.355	141	68	1	2133	2273	341	479	3.18e-41	162
AST13123.1	sp|I3V6B1|C80BX_PAPSO	48.408	157	75	2	2112	2268	284	434	3.63e-41	160
AST13123.1	tr|B9SJN3|B9SJN3_RICCO	48.052	154	75	2	2117	2270	194	342	3.66e-41	159
AST13123.1	tr|B9SJN3|B9SJN3_RICCO	48.052	154	75	2	2117	2270	194	342	3.66e-41	159
AST13123.1	sp|O48956|C98A1_SORBI	48.408	157	76	2	2117	2273	299	450	4.14e-41	162
AST13123.1	tr|B9S5P8|B9S5P8_RICCO	50.355	141	68	1	2133	2273	317	455	4.81e-41	162
AST13123.1	tr|B9S5P8|B9S5P8_RICCO	50.355	141	68	1	2133	2273	317	455	4.81e-41	162
AST13123.1	tr|G7L1C4|G7L1C4_MEDTR	60.000	140	54	1	2133	2272	318	455	4.96e-41	162
AST13123.1	sp|O48958|C71E1_SORBI	46.061	165	86	3	2134	2297	339	501	5.36e-41	162
AST13123.1	tr|J7FYJ5|J7FYJ5_COFAR	51.064	141	67	1	2133	2273	309	447	5.53e-41	161
AST13123.1	tr|J7FYJ5|J7FYJ5_COFAR	51.064	141	67	1	2133	2273	309	447	5.53e-41	161
AST13123.1	sp|Q9LW27|C71BF_ARATH	51.429	140	67	1	2131	2270	308	446	6.39e-41	161
AST13123.1	sp|Q42716|C71A8_MENPI	47.273	165	80	3	2108	2270	296	455	7.40e-41	161
AST13123.1	sp|Q947B7|MFS_MENPI	42.308	182	95	3	2094	2270	264	440	8.22e-41	160
AST13123.1	tr|B9RHX8|B9RHX8_RICCO	49.351	154	74	2	2133	2286	310	459	9.36e-41	160
AST13123.1	tr|B9RHX8|B9RHX8_RICCO	49.351	154	74	2	2133	2286	310	459	9.36e-41	160
AST13123.1	tr|D2SMN2|D2SMN2_ARGME	45.000	180	86	4	1913	2083	154	329	1.00e-40	162
AST13123.1	tr|A0A0B2S0Q5|A0A0B2S0Q5_GLYSO	51.799	139	65	1	2132	2270	140	276	1.11e-40	156
AST13123.1	tr|A0A2G9HLA0|A0A2G9HLA0_9LAMI	49.032	155	72	3	2120	2273	299	447	1.12e-40	160
AST13123.1	tr|A0A2G9HLA0|A0A2G9HLA0_9LAMI	49.032	155	72	3	2120	2273	299	447	1.12e-40	160
AST13123.1	tr|A0A0B4KI85|A0A0B4KI85_PRUAR	43.333	180	92	4	2111	2286	44	217	1.17e-40	153
AST13123.1	tr|A0A0B4KI85|A0A0B4KI85_PRUAR	43.333	180	92	4	2111	2286	44	217	1.17e-40	153
AST13123.1	tr|T1NXM6|T1NXM6_FRAVR	40.476	210	106	5	2090	2286	263	466	1.18e-40	160
AST13123.1	tr|T1NXM6|T1NXM6_FRAVR	40.476	210	106	5	2090	2286	263	466	1.18e-40	160
AST13123.1	tr|G7IWE8|G7IWE8_MEDTR	48.503	167	77	3	2111	2273	297	458	1.19e-40	160
AST13123.1	tr|A0A1B2ZBY5|A0A1B2ZBY5_VITVI	50.365	137	66	1	2134	2270	308	442	1.19e-40	160
AST13123.1	tr|A0A2G9HYB0|A0A2G9HYB0_9LAMI	46.914	162	79	4	2108	2267	294	450	1.30e-40	160
AST13123.1	tr|A0A2G9HYB0|A0A2G9HYB0_9LAMI	46.914	162	79	4	2108	2267	294	450	1.30e-40	160
AST13123.1	tr|T1NXM4|T1NXM4_FRAAN	43.889	180	91	4	2111	2286	293	466	1.36e-40	160
AST13123.1	tr|T1NXM4|T1NXM4_FRAAN	43.889	180	91	4	2111	2286	293	466	1.36e-40	160
AST13123.1	tr|T1NXM3|T1NXM3_FRAAN	43.889	180	91	4	2111	2286	293	466	1.55e-40	160
AST13123.1	tr|T1NXM3|T1NXM3_FRAAN	43.889	180	91	4	2111	2286	293	466	1.55e-40	160
AST13123.1	tr|A0A3G1WR69|A0A3G1WR69_9LAMI	39.623	212	109	4	2062	2273	256	448	1.61e-40	160
AST13123.1	tr|A0A3G1WR69|A0A3G1WR69_9LAMI	39.623	212	109	4	2062	2273	256	448	1.61e-40	160
AST13123.1	tr|A0A0B2NV59|A0A0B2NV59_GLYSO	49.091	165	77	3	2106	2270	251	408	1.62e-40	159
AST13123.1	tr|A0A0C4Y217|A0A0C4Y217_PAESU	43.333	180	92	4	2111	2286	56	229	1.69e-40	152
AST13123.1	tr|A0A0C4Y217|A0A0C4Y217_PAESU	43.333	180	92	4	2111	2286	56	229	1.69e-40	152
AST13123.1	tr|A0A2Z4HPX2|A0A2Z4HPX2_PYRPY	45.000	180	89	4	2111	2286	291	464	1.76e-40	160
AST13123.1	tr|T1NXM1|T1NXM1_FRAVE	43.889	180	91	4	2111	2286	293	466	1.80e-40	160
AST13123.1	tr|T1NXM1|T1NXM1_FRAVE	43.889	180	91	4	2111	2286	293	466	1.80e-40	160
AST13123.1	tr|B9SRN4|B9SRN4_RICCO	50.355	141	68	1	2133	2273	325	463	1.95e-40	160
AST13123.1	tr|B9SRN4|B9SRN4_RICCO	50.355	141	68	1	2133	2273	325	463	1.95e-40	160
AST13123.1	tr|B9RC29|B9RC29_RICCO	52.143	140	64	1	2133	2272	308	444	2.18e-40	159
AST13123.1	tr|B9RC29|B9RC29_RICCO	52.143	140	64	1	2133	2272	308	444	2.18e-40	159
AST13123.1	tr|A0A2Z4HPV9|A0A2Z4HPV9_PYRPY	45.000	180	89	4	2111	2286	291	464	2.19e-40	160
AST13123.1	tr|A0A151SPJ6|A0A151SPJ6_CAJCA	49.080	163	72	3	2115	2273	300	455	2.31e-40	160
AST13123.1	tr|A0A151SPJ6|A0A151SPJ6_CAJCA	49.080	163	72	3	2115	2273	300	455	2.31e-40	160
AST13123.1	tr|A0A0B2NY44|A0A0B2NY44_GLYSO	51.493	134	63	1	2134	2267	311	442	2.46e-40	159
AST13123.1	tr|G7L1C9|G7L1C9_MEDTR	52.500	160	69	2	2113	2272	301	453	2.62e-40	159
AST13123.1	sp|Q9LIP4|C71BX_ARATH	49.286	140	69	1	2134	2273	312	449	2.86e-40	159
AST13123.1	sp|O22203|C98A3_ARATH	49.296	142	70	1	2132	2273	308	447	3.49e-40	159
AST13123.1	sp|Q9CA60|C98A9_ARATH	44.444	171	89	3	2117	2287	283	447	3.68e-40	159
AST13123.1	tr|A0A6B9FBP9|A0A6B9FBP9_9ROSI	50.000	142	69	1	2132	2273	317	456	3.69e-40	159
AST13123.1	tr|A0A6B9FBP9|A0A6B9FBP9_9ROSI	50.000	142	69	1	2132	2273	317	456	3.69e-40	159
AST13123.1	tr|Q2MJ15|Q2MJ15_MEDTR	50.355	141	68	1	2133	2273	318	456	3.85e-40	159
AST13123.1	tr|D5M8Q3|D5M8Q3_9MAGN	47.799	159	74	4	2133	2286	313	467	4.02e-40	159
AST13123.1	tr|D5M8Q3|D5M8Q3_9MAGN	47.799	159	74	4	2133	2286	313	467	4.02e-40	159
AST13123.1	tr|A0A2G9I2Z1|A0A2G9I2Z1_9LAMI	46.296	162	80	4	2108	2267	294	450	4.08e-40	159
AST13123.1	tr|A0A2G9I2Z1|A0A2G9I2Z1_9LAMI	46.296	162	80	4	2108	2267	294	450	4.08e-40	159
AST13123.1	tr|B9TA51|B9TA51_RICCO	51.493	134	63	1	2134	2267	81	212	4.20e-40	152
AST13123.1	tr|B9TA51|B9TA51_RICCO	51.493	134	63	1	2134	2267	81	212	4.20e-40	152
AST13123.1	sp|Q9LIP5|C71BW_ARATH	46.626	163	82	2	2111	2273	291	448	4.30e-40	159
AST13123.1	sp|P24465|C71A1_PERAE	43.312	157	84	2	2111	2267	295	446	4.34e-40	159
AST13123.1	tr|T1NXM5|T1NXM5_FRAVE	43.333	180	92	4	2111	2286	293	466	4.42e-40	159
AST13123.1	tr|T1NXM5|T1NXM5_FRAVE	43.333	180	92	4	2111	2286	293	466	4.42e-40	159
AST13123.1	tr|Q84YI0|Q84YI0_TRIPR	50.877	171	67	5	1929	2084	213	381	4.93e-40	161
AST13123.1	tr|T1NXM2|T1NXM2_9ROSA	40.476	210	106	5	2090	2286	263	466	5.18e-40	159
AST13123.1	tr|T1NXM2|T1NXM2_9ROSA	40.476	210	106	5	2090	2286	263	466	5.18e-40	159
AST13123.1	tr|A0A1D8RCH1|A0A1D8RCH1_9BRAS	46.471	170	83	3	2118	2287	296	457	5.27e-40	158
AST13123.1	tr|A0A1D8RCH1|A0A1D8RCH1_9BRAS	46.471	170	83	3	2118	2287	296	457	5.27e-40	158
AST13123.1	tr|A0A2P6S6F2|A0A2P6S6F2_ROSCH	45.763	177	82	4	2107	2273	11	183	5.92e-40	150
AST13123.1	tr|A0A2G9H402|A0A2G9H402_9LAMI	45.763	177	90	3	2110	2286	289	459	6.42e-40	158
AST13123.1	tr|A0A2G9H402|A0A2G9H402_9LAMI	45.763	177	90	3	2110	2286	289	459	6.42e-40	158
AST13123.1	tr|B9RAS2|B9RAS2_RICCO	52.482	141	63	2	2131	2270	318	455	7.00e-40	158
AST13123.1	tr|B9RAS2|B9RAS2_RICCO	52.482	141	63	2	2131	2270	318	455	7.00e-40	158
AST13123.1	sp|Q9SP06|C80B3_PAPSO	51.429	140	65	1	2133	2272	295	431	7.14e-40	157
AST13123.1	sp|Q9LTM4|C71BJ_ARATH	49.635	137	68	1	2134	2270	315	450	8.47e-40	158
AST13123.1	tr|E9KBR9|E9KBR9_SOYBN	47.590	166	78	4	2110	2272	304	463	1.08e-39	158
AST13123.1	tr|A0A0B2R512|A0A0B2R512_GLYSO	46.250	160	81	2	2111	2270	227	381	1.11e-39	156
AST13123.1	tr|A0A0B2Q1Q4|A0A0B2Q1Q4_GLYSO	44.505	182	88	6	2110	2286	121	294	1.18e-39	152
AST13123.1	tr|V5QPP4|V5QPP4_ANTAD	45.283	159	78	4	2133	2286	91	245	1.32e-39	151
AST13123.1	tr|V5QPP4|V5QPP4_ANTAD	45.283	159	78	4	2133	2286	91	245	1.32e-39	151
AST13123.1	tr|B9SYN4|B9SYN4_RICCO	46.626	163	73	5	2133	2286	295	452	1.49e-39	157
AST13123.1	tr|B9SYN4|B9SYN4_RICCO	46.626	163	73	5	2133	2286	295	452	1.49e-39	157
AST13123.1	tr|A0A2P6QDB8|A0A2P6QDB8_ROSCH	42.857	161	87	2	2107	2267	136	291	1.52e-39	153
AST13123.1	tr|B9RLP6|B9RLP6_RICCO	50.345	145	66	2	2133	2273	260	402	1.64e-39	156
AST13123.1	tr|B9RLP6|B9RLP6_RICCO	50.345	145	66	2	2133	2273	260	402	1.64e-39	156
AST13123.1	sp|O65788|C71B2_ARATH	48.175	137	70	1	2134	2270	315	450	1.78e-39	157
AST13123.1	sp|A0A4D6Q415|CYP1_CROXC	50.943	159	69	4	2133	2286	312	466	1.84e-39	157
AST13123.1	tr|A0A7C9A276|A0A7C9A276_OPUST	45.342	161	83	2	2108	2268	32	187	2.16e-39	149
AST13123.1	tr|B9SJN4|B9SJN4_RICCO	48.936	141	70	1	2133	2273	312	450	2.31e-39	157
AST13123.1	tr|B9SJN4|B9SJN4_RICCO	48.936	141	70	1	2133	2273	312	450	2.31e-39	157
AST13123.1	tr|D5L6I0|D5L6I0_9ERIC	47.170	159	77	3	2133	2287	3	158	2.59e-39	146
AST13123.1	tr|D5L6I0|D5L6I0_9ERIC	47.170	159	77	3	2133	2287	3	158	2.59e-39	146
AST13123.1	tr|A0A2G9GCT6|A0A2G9GCT6_9LAMI	51.034	145	65	2	2133	2273	313	455	2.68e-39	156
AST13123.1	tr|A0A2G9GCT6|A0A2G9GCT6_9LAMI	51.034	145	65	2	2133	2273	313	455	2.68e-39	156
AST13123.1	tr|G7J474|G7J474_MEDTR	47.239	163	81	2	2108	2270	295	452	2.79e-39	156
AST13123.1	tr|A0A0B2RJS9|A0A0B2RJS9_GLYSO	51.748	143	63	3	2133	2272	198	337	2.86e-39	154
AST13123.1	tr|A0A0B2RJS9|A0A0B2RJS9_GLYSO	51.748	143	63	3	2133	2272	198	337	2.86e-39	154
AST13123.1	tr|A0A0B2S3A1|A0A0B2S3A1_GLYSO	51.799	139	65	1	2132	2270	309	445	3.09e-39	156
AST13123.1	tr|A0A0B2QXI7|A0A0B2QXI7_GLYSO	44.444	171	83	6	2120	2286	243	405	3.32e-39	155
AST13123.1	tr|A0A0B2QXI7|A0A0B2QXI7_GLYSO	44.444	171	83	6	2120	2286	243	405	3.32e-39	155
AST13123.1	tr|A0A0B2QEV9|A0A0B2QEV9_GLYSO	48.905	137	68	1	2134	2270	226	360	3.47e-39	154
AST13123.1	tr|B9SRM5|B9SRM5_RICCO	46.835	158	76	3	2117	2273	309	459	3.76e-39	156
AST13123.1	tr|B9SRM5|B9SRM5_RICCO	46.835	158	76	3	2117	2273	309	459	3.76e-39	156
AST13123.1	sp|Q6YTF5|C76M5_ORYSJ	48.611	144	66	3	2133	2273	314	452	3.85e-39	156
AST13123.1	tr|A0A0B2RYI7|A0A0B2RYI7_GLYSO	51.880	133	62	1	2134	2266	302	432	3.87e-39	156
AST13123.1	tr|A0A0B2QW52|A0A0B2QW52_GLYSO	52.857	140	64	1	2131	2270	314	451	3.90e-39	156
AST13123.1	tr|A0A2G9HGN9|A0A2G9HGN9_9LAMI	42.515	167	95	1	2131	2297	254	419	3.93e-39	155
AST13123.1	tr|A0A2G9HGN9|A0A2G9HGN9_9LAMI	42.515	167	95	1	2131	2297	254	419	3.93e-39	155
AST13123.1	sp|A0A0N9HT29|C71BE_SINHE	47.500	160	79	2	2108	2267	289	443	4.16e-39	156
AST13123.1	tr|G7L7J6|G7L7J6_MEDTR	48.227	141	71	1	2133	2273	320	458	4.24e-39	156
AST13123.1	sp|O04164|C71A6_NEPRA	44.186	172	89	3	2101	2270	290	456	4.67e-39	156
AST13123.1	tr|A0A0B2RM34|A0A0B2RM34_GLYSO	49.275	138	68	1	2134	2271	313	448	4.69e-39	155
AST13123.1	sp|Q9LTL2|C71BP_ARATH	50.746	134	65	1	2134	2267	316	448	4.95e-39	155
AST13123.1	tr|A0A2P6P5I3|A0A2P6P5I3_ROSCH	44.785	163	85	2	2108	2270	232	389	5.38e-39	154
AST13123.1	sp|E9KBR8|C9B16_SOYBN	42.222	180	94	5	2110	2286	304	476	5.47e-39	156
AST13123.1	tr|A0A0B2PSW0|A0A0B2PSW0_GLYSO	48.227	141	71	1	2133	2273	310	448	5.48e-39	155
AST13123.1	tr|A0A0B2PSW0|A0A0B2PSW0_GLYSO	48.227	141	71	1	2133	2273	310	448	5.48e-39	155
AST13123.1	tr|A0A7C9A036|A0A7C9A036_OPUST	45.000	160	83	2	2108	2267	32	186	5.50e-39	148
AST13123.1	sp|A0A0Y0GRS3|C76H3_SALMI	52.597	154	70	2	2133	2286	308	458	6.11e-39	155
AST13123.1	tr|A0A0B2RJK7|A0A0B2RJK7_GLYSO	48.077	156	77	3	2133	2287	319	471	6.58e-39	155
AST13123.1	tr|A0A0B2RJK7|A0A0B2RJK7_GLYSO	48.077	156	77	3	2133	2287	319	471	6.58e-39	155
AST13123.1	tr|A0A0N6XG41|A0A0N6XG41_LYCBA	43.094	181	91	4	2110	2286	299	471	6.92e-39	155
AST13123.1	tr|A0A0N6XG41|A0A0N6XG41_LYCBA	43.094	181	91	4	2110	2286	299	471	6.92e-39	155
AST13123.1	tr|A0A7C9A2P1|A0A7C9A2P1_OPUST	46.203	158	78	2	2110	2267	36	186	6.93e-39	147
AST13123.1	tr|A0A0B4KIC0|A0A0B4KIC0_PRUPE	41.667	180	95	4	2111	2286	44	217	7.08e-39	148
AST13123.1	tr|A0A0B4KIC0|A0A0B4KIC0_PRUPE	41.667	180	95	4	2111	2286	44	217	7.08e-39	148
AST13123.1	sp|W8JCE8|CYBT1_CATRO	50.000	138	67	1	2133	2270	318	453	7.62e-39	155
AST13123.1	tr|J7FTV2|J7FTV2_COFAR	48.936	141	70	1	2133	2273	309	447	8.11e-39	155
AST13123.1	tr|J7FTV2|J7FTV2_COFAR	48.936	141	70	1	2133	2273	309	447	8.11e-39	155
AST13123.1	tr|A0A0A1E1Y4|A0A0A1E1Y4_9SOLA	42.857	182	92	4	2110	2287	299	472	8.16e-39	155
AST13123.1	tr|A0A0A1E1Y4|A0A0A1E1Y4_9SOLA	42.857	182	92	4	2110	2287	299	472	8.16e-39	155
AST13123.1	tr|A0A0A1E1K2|A0A0A1E1K2_9SOLA	42.857	182	92	4	2110	2287	299	472	8.47e-39	155
AST13123.1	tr|A0A0A1E1K2|A0A0A1E1K2_9SOLA	42.857	182	92	4	2110	2287	299	472	8.47e-39	155
AST13123.1	tr|A0A0B2P1G2|A0A0B2P1G2_GLYSO	52.239	134	62	2	2134	2267	303	434	8.49e-39	155
AST13123.1	sp|P47195|C80A1_BERST	47.222	144	74	1	2130	2273	297	438	8.74e-39	154
AST13123.1	tr|B9T1C6|B9T1C6_RICCO	43.575	179	95	3	2108	2286	294	466	1.07e-38	154
AST13123.1	tr|B9T1C6|B9T1C6_RICCO	43.575	179	95	3	2108	2286	294	466	1.07e-38	154
AST13123.1	tr|A0A0N6VV42|A0A0N6VV42_LYCRU	43.094	181	91	4	2110	2286	299	471	1.07e-38	155
AST13123.1	tr|A0A0N6VV42|A0A0N6VV42_LYCRU	43.094	181	91	4	2110	2286	299	471	1.07e-38	155
AST13123.1	tr|B9RCY8|B9RCY8_RICCO	51.493	134	63	1	2134	2267	254	385	1.11e-38	153
AST13123.1	tr|B9RCY8|B9RCY8_RICCO	51.493	134	63	1	2134	2267	254	385	1.11e-38	153
AST13123.1	tr|B9RMU6|B9RMU6_RICCO	45.752	153	80	3	2134	2286	19	168	1.15e-38	145
AST13123.1	tr|B9RMU6|B9RMU6_RICCO	45.752	153	80	3	2134	2286	19	168	1.15e-38	145
AST13123.1	tr|A0A2P6P3K7|A0A2P6P3K7_ROSCH	42.927	205	107	6	2110	2310	295	493	1.38e-38	154
AST13123.1	sp|Q9LIP3|C71BY_ARATH	48.571	140	70	1	2134	2273	312	449	1.43e-38	154
AST13123.1	tr|A0A151TAP4|A0A151TAP4_CAJCA	48.936	141	70	1	2133	2273	310	448	1.48e-38	154
AST13123.1	tr|A0A151TAP4|A0A151TAP4_CAJCA	48.936	141	70	1	2133	2273	310	448	1.48e-38	154
AST13123.1	tr|A0A0B2PQJ7|A0A0B2PQJ7_GLYSO	43.646	181	89	6	2111	2286	213	385	1.50e-38	152
AST13123.1	tr|A0A0B2PQJ7|A0A0B2PQJ7_GLYSO	43.646	181	89	6	2111	2286	213	385	1.50e-38	152
AST13123.1	tr|A0A0B2PHU6|A0A0B2PHU6_GLYSO	50.000	138	67	1	2133	2270	298	433	1.57e-38	154
AST13123.1	tr|G7KAS9|G7KAS9_MEDTR	40.000	185	107	2	2133	2315	318	500	1.61e-38	154
AST13123.1	tr|F2VR48|F2VR48_PRUAV	42.778	180	93	4	2111	2286	290	463	2.00e-38	154
AST13123.1	tr|F2VR48|F2VR48_PRUAV	42.778	180	93	4	2111	2286	290	463	2.00e-38	154
AST13123.1	tr|A0A072UJ58|A0A072UJ58_MEDTR	48.201	139	70	1	2132	2270	13	149	2.01e-38	144
AST13123.1	tr|G7KAT1|G7KAT1_MEDTR	39.459	185	108	2	2133	2315	317	499	2.10e-38	154
AST13123.1	tr|A0A346TLE7|A0A346TLE7_NARPA	46.497	157	79	2	2117	2273	297	448	2.22e-38	154
AST13123.1	tr|A0A346TLE7|A0A346TLE7_NARPA	46.497	157	79	2	2117	2273	297	448	2.22e-38	154
AST13123.1	sp|Q9SZU1|C81F4_ARATH	43.182	176	93	4	2111	2286	288	456	2.49e-38	153
AST13123.1	tr|A0A2G9GCD1|A0A2G9GCD1_9LAMI	48.936	141	70	1	2133	2273	316	454	2.55e-38	154
AST13123.1	tr|A0A2G9GCD1|A0A2G9GCD1_9LAMI	48.936	141	70	1	2133	2273	316	454	2.55e-38	154
AST13123.1	sp|A0A068Q721|C7113_PRUMU	46.250	160	81	2	2108	2267	304	458	2.63e-38	154
AST13123.1	tr|B9SB73|B9SB73_RICCO	43.558	163	87	2	2108	2270	294	451	2.64e-38	153
AST13123.1	tr|B9SB73|B9SB73_RICCO	43.558	163	87	2	2108	2270	294	451	2.64e-38	153
AST13123.1	tr|A0A396H909|A0A396H909_MEDTR	48.227	141	71	1	2133	2273	310	448	3.02e-38	153
AST13123.1	tr|A0A5B7BLL4|A0A5B7BLL4_DAVIN	44.720	161	78	4	2133	2286	237	393	3.02e-38	152
AST13123.1	tr|A0A2P6R100|A0A2P6R100_ROSCH	48.905	137	68	1	2134	2270	322	456	3.03e-38	153
AST13123.1	tr|A0A2G9H6R5|A0A2G9H6R5_9LAMI	43.646	181	89	6	2111	2286	299	471	3.09e-38	153
AST13123.1	tr|A0A2G9H6R5|A0A2G9H6R5_9LAMI	43.646	181	89	6	2111	2286	299	471	3.09e-38	153
AST13123.1	tr|A0A2Z4N993|A0A2Z4N993_SALMI	46.541	159	78	3	2133	2287	313	468	3.15e-38	153
AST13123.1	tr|W5XJ46|W5XJ46_9BRYO	49.306	144	68	2	2129	2269	337	478	3.22e-38	154
AST13123.1	tr|W5XJ46|W5XJ46_9BRYO	49.306	144	68	2	2129	2269	337	478	3.22e-38	154
AST13123.1	tr|A0A0B2PHC1|A0A0B2PHC1_GLYSO	50.370	135	65	1	2132	2266	315	447	3.45e-38	153
AST13123.1	tr|A0A060L8Y9|A0A060L8Y9_ANTAD	45.912	159	77	4	2133	2286	310	464	3.52e-38	153
AST13123.1	tr|A0A060L8Y9|A0A060L8Y9_ANTAD	45.912	159	77	4	2133	2286	310	464	3.52e-38	153
AST13123.1	sp|O48922|C98A2_SOYBN	47.518	141	72	1	2133	2273	310	448	3.67e-38	153
AST13123.1	tr|A0A0B2PHR0|A0A0B2PHR0_GLYSO	47.518	141	72	1	2133	2273	310	448	3.80e-38	153
AST13123.1	tr|A0A0B2PHR0|A0A0B2PHR0_GLYSO	47.518	141	72	1	2133	2273	310	448	3.80e-38	153
AST13123.1	tr|A0A0B2RDS3|A0A0B2RDS3_GLYSO	52.555	137	63	2	2131	2267	249	383	4.06e-38	151
AST13123.1	tr|A0A7C9E274|A0A7C9E274_OPUST	46.875	160	80	3	2108	2267	288	442	4.22e-38	153
AST13123.1	tr|A0A3Q8QEF7|A0A3Q8QEF7_CICIN	45.122	164	84	2	2110	2273	284	441	4.51e-38	152
AST13123.1	sp|G3GBK0|C7BL3_CICIN	45.122	164	84	2	2110	2273	284	441	4.68e-38	152
AST13123.1	tr|A0A3Q8QEL6|A0A3Q8QEL6_CICEN	45.122	164	84	2	2110	2273	284	441	4.72e-38	152
AST13123.1	tr|A0A0A1DZD6|A0A0A1DZD6_9SOLA	42.541	181	92	4	2110	2286	298	470	4.74e-38	153
AST13123.1	tr|A0A0A1DZD6|A0A0A1DZD6_9SOLA	42.541	181	92	4	2110	2286	298	470	4.74e-38	153
AST13123.1	tr|A0A2P6PT75|A0A2P6PT75_ROSCH	49.351	154	74	3	2134	2286	319	469	4.86e-38	152
AST13123.1	sp|P58051|C71BE_ARATH	50.365	137	66	1	2134	2270	308	442	4.93e-38	152
AST13123.1	tr|A0A0B2PM13|A0A0B2PM13_GLYSO	46.667	135	70	1	2133	2267	243	375	5.01e-38	151
AST13123.1	tr|A0A2P6PT73|A0A2P6PT73_ROSCH	47.742	155	77	3	2134	2287	103	254	5.30e-38	147
AST13123.1	tr|A0A0B2RWP4|A0A0B2RWP4_GLYSO	46.763	139	72	1	2132	2270	313	449	5.56e-38	152
AST13123.1	tr|B9SB69|B9SB69_RICCO	51.825	137	64	1	2134	2270	318	452	5.66e-38	152
AST13123.1	tr|B9SB69|B9SB69_RICCO	51.825	137	64	1	2134	2270	318	452	5.66e-38	152
AST13123.1	tr|A0A2G9H8E5|A0A2G9H8E5_9LAMI	41.808	177	96	4	2110	2286	288	457	5.67e-38	152
AST13123.1	tr|A0A2G9H8E5|A0A2G9H8E5_9LAMI	41.808	177	96	4	2110	2286	288	457	5.67e-38	152
AST13123.1	sp|O81973|C93A3_SOYBN	45.223	157	79	4	2133	2286	317	469	5.87e-38	152
AST13123.1	tr|A0A0B2RUW9|A0A0B2RUW9_GLYSO	47.857	140	72	1	2131	2270	311	449	5.95e-38	152
AST13123.1	sp|P58050|C71BD_ARATH	49.635	137	67	1	2134	2270	308	442	6.40e-38	152
AST13123.1	sp|Q9XGT9|C93B2_GERHY	40.217	184	98	5	2108	2286	292	468	6.48e-38	152
AST13123.1	tr|Q2MJ11|Q2MJ11_MEDTR	43.169	183	91	5	2110	2286	297	472	6.51e-38	152
AST13123.1	tr|G7KUG5|G7KUG5_MEDTR	44.970	169	84	5	2120	2286	309	470	6.54e-38	152
AST13123.1	sp|Q42798|C93A1_SOYBN	43.860	171	84	6	2120	2286	306	468	6.75e-38	152
AST13123.1	sp|P0DO14|C71A5_GELSE	49.275	138	67	1	2133	2270	313	447	6.84e-38	152
AST13123.1	tr|B9T2D1|B9T2D1_RICCO	40.000	195	99	7	2102	2286	265	451	7.24e-38	152
AST13123.1	tr|B9T2D1|B9T2D1_RICCO	40.000	195	99	7	2102	2286	265	451	7.24e-38	152
AST13123.1	tr|A0A2P6P3K0|A0A2P6P3K0_ROSCH	44.444	180	93	5	2134	2309	139	315	7.87e-38	147
AST13123.1	tr|A0A1P7XNA0|A0A1P7XNA0_LYCRD	47.170	159	75	4	2133	2286	309	463	7.93e-38	152
AST13123.1	tr|I1WYE8|I1WYE8_PAELC	43.333	180	92	4	2111	2286	292	465	8.23e-38	152
AST13123.1	tr|I1WYE8|I1WYE8_PAELC	43.333	180	92	4	2111	2286	292	465	8.23e-38	152
AST13123.1	sp|A0A2H5AIX6|C3H_NARPS	45.860	157	80	2	2117	2273	297	448	8.36e-38	152
AST13123.1	sp|A0A2H5AIX6|C3H_NARPS	45.860	157	80	2	2117	2273	297	448	8.36e-38	152
AST13123.1	tr|A0A2I0B5A6|A0A2I0B5A6_9ASPA	48.551	138	68	1	2133	2267	324	461	8.66e-38	152
AST13123.1	tr|A0A2I0B5A6|A0A2I0B5A6_9ASPA	48.551	138	68	1	2133	2267	324	461	8.66e-38	152
AST13123.1	tr|A0A0B2PSA2|A0A0B2PSA2_GLYSO	50.725	138	65	3	2131	2267	247	382	9.32e-38	150
AST13123.1	tr|A0A2P6RYQ3|A0A2P6RYQ3_ROSCH	43.871	155	84	2	2133	2287	180	331	9.90e-38	148
AST13123.1	sp|Q9CA61|C98A8_ARATH	45.294	170	85	3	2118	2287	292	453	1.04e-37	151
AST13123.1	sp|Q96514|C71B7_ARATH	48.175	137	70	1	2134	2270	317	452	1.05e-37	152
AST13123.1	tr|G7KAS8|G7KAS8_MEDTR	40.217	184	106	2	2134	2315	321	502	1.07e-37	152
AST13123.1	tr|A0A7C9A213|A0A7C9A213_OPUST	44.375	160	84	2	2108	2267	32	186	1.08e-37	144
AST13123.1	tr|A0A2P6P3J6|A0A2P6P3J6_ROSCH	48.701	154	75	3	2134	2286	359	509	1.26e-37	152
AST13123.1	sp|Q69X58|C76M7_ORYSJ	46.897	145	72	3	2133	2274	310	452	1.29e-37	151
AST13123.1	tr|A0A151SPD8|A0A151SPD8_CAJCA	42.778	180	93	4	2111	2286	245	418	1.41e-37	150
AST13123.1	tr|A0A151SPD8|A0A151SPD8_CAJCA	42.778	180	93	4	2111	2286	245	418	1.41e-37	150
AST13123.1	tr|B9RRA1|B9RRA1_RICCO	43.976	166	89	3	2133	2297	329	491	1.74e-37	151
AST13123.1	tr|B9RRA1|B9RRA1_RICCO	43.976	166	89	3	2133	2297	329	491	1.74e-37	151
AST13123.1	sp|X2JE85|C7BL2_TANPA	43.293	164	87	2	2110	2273	286	443	1.88e-37	150
AST13123.1	tr|B9SB66|B9SB66_RICCO	51.095	137	65	1	2134	2270	318	452	1.90e-37	151
AST13123.1	tr|B9SB66|B9SB66_RICCO	51.095	137	65	1	2134	2270	318	452	1.90e-37	151
AST13123.1	tr|A0A6M5CTG4|A0A6M5CTG4_9ASPA	57.042	142	58	2	2133	2273	309	448	2.11e-37	150
AST13123.1	tr|A0A396I116|A0A396I116_MEDTR	45.342	161	79	3	2112	2270	11	164	2.28e-37	142
AST13123.1	tr|Q2XP00|Q2XP00_ANTMA	45.570	158	79	3	2133	2286	322	476	2.34e-37	151
AST13123.1	tr|Q2XP00|Q2XP00_ANTMA	45.570	158	79	3	2133	2286	322	476	2.34e-37	151
AST13123.1	tr|A0A151TY44|A0A151TY44_CAJCA	42.365	203	107	6	2111	2310	285	480	2.37e-37	150
AST13123.1	tr|A0A072U202|A0A072U202_MEDTR	41.304	184	96	6	2107	2286	227	402	2.41e-37	149
AST13123.1	tr|W5XJ66|W5XJ66_9BRYO	43.902	164	84	3	2111	2271	348	506	2.43e-37	152
AST13123.1	tr|W5XJ66|W5XJ66_9BRYO	43.902	164	84	3	2111	2271	348	506	2.43e-37	152
AST13123.1	tr|A0A2I0AWD6|A0A2I0AWD6_9ASPA	48.428	159	74	4	2133	2286	310	465	2.64e-37	150
AST13123.1	tr|A0A2I0AWD6|A0A2I0AWD6_9ASPA	48.428	159	74	4	2133	2286	310	465	2.64e-37	150
AST13123.1	tr|A0A0B2SAU4|A0A0B2SAU4_GLYSO	46.377	138	72	1	2133	2270	241	376	2.76e-37	149
AST13123.1	tr|A0A396JSJ8|A0A396JSJ8_MEDTR	42.222	180	93	6	2110	2286	316	487	2.91e-37	151
AST13123.1	sp|Q6QNI4|C71AJ_AMMMJ	42.135	178	95	3	2133	2310	307	476	3.05e-37	150
AST13123.1	tr|A0A0B2QXH2|A0A0B2QXH2_GLYSO	45.223	157	79	4	2133	2286	309	461	3.24e-37	150
AST13123.1	tr|A0A0B2QXH2|A0A0B2QXH2_GLYSO	45.223	157	79	4	2133	2286	309	461	3.24e-37	150
AST13123.1	sp|Q42799|C93A2_SOYBN	45.223	157	79	4	2133	2286	309	461	3.24e-37	150
AST13123.1	sp|Q9SAE3|C71BS_ARATH	47.445	137	71	1	2134	2270	311	446	3.36e-37	150
AST13123.1	tr|A0A2P6RYS2|A0A2P6RYS2_ROSCH	46.809	141	73	1	2133	2273	379	517	3.79e-37	151
AST13123.1	sp|Q9LIP6|C71BV_ARATH	47.143	140	72	1	2134	2273	312	449	3.91e-37	150
AST13123.1	sp|Q9SAE4|C71BT_ARATH	48.175	137	70	1	2134	2270	311	446	4.16e-37	149
AST13123.1	tr|A0A2P6PD97|A0A2P6PD97_ROSCH	45.251	179	91	4	2110	2287	296	468	4.66e-37	150
AST13123.1	sp|P0DO13|C71A4_RAUSE	48.175	137	69	1	2131	2267	311	445	4.77e-37	150
AST13123.1	tr|B9RHX6|B9RHX6_RICCO	43.312	157	84	2	2111	2267	261	412	5.00e-37	149
AST13123.1	tr|B9RHX6|B9RHX6_RICCO	43.312	157	84	2	2111	2267	261	412	5.00e-37	149
AST13123.1	sp|W8JIT4|CYPD2_CATRO	45.570	158	81	2	2110	2267	299	451	5.24e-37	149
AST13123.1	sp|Q9SBQ9|F3PH_PETHY	43.452	168	84	3	2110	2273	296	456	5.28e-37	150
AST13123.1	tr|A0A7C9AQ63|A0A7C9AQ63_OPUST	47.727	132	67	1	2136	2267	1	130	5.51e-37	140
AST13123.1	tr|A0A0B2PCC7|A0A0B2PCC7_GLYSO	41.975	162	82	4	2133	2286	313	470	6.26e-37	149
AST13123.1	tr|A0A0B2PCC7|A0A0B2PCC7_GLYSO	41.975	162	82	4	2133	2286	313	470	6.26e-37	149
AST13123.1	sp|Q42600|C84A1_ARATH	45.860	157	78	5	2133	2287	329	480	6.40e-37	149
AST13123.1	sp|Q9LVD2|C71BA_ARATH	49.630	135	67	1	2134	2267	312	446	6.54e-37	149
AST13123.1	tr|A0A151UE11|A0A151UE11_CAJCA	41.358	162	84	4	2132	2286	14	171	6.55e-37	141
AST13123.1	tr|A0A7C9E832|A0A7C9E832_OPUST	47.761	134	68	1	2134	2267	225	356	7.76e-37	146
AST13123.1	tr|A0A2I0B5B1|A0A2I0B5B1_9ASPA	50.360	139	65	3	2133	2267	322	460	7.90e-37	149
AST13123.1	tr|A0A2I0B5B1|A0A2I0B5B1_9ASPA	50.360	139	65	3	2133	2267	322	460	7.90e-37	149
AST13123.1	sp|C0SJS4|C71AJ_APIGR	48.551	138	69	2	2133	2270	300	435	8.02e-37	148
AST13123.1	tr|A0A396JP62|A0A396JP62_MEDTR	44.586	157	79	5	2133	2286	342	493	9.12e-37	149
AST13123.1	tr|A0A2Z4N9A5|A0A2Z4N9A5_SALMI	46.207	145	72	2	2133	2273	314	456	9.49e-37	149
AST13123.1	tr|A0A5B7AK51|A0A5B7AK51_DAVIN	44.586	157	80	5	2133	2287	320	471	9.62e-37	149
AST13123.1	tr|A0A0B2Q9A1|A0A0B2Q9A1_GLYSO	39.604	202	112	4	2110	2309	315	508	9.77e-37	149
AST13123.1	tr|A0A2P6S6G0|A0A2P6S6G0_ROSCH	42.941	170	87	4	2108	2273	55	218	1.01e-36	142
AST13123.1	sp|P93149|C93B1_GLYEC	43.827	162	79	5	2132	2286	313	469	1.10e-36	149
AST13123.1	tr|A0A0B2RFD5|A0A0B2RFD5_GLYSO	46.286	175	82	4	2105	2269	62	234	1.15e-36	152
AST13123.1	tr|A0A0B2RFD5|A0A0B2RFD5_GLYSO	46.286	175	82	4	2105	2269	62	234	1.15e-36	152
AST13123.1	tr|D8SCG3|D8SCG3_SELML	46.479	142	74	1	2132	2273	330	469	1.17e-36	149
AST13123.1	tr|D8SCG3|D8SCG3_SELML	46.479	142	74	1	2132	2273	330	469	1.17e-36	149
AST13123.1	tr|A0A2I0AJF6|A0A2I0AJF6_9ASPA	49.630	135	64	2	2134	2267	323	454	1.20e-36	149
AST13123.1	tr|A0A2I0AJF6|A0A2I0AJF6_9ASPA	49.630	135	64	2	2134	2267	323	454	1.20e-36	149
AST13123.1	tr|A0A0B2R8M1|A0A0B2R8M1_GLYSO	48.201	139	70	1	2134	2272	156	292	1.21e-36	144
AST13123.1	sp|Q7G602|C75B3_ORYSJ	44.937	158	80	3	2133	2286	328	482	1.22e-36	149
AST13123.1	tr|F6M3L2|F6M3L2_9LAMI	47.333	150	72	4	2132	2278	310	455	1.34e-36	147
AST13123.1	sp|W8JDE2|C71Y1_CATRO	48.905	137	68	1	2131	2267	322	456	1.34e-36	149
AST13123.1	tr|G8A360|G8A360_MEDTR	46.875	160	75	3	2110	2266	302	454	1.37e-36	149
AST13123.1	sp|O49858|C82A3_SOYBN	44.578	166	87	3	2134	2297	334	496	1.40e-36	149
AST13123.1	tr|A0A0B2PI14|A0A0B2PI14_GLYSO	44.785	163	84	3	2108	2270	291	447	1.43e-36	148
AST13123.1	tr|B9RE29|B9RE29_RICCO	42.308	182	90	5	2110	2287	292	462	1.48e-36	148
AST13123.1	tr|B9RE29|B9RE29_RICCO	42.308	182	90	5	2110	2287	292	462	1.48e-36	148
AST13123.1	sp|Q9ZU07|C71BC_ARATH	47.101	138	71	1	2130	2267	304	439	1.54e-36	148
AST13123.1	sp|A0A0N7F297|C82D6_SINHE	35.931	231	137	5	2080	2309	282	502	1.58e-36	148
AST13123.1	tr|A0A0B2NUH9|A0A0B2NUH9_GLYSO	51.825	137	64	1	2131	2267	330	464	1.64e-36	148
AST13123.1	tr|A0A0B2SGD9|A0A0B2SGD9_GLYSO	50.725	138	66	1	2133	2270	298	433	1.69e-36	147
AST13123.1	tr|A0A678RV51|A0A678RV51_EUPPU	44.910	167	78	4	2110	2273	303	458	1.72e-36	148
AST13123.1	sp|P37121|C76A1_SOLME	50.602	166	77	2	2108	2273	259	419	1.94e-36	147
AST13123.1	tr|A0A072V0W0|A0A072V0W0_MEDTR	48.551	138	69	2	2133	2270	327	462	2.05e-36	148
AST13123.1	tr|R9WS52|R9WS52_9ROSI	44.304	158	81	3	2133	2286	311	465	2.16e-36	148
AST13123.1	tr|R9WS52|R9WS52_9ROSI	44.304	158	81	3	2133	2286	311	465	2.16e-36	148
AST13123.1	sp|Q6YTF1|C76M8_ORYSJ	45.833	144	73	3	2133	2273	310	451	2.58e-36	147
AST13123.1	sp|A0A343URW6|TEX1_CATRO	43.125	160	85	3	2111	2270	294	447	2.82e-36	147
AST13123.1	sp|I1TEM1|T3O_CATRO	50.000	138	63	5	2133	2267	319	453	3.04e-36	147
AST13123.1	tr|A0A0B2PKV4|A0A0B2PKV4_GLYSO	47.826	138	70	1	2133	2270	207	342	3.14e-36	144
AST13123.1	tr|B9RHW2|B9RHW2_RICCO	52.174	138	63	2	2133	2270	317	451	3.39e-36	147
AST13123.1	tr|B9RHW2|B9RHW2_RICCO	52.174	138	63	2	2133	2270	317	451	3.39e-36	147
AST13123.1	tr|A0A218WL77|A0A218WL77_PUNGR	46.875	160	75	3	2110	2266	295	447	3.47e-36	147
AST13123.1	tr|A0A218WL77|A0A218WL77_PUNGR	46.875	160	75	3	2110	2266	295	447	3.47e-36	147
AST13123.1	tr|A0A2P6RYR2|A0A2P6RYR2_ROSCH	46.809	141	73	1	2133	2273	314	452	3.64e-36	147
AST13123.1	tr|B9RHW4|B9RHW4_RICCO	52.143	140	62	4	2132	2270	311	446	3.70e-36	147
AST13123.1	tr|B9RHW4|B9RHW4_RICCO	52.143	140	62	4	2132	2270	311	446	3.70e-36	147
AST13123.1	tr|A0A2I0AUK1|A0A2I0AUK1_9ASPA	46.250	160	78	4	2132	2286	321	477	3.78e-36	147
AST13123.1	tr|A0A2I0AUK1|A0A2I0AUK1_9ASPA	46.250	160	78	4	2132	2286	321	477	3.78e-36	147
AST13123.1	tr|A0A455IC04|A0A455IC04_EUPPU	49.655	145	67	2	2133	2273	312	454	3.89e-36	147
AST13123.1	tr|B9SVN7|B9SVN7_RICCO	42.222	180	96	4	2108	2286	295	467	3.93e-36	147
AST13123.1	tr|B9SVN7|B9SVN7_RICCO	42.222	180	96	4	2108	2286	295	467	3.93e-36	147
AST13123.1	tr|A0A2P6QD81|A0A2P6QD81_ROSCH	46.715	137	71	1	2131	2267	316	450	4.10e-36	147
AST13123.1	sp|F8S1I0|C7BL2_LACSA	44.512	164	85	2	2110	2273	284	441	4.14e-36	146
AST13123.1	tr|A0A2P6SQR1|A0A2P6SQR1_ROSCH	47.742	155	77	3	2134	2287	314	465	4.26e-36	147
AST13123.1	sp|Q94FM7|C71DK_TOBAC	41.520	171	93	3	2108	2277	291	455	4.38e-36	147
AST13123.1	tr|A0A455JC55|A0A455JC55_EUPPU	49.655	145	67	2	2133	2273	311	453	4.69e-36	147
AST13123.1	tr|A0A455I265|A0A455I265_EUPPU	49.655	145	67	2	2133	2273	311	453	4.82e-36	147
AST13123.1	tr|A0A0B2QXR8|A0A0B2QXR8_GLYSO	42.500	160	87	3	2108	2267	199	353	5.84e-36	144
AST13123.1	sp|A0A1D6HSP4|C92C5_MAIZE	42.105	171	91	4	2106	2273	308	473	5.85e-36	147
AST13123.1	sp|H2DH24|C7D47_PANGI	46.479	142	72	2	2134	2273	212	351	5.88e-36	143
AST13123.1	sp|Q9XHC6|C93E1_SOYBN	40.541	185	97	5	2108	2286	295	472	6.02e-36	146
AST13123.1	tr|A0A151UFN2|A0A151UFN2_CAJCA	49.635	137	66	2	2134	2270	315	448	6.22e-36	146
AST13123.1	tr|A0A678SN46|A0A678SN46_EUPPU	44.311	167	79	4	2110	2273	303	458	6.25e-36	147
AST13123.1	tr|A0A396IKG4|A0A396IKG4_MEDTR	48.148	135	68	2	2133	2267	345	477	6.38e-36	147
AST13123.1	tr|B9SMA4|B9SMA4_RICCO	40.107	187	109	3	2131	2315	345	530	6.39e-36	147
AST13123.1	tr|B9SMA4|B9SMA4_RICCO	40.107	187	109	3	2131	2315	345	530	6.39e-36	147
AST13123.1	tr|B9R857|B9R857_RICCO	47.761	134	68	1	2134	2267	311	442	6.49e-36	146
AST13123.1	tr|B9R857|B9R857_RICCO	47.761	134	68	1	2134	2267	311	442	6.49e-36	146
AST13123.1	sp|P0DO22|V19H_CATRO	45.985	137	69	3	2133	2267	320	453	6.54e-36	146
AST13123.1	sp|O65790|C81F1_ARATH	38.916	203	111	5	2111	2310	291	483	6.63e-36	146
AST13123.1	sp|D5JBX1|GAO_BARSP	42.458	179	87	4	2107	2275	280	452	7.20e-36	146
AST13123.1	tr|B9RHW8|B9RHW8_RICCO	52.143	140	62	4	2132	2270	333	468	7.22e-36	146
AST13123.1	tr|B9RHW8|B9RHW8_RICCO	52.143	140	62	4	2132	2270	333	468	7.22e-36	146
AST13123.1	tr|G7J477|G7J477_MEDTR	47.407	135	69	2	2133	2267	329	461	7.47e-36	146
AST13123.1	sp|H2DH18|C7A12_PANGI	46.452	155	79	3	2133	2286	312	463	7.76e-36	146
AST13123.1	tr|W5XJS5|W5XJS5_9BRYO	47.586	145	70	2	2133	2273	321	463	8.02e-36	146
AST13123.1	tr|W5XJS5|W5XJS5_9BRYO	47.586	145	70	2	2133	2273	321	463	8.02e-36	146
AST13123.1	tr|A0A2I0B5P5|A0A2I0B5P5_9ASPA	45.342	161	80	4	2132	2287	318	475	8.29e-36	146
AST13123.1	tr|A0A2I0B5P5|A0A2I0B5P5_9ASPA	45.342	161	80	4	2132	2287	318	475	8.29e-36	146
AST13123.1	sp|P58049|C71BB_ARATH	47.445	137	70	1	2131	2267	305	439	9.42e-36	145
AST13123.1	tr|I0IV87|I0IV87_GLYSO	45.625	160	77	3	2110	2266	296	448	9.47e-36	146
AST13123.1	tr|I0IV87|I0IV87_GLYSO	45.625	160	77	3	2110	2266	296	448	9.47e-36	146
AST13123.1	sp|P37117|C71A4_SOLME	45.963	161	79	4	2108	2266	296	450	9.52e-36	146
AST13123.1	tr|A0A411DX85|A0A411DX85_CHRMO	51.402	107	52	0	2167	2273	2	108	9.77e-36	135
AST13123.1	tr|A0A5B7ANP0|A0A5B7ANP0_DAVIN	43.312	157	82	5	2133	2287	126	277	9.80e-36	141
AST13123.1	tr|A0A151SWK4|A0A151SWK4_CAJCA	48.905	137	67	2	2134	2270	271	404	1.07e-35	144
AST13123.1	sp|E1B2Z9|C7AV8_CICIN	39.269	219	113	6	2067	2271	236	448	1.09e-35	145
AST13123.1	sp|E1B2Z9|C7AV8_CICIN	39.269	219	113	6	2067	2271	236	448	1.09e-35	145
AST13123.1	sp|O48923|C71DA_SOYBN	45.714	140	74	1	2131	2270	320	457	1.15e-35	145
