AST13123.1	tr|A0A2G9GCU5|A0A2G9GCU5_9LAMI	62.411	141	51	1	2133	2273	308	446	2.47e-54	198
AST13123.1	tr|A0A0B2QKN3|A0A0B2QKN3_GLYSO	57.746	142	58	1	2131	2272	37	176	3.59e-53	186
AST13123.1	tr|A0A0B4VFR8|A0A0B4VFR8_PODPE	52.353	170	78	2	2105	2273	293	460	1.17e-51	191
AST13123.1	tr|A0A2S1RED8|A0A2S1RED8_CHRMO	60.993	141	53	1	2133	2273	308	446	2.36e-51	189
AST13123.1	tr|A0A6M3TXH1|A0A6M3TXH1_LITER	54.545	143	63	1	2131	2273	308	448	3.85e-49	183
AST13123.1	tr|B9RBW9|B9RBW9_RICCO	55.319	141	61	1	2133	2273	315	453	8.90e-49	182
AST13123.1	tr|B9SRM8|B9SRM8_RICCO	51.190	168	77	2	2106	2273	297	459	1.69e-48	181
AST13123.1	tr|A0A6M3TY96|A0A6M3TY96_LITER	51.748	143	67	1	2131	2273	305	445	1.85e-48	181
AST13123.1	tr|B9R9F5|B9R9F5_RICCO	52.597	154	69	2	2133	2286	309	458	2.02e-47	177
AST13123.1	tr|A0A1U9X5Z7|A0A1U9X5Z7_THAGA	51.445	173	75	4	2105	2273	292	459	1.09e-46	176
AST13123.1	tr|B9SRM6|B9SRM6_RICCO	51.553	161	71	2	2113	2273	300	453	1.26e-46	176
AST13123.1	tr|A0A1U9X5Y8|A0A1U9X5Y8_THAGA	54.610	141	62	1	2133	2273	319	457	1.20e-45	172
AST13123.1	tr|A0A0B2RI76|A0A0B2RI76_GLYSO	47.191	178	87	4	2111	2287	248	419	2.71e-45	171
AST13123.1	tr|B9SRN5|B9SRN5_RICCO	51.773	141	66	1	2133	2273	325	463	9.63e-45	170
AST13123.1	tr|B9SRN1|B9SRN1_RICCO	52.482	141	65	1	2133	2273	328	466	1.88e-44	169
AST13123.1	tr|B9SRN0|B9SRN0_RICCO	48.701	154	76	2	2133	2286	335	485	4.23e-44	169
AST13123.1	tr|B9SRM4|B9SRM4_RICCO	52.113	142	65	2	2133	2273	324	463	6.20e-44	168
AST13123.1	tr|A0A0B2QDG0|A0A0B2QDG0_GLYSO	43.889	180	91	4	2111	2286	294	467	1.42e-42	164
AST13123.1	tr|B9RHX9|B9RHX9_RICCO	48.701	154	75	2	2133	2286	240	389	3.55e-42	160
AST13123.1	tr|A0A1D8RCG3|A0A1D8RCG3_CHOTE	47.647	170	81	3	2118	2287	289	450	3.58e-42	162
AST13123.1	tr|A0A151TRR2|A0A151TRR2_CAJCA	43.889	180	91	4	2111	2286	284	457	4.23e-42	162
AST13123.1	tr|B9SJN3|B9SJN3_RICCO	48.052	154	75	2	2117	2270	194	342	4.92e-42	159
AST13123.1	tr|B9S5P8|B9S5P8_RICCO	50.355	141	68	1	2133	2273	317	455	6.47e-42	162
AST13123.1	tr|J7FYJ5|J7FYJ5_COFAR	51.064	141	67	1	2133	2273	309	447	7.45e-42	161
AST13123.1	tr|B9RHX8|B9RHX8_RICCO	49.351	154	74	2	2133	2286	310	459	1.26e-41	160
AST13123.1	tr|A0A2G9HLA0|A0A2G9HLA0_9LAMI	49.032	155	72	3	2120	2273	299	447	1.50e-41	160
AST13123.1	tr|A0A0B4KI85|A0A0B4KI85_PRUAR	43.333	180	92	4	2111	2286	44	217	1.58e-41	153
AST13123.1	tr|T1NXM6|T1NXM6_FRAVR	40.476	210	106	5	2090	2286	263	466	1.59e-41	160
AST13123.1	tr|A0A2G9HYB0|A0A2G9HYB0_9LAMI	46.914	162	79	4	2108	2267	294	450	1.75e-41	160
AST13123.1	tr|T1NXM4|T1NXM4_FRAAN	43.889	180	91	4	2111	2286	293	466	1.83e-41	160
AST13123.1	tr|T1NXM3|T1NXM3_FRAAN	43.889	180	91	4	2111	2286	293	466	2.09e-41	160
AST13123.1	tr|A0A3G1WR69|A0A3G1WR69_9LAMI	39.623	212	109	4	2062	2273	256	448	2.17e-41	160
AST13123.1	tr|A0A0C4Y217|A0A0C4Y217_PAESU	43.333	180	92	4	2111	2286	56	229	2.28e-41	152
AST13123.1	tr|T1NXM1|T1NXM1_FRAVE	43.889	180	91	4	2111	2286	293	466	2.42e-41	160
AST13123.1	tr|B9SRN4|B9SRN4_RICCO	50.355	141	68	1	2133	2273	325	463	2.62e-41	160
AST13123.1	tr|B9RC29|B9RC29_RICCO	52.143	140	64	1	2133	2272	308	444	2.93e-41	159
AST13123.1	tr|A0A151SPJ6|A0A151SPJ6_CAJCA	49.080	163	72	3	2115	2273	300	455	3.11e-41	160
AST13123.1	tr|A0A6B9FBP9|A0A6B9FBP9_9ROSI	50.000	142	69	1	2132	2273	317	456	4.96e-41	159
AST13123.1	tr|D5M8Q3|D5M8Q3_9MAGN	47.799	159	74	4	2133	2286	313	467	5.41e-41	159
AST13123.1	tr|A0A2G9I2Z1|A0A2G9I2Z1_9LAMI	46.296	162	80	4	2108	2267	294	450	5.49e-41	159
AST13123.1	tr|B9TA51|B9TA51_RICCO	51.493	134	63	1	2134	2267	81	212	5.65e-41	152
AST13123.1	tr|T1NXM5|T1NXM5_FRAVE	43.333	180	92	4	2111	2286	293	466	5.95e-41	159
AST13123.1	tr|T1NXM2|T1NXM2_9ROSA	40.476	210	106	5	2090	2286	263	466	6.97e-41	159
AST13123.1	tr|A0A1D8RCH1|A0A1D8RCH1_9BRAS	46.471	170	83	3	2118	2287	296	457	7.09e-41	158
AST13123.1	tr|A0A2G9H402|A0A2G9H402_9LAMI	45.763	177	90	3	2110	2286	289	459	8.64e-41	158
AST13123.1	tr|B9RAS2|B9RAS2_RICCO	52.482	141	63	2	2131	2270	318	455	9.41e-41	158
AST13123.1	tr|V5QPP4|V5QPP4_ANTAD	45.283	159	78	4	2133	2286	91	245	1.77e-40	151
AST13123.1	tr|B9SYN4|B9SYN4_RICCO	46.626	163	73	5	2133	2286	295	452	2.00e-40	157
AST13123.1	tr|B9RLP6|B9RLP6_RICCO	50.345	145	66	2	2133	2273	260	402	2.21e-40	156
AST13123.1	tr|B9SJN4|B9SJN4_RICCO	48.936	141	70	1	2133	2273	312	450	3.11e-40	157
AST13123.1	tr|D5L6I0|D5L6I0_9ERIC	47.170	159	77	3	2133	2287	3	158	3.49e-40	146
AST13123.1	tr|A0A2G9GCT6|A0A2G9GCT6_9LAMI	51.034	145	65	2	2133	2273	313	455	3.60e-40	156
AST13123.1	tr|A0A0B2RJS9|A0A0B2RJS9_GLYSO	51.748	143	63	3	2133	2272	198	337	3.85e-40	154
AST13123.1	tr|A0A0B2QXI7|A0A0B2QXI7_GLYSO	44.444	171	83	6	2120	2286	243	405	4.47e-40	155
AST13123.1	tr|B9SRM5|B9SRM5_RICCO	46.835	158	76	3	2117	2273	309	459	5.06e-40	156
AST13123.1	tr|A0A2G9HGN9|A0A2G9HGN9_9LAMI	42.515	167	95	1	2131	2297	254	419	5.29e-40	155
AST13123.1	tr|A0A0B2PSW0|A0A0B2PSW0_GLYSO	48.227	141	71	1	2133	2273	310	448	7.38e-40	155
AST13123.1	tr|A0A0B2RJK7|A0A0B2RJK7_GLYSO	48.077	156	77	3	2133	2287	319	471	8.86e-40	155
AST13123.1	tr|A0A0N6XG41|A0A0N6XG41_LYCBA	43.094	181	91	4	2110	2286	299	471	9.31e-40	155
AST13123.1	tr|A0A0B4KIC0|A0A0B4KIC0_PRUPE	41.667	180	95	4	2111	2286	44	217	9.53e-40	148
AST13123.1	tr|J7FTV2|J7FTV2_COFAR	48.936	141	70	1	2133	2273	309	447	1.09e-39	155
AST13123.1	tr|A0A0A1E1Y4|A0A0A1E1Y4_9SOLA	42.857	182	92	4	2110	2287	299	472	1.10e-39	155
AST13123.1	tr|A0A0A1E1K2|A0A0A1E1K2_9SOLA	42.857	182	92	4	2110	2287	299	472	1.14e-39	155
AST13123.1	tr|B9T1C6|B9T1C6_RICCO	43.575	179	95	3	2108	2286	294	466	1.43e-39	154
AST13123.1	tr|A0A0N6VV42|A0A0N6VV42_LYCRU	43.094	181	91	4	2110	2286	299	471	1.44e-39	155
AST13123.1	tr|B9RCY8|B9RCY8_RICCO	51.493	134	63	1	2134	2267	254	385	1.49e-39	153
AST13123.1	tr|B9RMU6|B9RMU6_RICCO	45.752	153	80	3	2134	2286	19	168	1.55e-39	145
AST13123.1	tr|A0A151TAP4|A0A151TAP4_CAJCA	48.936	141	70	1	2133	2273	310	448	1.99e-39	154
AST13123.1	tr|A0A0B2PQJ7|A0A0B2PQJ7_GLYSO	43.646	181	89	6	2111	2286	213	385	2.02e-39	152
AST13123.1	tr|F2VR48|F2VR48_PRUAV	42.778	180	93	4	2111	2286	290	463	2.70e-39	154
AST13123.1	tr|A0A346TLE7|A0A346TLE7_NARPA	46.497	157	79	2	2117	2273	297	448	2.99e-39	154
AST13123.1	tr|A0A2G9GCD1|A0A2G9GCD1_9LAMI	48.936	141	70	1	2133	2273	316	454	3.43e-39	154
AST13123.1	tr|B9SB73|B9SB73_RICCO	43.558	163	87	2	2108	2270	294	451	3.55e-39	153
AST13123.1	tr|A0A2G9H6R5|A0A2G9H6R5_9LAMI	43.646	181	89	6	2111	2286	299	471	4.15e-39	153
AST13123.1	tr|W5XJ46|W5XJ46_9BRYO	49.306	144	68	2	2129	2269	337	478	4.33e-39	154
AST13123.1	tr|A0A060L8Y9|A0A060L8Y9_ANTAD	45.912	159	77	4	2133	2286	310	464	4.74e-39	153
AST13123.1	tr|A0A0B2PHR0|A0A0B2PHR0_GLYSO	47.518	141	72	1	2133	2273	310	448	5.12e-39	153
AST13123.1	tr|A0A0A1DZD6|A0A0A1DZD6_9SOLA	42.541	181	92	4	2110	2286	298	470	6.38e-39	153
AST13123.1	tr|B9SB69|B9SB69_RICCO	51.825	137	64	1	2134	2270	318	452	7.62e-39	152
AST13123.1	tr|A0A2G9H8E5|A0A2G9H8E5_9LAMI	41.808	177	96	4	2110	2286	288	457	7.63e-39	152
AST13123.1	tr|B9T2D1|B9T2D1_RICCO	40.000	195	99	7	2102	2286	265	451	9.74e-39	152
AST13123.1	tr|I1WYE8|I1WYE8_PAELC	43.333	180	92	4	2111	2286	292	465	1.11e-38	152
AST13123.1	sp|A0A2H5AIX6|C3H_NARPS	45.860	157	80	2	2117	2273	297	448	1.12e-38	152
AST13123.1	tr|A0A2I0B5A6|A0A2I0B5A6_9ASPA	48.551	138	68	1	2133	2267	324	461	1.16e-38	152
AST13123.1	tr|A0A151SPD8|A0A151SPD8_CAJCA	42.778	180	93	4	2111	2286	245	418	1.90e-38	150
AST13123.1	tr|B9RRA1|B9RRA1_RICCO	43.976	166	89	3	2133	2297	329	491	2.34e-38	151
AST13123.1	tr|B9SB66|B9SB66_RICCO	51.095	137	65	1	2134	2270	318	452	2.56e-38	151
AST13123.1	tr|Q2XP00|Q2XP00_ANTMA	45.570	158	79	3	2133	2286	322	476	3.15e-38	151
AST13123.1	tr|W5XJ66|W5XJ66_9BRYO	43.902	164	84	3	2111	2271	348	506	3.27e-38	152
AST13123.1	tr|A0A2I0AWD6|A0A2I0AWD6_9ASPA	48.428	159	74	4	2133	2286	310	465	3.55e-38	150
AST13123.1	tr|A0A0B2QXH2|A0A0B2QXH2_GLYSO	45.223	157	79	4	2133	2286	309	461	4.36e-38	150
AST13123.1	tr|B9RHX6|B9RHX6_RICCO	43.312	157	84	2	2111	2267	261	412	6.73e-38	149
AST13123.1	tr|A0A0B2PCC7|A0A0B2PCC7_GLYSO	41.975	162	82	4	2133	2286	313	470	8.42e-38	149
AST13123.1	tr|A0A2I0B5B1|A0A2I0B5B1_9ASPA	50.360	139	65	3	2133	2267	322	460	1.06e-37	149
AST13123.1	tr|A0A0B2RFD5|A0A0B2RFD5_GLYSO	46.286	175	82	4	2105	2269	62	234	1.55e-37	152
AST13123.1	tr|D8SCG3|D8SCG3_SELML	46.479	142	74	1	2132	2273	330	469	1.58e-37	149
AST13123.1	tr|A0A2I0AJF6|A0A2I0AJF6_9ASPA	49.630	135	64	2	2134	2267	323	454	1.62e-37	149
AST13123.1	tr|B9RE29|B9RE29_RICCO	42.308	182	90	5	2110	2287	292	462	1.99e-37	148
AST13123.1	tr|R9WS52|R9WS52_9ROSI	44.304	158	81	3	2133	2286	311	465	2.91e-37	148
AST13123.1	tr|B9RHW2|B9RHW2_RICCO	52.174	138	63	2	2133	2270	317	451	4.57e-37	147
AST13123.1	tr|A0A218WL77|A0A218WL77_PUNGR	46.875	160	75	3	2110	2266	295	447	4.67e-37	147
AST13123.1	tr|B9RHW4|B9RHW4_RICCO	52.143	140	62	4	2132	2270	311	446	4.97e-37	147
AST13123.1	tr|A0A2I0AUK1|A0A2I0AUK1_9ASPA	46.250	160	78	4	2132	2286	321	477	5.08e-37	147
AST13123.1	tr|B9SVN7|B9SVN7_RICCO	42.222	180	96	4	2108	2286	295	467	5.28e-37	147
AST13123.1	tr|B9SMA4|B9SMA4_RICCO	40.107	187	109	3	2131	2315	345	530	8.60e-37	147
AST13123.1	tr|B9R857|B9R857_RICCO	47.761	134	68	1	2134	2267	311	442	8.74e-37	146
AST13123.1	tr|B9RHW8|B9RHW8_RICCO	52.143	140	62	4	2132	2270	333	468	9.71e-37	146
AST13123.1	tr|W5XJS5|W5XJS5_9BRYO	47.586	145	70	2	2133	2273	321	463	1.08e-36	146
AST13123.1	tr|A0A2I0B5P5|A0A2I0B5P5_9ASPA	45.342	161	80	4	2132	2287	318	475	1.12e-36	146
AST13123.1	tr|I0IV87|I0IV87_GLYSO	45.625	160	77	3	2110	2266	296	448	1.27e-36	146
AST13123.1	sp|E1B2Z9|C7AV8_CICIN	39.269	219	113	6	2067	2271	236	448	1.47e-36	145
AST13123.1	tr|A0A2I0B5A7|A0A2I0B5A7_9ASPA	48.551	138	68	1	2133	2267	323	460	2.63e-36	145
AST13123.1	tr|A0A2G9GCC6|A0A2G9GCC6_9LAMI	41.104	163	91	2	2110	2272	296	453	2.81e-36	145
AST13123.1	tr|R9WPB6|R9WPB6_9ROSI	43.125	160	81	3	2110	2266	296	448	3.18e-36	145
AST13123.1	tr|A0A0B2PPF9|A0A0B2PPF9_GLYSO	40.437	183	95	5	2110	2286	137	311	3.68e-36	140
AST13123.1	tr|D0EUZ8|D0EUZ8_9ERIC	44.375	160	79	3	2110	2266	296	448	3.97e-36	144
AST13123.1	tr|W5XRQ0|W5XRQ0_9BRYO	42.500	160	85	3	2132	2287	373	529	4.23e-36	145
AST13123.1	tr|F4YYF2|F4YYF2_CYNCS	47.586	145	70	2	2133	2273	313	455	5.27e-36	144
AST13123.1	tr|B9RHX0|B9RHX0_RICCO	50.000	136	65	2	2132	2267	309	441	5.49e-36	144
AST13123.1	tr|A0A2N9QL60|A0A2N9QL60_9MAGN	43.262	141	78	1	2133	2273	315	453	6.70e-36	144
AST13123.1	tr|B9R991|B9R991_RICCO	48.252	143	72	1	2131	2273	309	449	7.23e-36	144
AST13123.1	tr|A0A2P6QLQ8|A0A2P6QLQ8_ROSCH	37.879	198	114	4	2111	2308	296	484	8.66e-36	143
AST13123.1	tr|B9RAR9|B9RAR9_RICCO	45.652	138	73	2	2133	2270	320	455	8.69e-36	143
AST13123.1	tr|D2XSY7|D2XSY7_CHRMO	44.937	158	80	3	2133	2286	309	463	9.27e-36	143
AST13123.1	tr|G7K579|G7K579_MEDTR	38.462	208	114	6	2111	2315	293	489	1.20e-35	143
AST13123.1	tr|B9RHI5|B9RHI5_RICCO	43.030	165	80	5	2131	2286	338	497	1.23e-35	144
AST13123.1	tr|A0A159AKL8|A0A159AKL8_THYVU	41.969	193	104	4	2120	2310	300	486	1.38e-35	142
AST13123.1	tr|B9R7L3|B9R7L3_RICCO	41.111	180	100	3	2134	2310	334	510	1.39e-35	143
AST13123.1	sp|Q6WNQ8|C81E8_MEDTR	42.614	176	90	5	2111	2286	293	457	1.68e-35	142
AST13123.1	tr|B9RQJ9|B9RQJ9_RICCO	46.099	141	74	1	2133	2273	329	467	1.71e-35	143
AST13123.1	tr|B9RAS4|B9RAS4_RICCO	38.579	197	113	5	2131	2322	334	527	1.78e-35	143
AST13123.1	tr|A0A0B2PI80|A0A0B2PI80_GLYSO	46.970	132	68	1	2133	2264	87	216	1.81e-35	134
AST13123.1	tr|A0A2G9HNG5|A0A2G9HNG5_9LAMI	43.827	162	81	4	2111	2270	288	441	2.02e-35	142
AST13123.1	tr|A0A3Q7K757|A0A3Q7K757_CICAR	40.741	162	85	4	2132	2286	315	472	2.48e-35	142
AST13123.1	tr|D5M8Q4|D5M8Q4_9MAGN	43.949	157	78	3	2113	2266	299	448	2.80e-35	142
AST13123.1	tr|A0A151RSE4|A0A151RSE4_CAJCA	43.750	160	80	3	2110	2266	246	398	2.90e-35	140
AST13123.1	tr|B9T234|B9T234_RICCO	49.630	135	65	2	2133	2267	309	440	3.17e-35	141
AST13123.1	tr|A0A151SNY4|A0A151SNY4_CAJCA	47.857	140	71	1	2133	2272	223	360	3.18e-35	139
AST13123.1	tr|D2XSY8|D2XSY8_CHRMO	44.304	158	81	3	2133	2286	309	463	3.36e-35	142
AST13123.1	tr|D2XSZ1|D2XSZ1_CHRMO	44.304	158	81	3	2133	2286	309	463	3.52e-35	141
AST13123.1	tr|D2XSZ0|D2XSZ0_CHRMO	44.304	158	81	3	2133	2286	309	463	3.52e-35	141
AST13123.1	tr|Q17UB9|Q17UB9_CUCME	46.429	140	71	2	2133	2270	23	160	3.56e-35	132
AST13123.1	tr|D2XSZ2|D2XSZ2_CHRMO	44.304	158	81	3	2133	2286	309	463	3.86e-35	141
AST13123.1	tr|B9RHW6|B9RHW6_RICCO	47.482	139	70	2	2132	2270	346	481	3.87e-35	142
AST13123.1	tr|A0A2S1Q4X0|A0A2S1Q4X0_CHRMO	44.304	158	81	3	2133	2286	309	463	3.90e-35	141
AST13123.1	tr|A0A2I0APA9|A0A2I0APA9_9ASPA	46.429	140	73	2	2133	2272	393	530	3.95e-35	142
AST13123.1	tr|A0A2G9HN86|A0A2G9HN86_9LAMI	40.625	160	89	3	2111	2270	156	309	3.99e-35	138
AST13123.1	tr|B9RAS3|B9RAS3_RICCO	46.099	141	75	1	2131	2270	328	468	4.08e-35	142
AST13123.1	tr|B9R855|B9R855_RICCO	47.015	134	69	1	2134	2267	309	440	4.12e-35	141
AST13123.1	tr|B9RLJ1|B9RLJ1_RICCO	50.355	141	66	3	2133	2272	326	463	4.68e-35	141
AST13123.1	tr|A0A2I0A2H7|A0A2I0A2H7_9ASPA	45.625	160	77	5	2133	2286	322	477	6.36e-35	141
AST13123.1	tr|B9RBR7|B9RBR7_RICCO	42.857	147	78	2	2131	2273	1	145	6.98e-35	132
AST13123.1	tr|B9SB72|B9SB72_RICCO	45.455	154	77	2	2117	2270	277	423	7.00e-35	140
AST13123.1	tr|D2XSY9|D2XSY9_CHRMO	44.304	158	81	3	2133	2286	309	463	9.17e-35	140
AST13123.1	tr|W5XJ71|W5XJ71_9BRYO	44.295	149	76	3	2129	2273	316	461	9.67e-35	140
AST13123.1	tr|B9RM57|B9RM57_RICCO	41.667	156	86	2	2111	2266	297	447	9.91e-35	140
AST13123.1	tr|B9SG18|B9SG18_RICCO	37.186	199	119	3	2111	2309	105	297	1.09e-34	135
AST13123.1	tr|B9RBR1|B9RBR1_RICCO	42.857	147	78	2	2131	2273	50	194	1.42e-34	132
AST13123.1	tr|A0A2I0AA38|A0A2I0AA38_9ASPA	42.683	164	88	3	2108	2270	291	449	1.50e-34	139
AST13123.1	tr|A0A2I0AA26|A0A2I0AA26_9ASPA	40.000	160	91	2	2108	2267	292	446	1.59e-34	139
AST13123.1	tr|B9RBQ8|B9RBQ8_RICCO	44.156	154	83	2	2133	2286	327	477	1.82e-34	139
AST13123.1	tr|I6XNK2|I6XNK2_TRIRP	40.741	162	85	4	2132	2286	315	472	1.85e-34	140
AST13123.1	tr|A0A0N6VV47|A0A0N6VV47_LYCRU	44.025	159	81	3	2111	2266	293	446	2.13e-34	139
AST13123.1	tr|A0A0N6XEU6|A0A0N6XEU6_LYCBA	43.114	167	85	3	2110	2273	294	453	2.28e-34	139
AST13123.1	tr|A0A072UNJ5|A0A072UNJ5_MEDTR	40.113	177	102	3	2133	2309	317	489	2.44e-34	139
AST13123.1	tr|G7JRC7|G7JRC7_MEDTR	44.156	154	78	4	2133	2286	300	445	2.77e-34	139
AST13123.1	tr|A0A2G9FYA3|A0A2G9FYA3_9LAMI	41.975	162	84	4	2111	2270	288	441	3.29e-34	138
AST13123.1	tr|A0A2G9FXM5|A0A2G9FXM5_9LAMI	48.611	144	64	3	2113	2253	293	429	3.40e-34	138
AST13123.1	tr|A0A0A1E1Y9|A0A0A1E1Y9_9SOLA	43.750	160	80	3	2110	2266	295	447	4.20e-34	138
AST13123.1	tr|A0A2G9HNW3|A0A2G9HNW3_9LAMI	45.985	137	71	2	2134	2270	245	378	5.21e-34	136
AST13123.1	tr|B9SYM5|B9SYM5_RICCO	37.079	178	107	3	2134	2309	333	507	5.56e-34	138
AST13123.1	tr|A0A0A1E4E0|A0A0A1E4E0_9SOLA	43.750	160	80	3	2110	2266	295	447	6.40e-34	138
AST13123.1	tr|A0A0A1DZ21|A0A0A1DZ21_9SOLA	43.750	160	80	3	2110	2266	295	447	6.64e-34	137
AST13123.1	tr|A0A2G9GE28|A0A2G9GE28_9LAMI	42.553	141	79	1	2133	2273	299	437	6.71e-34	137
AST13123.1	tr|A0A173H1Q1|A0A173H1Q1_9LAMI	46.903	113	58	1	2133	2245	1	111	1.32e-33	125
AST13123.1	tr|A0A2P6RS06|A0A2P6RS06_ROSCH	35.859	198	118	4	2111	2308	296	484	1.36e-33	137
AST13123.1	tr|A0A251SU99|A0A251SU99_HELAN	42.857	161	85	3	2107	2266	280	434	1.55e-33	136
AST13123.1	tr|A0A2G9GE26|A0A2G9GE26_9LAMI	41.135	141	81	1	2133	2273	318	456	1.66e-33	136
AST13123.1	tr|B9RMP3|B9RMP3_RICCO	41.250	160	87	3	2108	2266	302	455	1.92e-33	136
AST13123.1	tr|B9S9Q2|B9S9Q2_RICCO	55.556	135	58	1	2133	2267	312	444	1.98e-33	136
AST13123.1	tr|B9T233|B9T233_RICCO	46.377	138	71	2	2133	2270	309	443	2.03e-33	136
AST13123.1	tr|A0A0A0RI01|A0A0A0RI01_PAELC	47.205	161	78	2	2113	2273	300	453	2.06e-33	136
AST13123.1	tr|W5XJ38|W5XJ38_9BRYO	42.690	171	89	5	2107	2273	297	462	2.22e-33	136
AST13123.1	tr|A0A0B2QWB5|A0A0B2QWB5_GLYSO	40.120	167	90	3	2110	2273	143	302	2.44e-33	132
AST13123.1	tr|B9RHX3|B9RHX3_RICCO	46.043	139	72	2	2132	2270	344	479	2.90e-33	136
AST13123.1	tr|B9RM58|B9RM58_RICCO	46.667	135	70	1	2133	2267	332	464	3.06e-33	136
AST13123.1	tr|A0A0B2QX39|A0A0B2QX39_GLYSO	43.846	130	63	3	2165	2286	2	129	3.26e-33	126
AST13123.1	tr|B9R7K4|B9R7K4_RICCO	47.482	139	68	3	2134	2270	332	467	3.47e-33	136
AST13123.1	tr|A0A072V074|A0A072V074_MEDTR	40.909	176	93	4	2111	2286	297	461	3.52e-33	135
AST13123.1	tr|A0A2P6Q0Q9|A0A2P6Q0Q9_ROSCH	39.205	176	103	3	2133	2308	322	493	3.76e-33	135
AST13123.1	tr|A0A2I0B3R3|A0A2I0B3R3_9ASPA	38.191	199	111	7	2133	2324	301	494	3.77e-33	135
AST13123.1	tr|A0A2P6RS39|A0A2P6RS39_ROSCH	40.719	167	90	4	2120	2286	304	461	3.78e-33	135
AST13123.1	tr|F8RYF7|F8RYF7_ASTMO	42.177	147	74	3	2132	2270	315	458	3.89e-33	135
AST13123.1	tr|A0A2G9G8E9|A0A2G9G8E9_9LAMI	34.483	232	139	6	2083	2310	264	486	4.50e-33	135
AST13123.1	tr|B9T515|B9T515_RICCO	38.251	183	94	4	2133	2298	150	330	6.99e-33	130
AST13123.1	tr|A0A159AKG3|A0A159AKG3_THYVU	46.269	134	69	2	2134	2267	311	441	7.86e-33	134
AST13123.1	tr|B9T235|B9T235_RICCO	47.482	139	70	2	2132	2270	312	447	8.43e-33	134
AST13123.1	tr|A0A1D8AHA2|A0A1D8AHA2_9POAL	45.775	142	70	3	2133	2270	332	470	8.92e-33	134
AST13123.1	tr|B9SG22|B9SG22_RICCO	38.636	176	99	4	2111	2286	293	459	1.10e-32	134
AST13123.1	tr|B9R7M0|B9R7M0_RICCO	35.023	217	131	5	2095	2309	303	511	1.16e-32	134
AST13123.1	tr|A0A2P6RS14|A0A2P6RS14_ROSCH	36.364	198	117	4	2111	2308	296	484	1.17e-32	134
AST13123.1	tr|B9SYM4|B9SYM4_RICCO	37.433	187	110	4	2134	2317	330	512	1.23e-32	134
AST13123.1	tr|A0A218NGS0|A0A218NGS0_RAUSE	39.655	174	100	3	2139	2310	293	463	1.31e-32	133
AST13123.1	tr|A0A2H9ZSL1|A0A2H9ZSL1_9ASPA	45.333	150	74	3	2120	2266	298	442	1.48e-32	134
AST13123.1	tr|Q17UC0|Q17UC0_CUCSA	48.571	140	68	2	2133	2270	316	453	1.58e-32	133
AST13123.1	tr|B9R737|B9R737_RICCO	36.715	207	120	6	2111	2314	290	488	1.59e-32	133
AST13123.1	tr|A0A2G9IBB5|A0A2G9IBB5_9LAMI	43.885	139	74	2	2134	2270	315	451	2.07e-32	133
AST13123.1	tr|A0A2P6RW79|A0A2P6RW79_ROSCH	35.000	200	123	4	2111	2310	308	500	2.75e-32	133
AST13123.1	tr|A0A2P6RNT8|A0A2P6RNT8_ROSCH	34.171	199	121	4	2111	2309	299	487	3.17e-32	132
AST13123.1	tr|A0A2G9IBC6|A0A2G9IBC6_9LAMI	42.958	142	77	2	2134	2273	315	454	3.30e-32	132
AST13123.1	tr|A0A2G9GEC1|A0A2G9GEC1_9LAMI	42.029	138	78	1	2133	2270	317	452	3.80e-32	132
AST13123.1	tr|B9R738|B9R738_RICCO	37.000	200	120	3	2111	2310	297	490	4.57e-32	132
AST13123.1	tr|A0A2G9H6Q9|A0A2G9H6Q9_9LAMI	37.438	203	112	5	2133	2324	316	514	5.81e-32	132
AST13123.1	tr|A0A2P6Q0R5|A0A2P6Q0R5_ROSCH	37.430	179	105	4	2133	2310	315	487	6.04e-32	132
AST13123.1	tr|A0A2G9GE24|A0A2G9GE24_9LAMI	41.135	141	81	1	2133	2273	318	456	7.65e-32	131
AST13123.1	tr|A0A2G9H5W3|A0A2G9H5W3_9LAMI	46.497	157	73	5	2133	2286	308	456	8.08e-32	131
AST13123.1	tr|K9JZ57|K9JZ57_ONOVI	36.747	166	90	4	2132	2286	315	476	1.10e-31	131
AST13123.1	tr|A0A2P6Q0Q0|A0A2P6Q0Q0_ROSCH	35.294	204	122	5	2108	2310	301	495	1.17e-31	131
AST13123.1	tr|B9R7K8|B9R7K8_RICCO	45.390	141	73	2	2134	2272	304	442	1.49e-31	130
AST13123.1	tr|F4YRL2|F4YRL2_9APIA	47.143	140	70	2	2133	2270	316	453	1.58e-31	130
AST13123.1	tr|B9R7L2|B9R7L2_RICCO	45.070	142	74	2	2134	2273	339	478	1.59e-31	131
AST13123.1	tr|W5XJR7|W5XJR7_9BRYO	43.030	165	86	4	2112	2273	313	472	1.61e-31	130
AST13123.1	tr|B9R7K5|B9R7K5_RICCO	46.763	139	69	3	2134	2270	332	467	1.89e-31	130
AST13123.1	tr|B9SD83|B9SD83_RICCO	47.143	140	70	2	2133	2270	316	453	2.01e-31	130
AST13123.1	tr|B9T872|B9T872_RICCO	52.593	135	62	1	2133	2267	15	147	2.13e-31	122
AST13123.1	tr|B9SYM2|B9SYM2_RICCO	32.836	201	128	4	2110	2309	52	246	2.96e-31	124
AST13123.1	tr|A0A2G9IBB7|A0A2G9IBB7_9LAMI	37.500	176	91	4	2108	2270	282	451	3.38e-31	129
AST13123.1	tr|Q4JLA2|Q4JLA2_MALDO	46.429	140	71	2	2133	2270	316	453	6.09e-31	129
AST13123.1	tr|Q5C9L5|Q5C9L5_THLFG	50.000	154	73	2	2133	2286	299	448	6.32e-31	128
AST13123.1	tr|B9SBV3|B9SBV3_RICCO	36.872	179	108	3	2133	2309	321	496	7.60e-31	129
AST13123.1	tr|W5XJS0|W5XJS0_9BRYO	40.000	155	85	4	2133	2282	336	487	8.95e-31	129
AST13123.1	tr|A0A2G9FYR4|A0A2G9FYR4_9LAMI	43.662	142	68	2	2129	2270	187	316	9.64e-31	125
AST13123.1	tr|A0A0B2RE17|A0A0B2RE17_GLYSO	44.286	140	74	2	2133	2270	244	381	1.17e-30	126
AST13123.1	tr|W5XRP2|W5XRP2_9BRYO	43.382	136	73	2	2133	2266	359	492	1.23e-30	129
AST13123.1	tr|A0A251SA57|A0A251SA57_HELAN	37.500	176	94	4	2110	2275	283	452	1.31e-30	127
AST13123.1	tr|A0A396HQ19|A0A396HQ19_MEDTR	38.068	176	100	4	2111	2286	308	474	1.65e-30	127
AST13123.1	tr|B9R743|B9R743_RICCO	38.983	177	95	5	2102	2273	282	450	2.32e-30	127
AST13123.1	tr|W5XRP8|W5XRP8_9BRYO	44.444	144	75	3	2133	2273	332	473	2.44e-30	127
AST13123.1	tr|A0A1B1IHZ1|A0A1B1IHZ1_CAMAC	45.714	140	72	2	2133	2270	316	453	2.96e-30	127
AST13123.1	tr|B9R7L9|B9R7L9_RICCO	40.476	168	91	4	2108	2273	308	468	3.07e-30	127
AST13123.1	tr|B9SY53|B9SY53_RICCO	46.584	161	82	2	2107	2267	226	382	3.86e-30	125
AST13123.1	tr|B9RBQ9|B9RBQ9_RICCO	42.568	148	78	2	2133	2275	335	480	4.19e-30	126
AST13123.1	tr|X2D8D0|X2D8D0_IPOPU	45.714	140	72	2	2133	2270	316	453	4.58e-30	126
AST13123.1	tr|A0A2P6RNU2|A0A2P6RNU2_ROSCH	34.673	199	120	4	2111	2309	310	498	5.35e-30	126
AST13123.1	tr|B9T1Z9|B9T1Z9_RICCO	43.478	138	73	3	2131	2266	346	480	5.90e-30	126
AST13123.1	tr|L7T707|L7T707_SINHE	45.000	140	73	2	2133	2270	315	452	6.00e-30	125
AST13123.1	tr|B9R747|B9R747_RICCO	34.112	214	131	4	2111	2324	297	500	6.28e-30	125
AST13123.1	tr|G8A1W0|G8A1W0_MEDTR	35.227	176	103	4	2111	2286	284	448	7.07e-30	125
AST13123.1	tr|W5S082|W5S082_ASTMO	39.521	167	90	4	2120	2286	302	457	7.38e-30	125
AST13123.1	tr|B9T2D3|B9T2D3_RICCO	38.272	162	88	4	2133	2286	319	476	7.55e-30	125
AST13123.1	tr|B9RAR8|B9RAR8_RICCO	47.917	144	73	2	2131	2274	318	459	8.12e-30	125
AST13123.1	tr|F2VR43|F2VR43_PRUAV	45.000	140	73	2	2133	2270	316	453	8.13e-30	125
AST13123.1	tr|C0LUU6|C0LUU6_SOYBN	45.000	140	73	2	2133	2270	317	454	8.24e-30	125
AST13123.1	tr|A0A2I0B5C0|A0A2I0B5C0_9ASPA	46.835	158	74	3	2115	2267	317	469	8.34e-30	125
AST13123.1	tr|B9T870|B9T870_RICCO	47.712	153	75	2	2115	2267	1	148	8.84e-30	117
AST13123.1	tr|A0A1B1SPI1|A0A1B1SPI1_LEPAP	44.286	140	74	2	2133	2270	316	453	9.32e-30	125
AST13123.1	tr|C5IWL6|C5IWL6_SOYBN	45.000	140	73	2	2133	2270	317	454	9.61e-30	125
AST13123.1	tr|B9T4M2|B9T4M2_RICCO	41.667	156	81	4	2113	2266	313	460	9.87e-30	125
AST13123.1	tr|A0A1Z2R7G7|A0A1Z2R7G7_MARPA	42.029	138	78	1	2133	2270	313	448	1.08e-29	125
AST13123.1	tr|A8CF55|A8CF55_BRACM	43.571	140	75	2	2133	2270	316	453	1.09e-29	125
AST13123.1	tr|A0A151SNP7|A0A151SNP7_CAJCA	39.264	163	92	2	2110	2272	182	337	1.15e-29	122
AST13123.1	tr|B9T9S7|B9T9S7_RICCO	42.657	143	74	2	2133	2270	345	484	1.19e-29	125
AST13123.1	tr|W5XK09|W5XK09_9BRYO	40.000	155	89	3	2133	2286	331	482	1.27e-29	125
AST13123.1	tr|G0KVB3|G0KVB3_9ASTR	44.286	140	74	2	2133	2270	316	453	1.35e-29	124
AST13123.1	tr|A0A2I0ASX4|A0A2I0ASX4_9ASPA	45.714	140	72	2	2133	2270	316	453	1.39e-29	124
AST13123.1	tr|B9R9P5|B9R9P5_RICCO	43.357	143	62	4	2133	2273	313	438	1.48e-29	124
AST13123.1	tr|B9SG23|B9SG23_RICCO	34.715	193	116	4	2117	2309	249	431	1.68e-29	123
AST13123.1	tr|A0A2G9HTG5|A0A2G9HTG5_9LAMI	45.000	140	73	2	2133	2270	316	453	1.83e-29	124
AST13123.1	tr|W5XK05|W5XK05_9BRYO	41.549	142	78	2	2132	2270	311	450	1.87e-29	124
AST13123.1	tr|D0UGE7|D0UGE7_9FABA	42.857	140	76	2	2133	2270	315	452	1.92e-29	124
AST13123.1	tr|A0A1Z2R7G6|A0A1Z2R7G6_CONJP	42.754	138	77	1	2133	2270	340	475	2.24e-29	124
AST13123.1	tr|A0A1Z2R7G8|A0A1Z2R7G8_9MARC	41.304	138	79	1	2133	2270	349	484	2.26e-29	124
AST13123.1	tr|B9SY12|B9SY12_RICCO	39.306	173	95	5	2102	2270	266	432	2.70e-29	123
AST13123.1	tr|A0A2R2ZJB8|A0A2R2ZJB8_FAGTA	44.286	140	74	2	2133	2270	316	453	2.95e-29	124
AST13123.1	tr|A0A2G9GRD7|A0A2G9GRD7_9LAMI	44.286	140	74	2	2133	2270	316	453	3.10e-29	124
AST13123.1	tr|B9SA81|B9SA81_RICCO	47.826	138	70	1	2133	2270	19	154	3.34e-29	116
AST13123.1	tr|A0A2I0B1V7|A0A2I0B1V7_9ASPA	43.571	140	75	2	2133	2270	316	453	3.78e-29	123
AST13123.1	tr|E2F4D8|E2F4D8_SCUBA	40.385	156	88	3	2133	2286	318	470	4.13e-29	123
AST13123.1	tr|A0A0B2PD37|A0A0B2PD37_GLYSO	41.958	143	75	2	2133	2270	322	461	4.56e-29	122
AST13123.1	tr|B9RLL3|B9RLL3_RICCO	40.741	135	77	2	2133	2266	276	408	5.33e-29	122
AST13123.1	tr|Q2LAD8|Q2LAD8_SOLTU	42.857	140	76	2	2133	2270	316	453	5.44e-29	123
AST13123.1	tr|Q40909|Q40909_POPKI	43.571	140	75	2	2133	2270	265	402	5.45e-29	122
AST13123.1	tr|B9S8Q1|B9S8Q1_RICCO	47.407	135	65	4	2142	2273	337	468	5.46e-29	123
AST13123.1	tr|B9SVN9|B9SVN9_RICCO	51.825	137	64	1	2130	2266	314	448	6.68e-29	122
AST13123.1	tr|D6MXQ6|D6MXQ6_ISATI	43.571	140	75	2	2133	2270	316	453	7.55e-29	122
AST13123.1	tr|B9T2D2|B9T2D2_RICCO	34.066	182	103	5	2113	2286	307	479	8.04e-29	122
AST13123.1	tr|A0A2R2ZJB6|A0A2R2ZJB6_FAGTA	42.857	140	76	2	2133	2270	303	440	9.06e-29	122
AST13123.1	tr|D2K8K9|D2K8K9_BAMOL	45.000	140	73	2	2133	2270	316	453	9.34e-29	122
AST13123.1	tr|A0A396IJ45|A0A396IJ45_MEDTR	37.853	177	97	5	2111	2286	294	458	1.04e-28	122
AST13123.1	tr|Q9AXP9|Q9AXP9_9ROSI	43.571	140	75	2	2133	2270	316	453	1.08e-28	122
AST13123.1	tr|A0A1Z2R7H6|A0A1Z2R7H6_9MARC	42.754	138	77	1	2133	2270	341	476	1.37e-28	122
AST13123.1	tr|F8QM88|F8QM88_PHYPA	40.580	138	82	0	2133	2270	328	465	1.55e-28	121
AST13123.1	tr|A0A0G7ZP02|A0A0G7ZP02_PICGL	43.885	139	75	2	2133	2270	319	455	1.61e-28	121
AST13123.1	tr|A0A2G9GRB3|A0A2G9GRB3_9LAMI	42.143	140	77	2	2133	2270	318	455	1.77e-28	121
AST13123.1	tr|O82526|O82526_CAPCH	42.857	140	76	2	2133	2270	280	417	2.38e-28	120
AST13123.1	tr|H7BRP2|H7BRP2_ASTME	46.497	157	74	4	2116	2272	305	451	2.68e-28	120
AST13123.1	tr|W8E7E3|W8E7E3_HORVU	42.857	140	76	2	2133	2270	316	453	2.71e-28	120
AST13123.1	tr|A0A2Z4I2V7|A0A2Z4I2V7_LYCRD	42.857	140	76	2	2133	2270	316	453	2.99e-28	120
AST13123.1	tr|A0A2I0AIY3|A0A2I0AIY3_9ASPA	50.000	138	67	1	2133	2270	337	472	2.99e-28	121
AST13123.1	tr|B9RMF1|B9RMF1_RICCO	40.146	137	79	2	2131	2266	334	468	3.76e-28	120
AST13123.1	tr|Q9ZSR0|Q9ZSR0_MESCR	42.361	144	74	2	2133	2270	353	493	3.79e-28	120
AST13123.1	tr|B2LSE0|B2LSE0_TRIPR	42.857	140	76	2	2133	2270	309	446	4.11e-28	120
AST13123.1	tr|A0A0U1XP01|A0A0U1XP01_LACSA	42.857	140	76	2	2133	2270	316	453	4.42e-28	120
AST13123.1	tr|B9RYU2|B9RYU2_RICCO	36.508	189	105	5	2133	2310	335	519	4.68e-28	120
AST13123.1	tr|Q9XEH8|Q9XEH8_PINTA	44.444	135	72	2	2133	2266	319	451	4.68e-28	120
AST13123.1	tr|A0A0B2QM76|A0A0B2QM76_GLYSO	44.954	109	58	1	2133	2241	9	115	5.64e-28	109
AST13123.1	tr|B9VV87|B9VV87_9MONI	42.446	139	77	2	2133	2270	119	255	5.74e-28	115
AST13123.1	tr|B9SVN8|B9SVN8_RICCO	50.365	137	66	1	2130	2266	320	454	6.10e-28	120
AST13123.1	tr|B2LSE1|B2LSE1_TRIPR	42.857	140	76	2	2133	2270	317	454	7.03e-28	119
AST13123.1	tr|B2LSD9|B2LSD9_TRIPR	42.857	140	76	2	2133	2270	317	454	7.16e-28	119
AST13123.1	tr|A0A2G9HNK1|A0A2G9HNK1_9LAMI	39.865	148	82	3	2133	2280	331	471	8.37e-28	119
AST13123.1	tr|B9S9U3|B9S9U3_RICCO	51.471	136	64	1	2132	2267	314	447	9.16e-28	119
AST13123.1	tr|A0A1Z2R7I0|A0A1Z2R7I0_9MARC	40.580	138	80	1	2133	2270	329	464	1.03e-27	119
AST13123.1	tr|A0A1Z2R7H5|A0A1Z2R7H5_9MARC	40.580	138	80	1	2133	2270	326	461	1.46e-27	119
AST13123.1	tr|A0A1S2X8P2|A0A1S2X8P2_CICAR	41.429	140	78	2	2133	2270	315	452	1.54e-27	118
AST13123.1	tr|A0A2G9GVR9|A0A2G9GVR9_9LAMI	40.288	139	80	2	2133	2270	250	386	1.94e-27	117
AST13123.1	tr|A0A0B2PB00|A0A0B2PB00_GLYSO	40.385	156	63	4	2133	2286	14	141	2.34e-27	110
AST13123.1	tr|B9SZS2|B9SZS2_RICCO	44.056	143	74	4	2133	2270	108	249	2.45e-27	113
AST13123.1	tr|A0A0B2QRA5|A0A0B2QRA5_GLYSO	39.597	149	83	3	2132	2280	324	465	3.25e-27	117
AST13123.1	tr|W5XJ62|W5XJ62_9BRYO	43.478	138	73	3	2132	2266	337	472	3.71e-27	117
AST13123.1	tr|A0A2G9GR86|A0A2G9GR86_9LAMI	40.000	140	80	2	2133	2270	318	455	3.93e-27	117
AST13123.1	tr|B9R7L5|B9R7L5_RICCO	35.673	171	105	3	2142	2310	339	506	3.93e-27	117
AST13123.1	tr|A0A2P6RNU0|A0A2P6RNU0_ROSCH	34.211	190	114	5	2120	2309	320	498	4.16e-27	117
AST13123.1	tr|B9R7L8|B9R7L8_RICCO	35.673	171	105	3	2142	2310	339	506	4.23e-27	117
AST13123.1	tr|A0A1Z2R7H4|A0A1Z2R7H4_CONJP	39.855	138	81	1	2133	2270	329	464	4.36e-27	117
AST13123.1	tr|A0A2G9H904|A0A2G9H904_9LAMI	40.288	139	80	2	2133	2270	297	433	4.70e-27	116
AST13123.1	tr|B9SA84|B9SA84_RICCO	47.826	138	70	1	2133	2270	330	465	5.11e-27	117
AST13123.1	tr|R9WNI5|R9WNI5_9ROSI	44.615	130	68	2	2133	2260	136	263	5.46e-27	111
AST13123.1	tr|W5XJ41|W5XJ41_9BRYO	39.706	136	80	1	2135	2270	334	467	6.40e-27	117
AST13123.1	tr|A0A0U1XSM6|A0A0U1XSM6_BARSP	43.571	140	75	2	2133	2270	316	453	6.54e-27	116
AST13123.1	tr|Q2MJ09|Q2MJ09_MEDTR	41.429	140	78	2	2133	2270	317	454	9.84e-27	116
AST13123.1	tr|W5XMH0|W5XMH0_9MONI	41.304	138	79	1	2133	2270	323	458	1.13e-26	115
AST13123.1	tr|A0A1Z2R7G9|A0A1Z2R7G9_MARPA	39.855	138	81	1	2133	2270	329	464	1.18e-26	115
AST13123.1	tr|A0A220NVF8|A0A220NVF8_CAMSI	37.059	170	100	3	2111	2280	313	475	1.48e-26	115
AST13123.1	tr|F8QM89|F8QM89_SELML	40.580	138	80	1	2133	2270	344	479	1.68e-26	115
AST13123.1	tr|D8S0Y1|D8S0Y1_SELML	40.580	138	80	1	2133	2270	344	479	1.81e-26	115
AST13123.1	tr|A0A2G9G9Y9|A0A2G9G9Y9_9LAMI	39.583	144	78	2	2133	2270	342	482	1.88e-26	115
AST13123.1	tr|A0A2G9FZ27|A0A2G9FZ27_9LAMI	39.259	135	79	2	2133	2266	341	473	2.06e-26	115
AST13123.1	tr|A0A2G9G1M9|A0A2G9G1M9_9LAMI	39.716	141	78	2	2133	2273	309	442	2.27e-26	114
AST13123.1	tr|A0A2H9ZS65|A0A2H9ZS65_9ASPA	43.836	146	73	3	2133	2273	321	462	2.36e-26	115
AST13123.1	tr|D8SBK8|D8SBK8_SELML	40.580	138	80	1	2133	2270	344	479	3.91e-26	114
AST13123.1	tr|A0A2I0AP13|A0A2I0AP13_9ASPA	40.000	135	77	2	2132	2266	318	448	4.92e-26	114
AST13123.1	tr|B9SBG5|B9SBG5_RICCO	37.975	158	89	4	2117	2270	305	457	5.03e-26	114
AST13123.1	tr|B9T0U6|B9T0U6_RICCO	38.732	142	80	4	2133	2271	329	466	6.42e-26	114
AST13123.1	tr|D0Q1D4|D0Q1D4_COFAR	31.937	191	125	3	2096	2286	296	481	7.33e-26	113
AST13123.1	tr|B9SBU8|B9SBU8_RICCO	45.255	137	73	1	2131	2267	312	446	8.41e-26	113
AST13123.1	tr|B9R746|B9R746_RICCO	37.186	199	115	4	2111	2309	306	494	1.14e-25	112
AST13123.1	tr|A0A2G9GL12|A0A2G9GL12_9LAMI	39.310	145	81	3	2131	2270	340	482	1.37e-25	113
AST13123.1	tr|A0A0B2RHT0|A0A0B2RHT0_GLYSO	38.816	152	80	4	2132	2280	316	457	1.55e-25	112
AST13123.1	sp|Q5Z5S6|C7019_ORYSJ	42.963	135	73	2	2132	2266	320	450	1.92e-25	112
AST13123.1	tr|A0A2S0RR21|A0A2S0RR21_9GENT	45.299	117	62	1	2133	2249	109	223	2.11e-25	105
AST13123.1	tr|D0Q1D3|D0Q1D3_COFAR	32.124	193	126	3	2094	2286	292	479	2.55e-25	112
AST13123.1	tr|A0A0B2PP97|A0A0B2PP97_GLYSO	35.461	141	81	4	2146	2286	1	131	9.65e-25	102
AST13123.1	tr|S4S388|S4S388_JATCU	40.000	135	77	2	2132	2266	330	460	1.03e-24	110
AST13123.1	tr|A0A151SWS0|A0A151SWS0_CAJCA	30.047	213	136	7	2117	2322	313	519	1.17e-24	110
AST13123.1	tr|A0A1S5T4F7|A0A1S5T4F7_PUNGR	47.872	94	47	1	2133	2226	230	321	1.61e-24	105
AST13123.1	tr|A0A0B2QFX3|A0A0B2QFX3_GLYSO	42.718	103	57	1	2133	2235	9	109	2.58e-24	98.6
AST13123.1	sp|Q5Z5R7|C701S_ORYSJ	38.519	135	79	2	2132	2266	320	450	2.62e-24	108
AST13123.1	tr|A0A0B2SLU3|A0A0B2SLU3_GLYSO	33.523	176	105	5	2117	2286	311	480	3.70e-24	108
AST13123.1	tr|A0A088FG01|A0A088FG01_FAGTA	36.747	166	98	3	2108	2273	294	452	4.13e-24	108
AST13123.1	tr|A0A2G9HN69|A0A2G9HN69_9LAMI	44.604	139	73	2	2134	2270	315	451	4.40e-24	108
AST13123.1	tr|B9R7J5|B9R7J5_RICCO	40.741	135	76	2	2132	2266	330	460	9.65e-24	107
AST13123.1	tr|A0A2G9HEY0|A0A2G9HEY0_9LAMI	34.228	149	91	3	2132	2280	329	470	1.36e-23	106
AST13123.1	tr|A0A0B2QGV0|A0A0B2QGV0_GLYSO	60.274	73	29	0	2200	2272	163	235	4.27e-23	100
AST13123.1	tr|W5XK02|W5XK02_9BRYO	37.086	151	84	2	2133	2274	341	489	4.72e-23	105
AST13123.1	tr|A0A151QWA9|A0A151QWA9_CAJCA	38.732	142	82	2	2132	2270	278	417	5.75e-23	103
AST13123.1	tr|B9RAS1|B9RAS1_RICCO	44.000	100	54	1	2133	2232	198	295	7.82e-23	100
AST13123.1	tr|A0A0B2P4R0|A0A0B2P4R0_GLYSO	37.500	144	85	2	2133	2273	343	484	1.82e-22	103
AST13123.1	tr|A0A0B4KID2|A0A0B4KID2_9ROSA	45.556	90	49	0	2184	2273	1	90	2.01e-22	93.2
AST13123.1	tr|A0A0B4KIE7|A0A0B4KIE7_PRUAR	50.000	90	45	0	2184	2273	1	90	2.07e-22	93.2
AST13123.1	tr|E3T9X1|E3T9X1_ALLSA	39.716	141	81	3	2133	2270	316	455	2.92e-22	102
AST13123.1	tr|B9RBW8|B9RBW8_RICCO	44.954	109	60	0	2318	2426	107	215	3.20e-22	100
AST13123.1	tr|A0A0B2QTF1|A0A0B2QTF1_GLYSO	36.111	144	87	2	2133	2273	343	484	3.96e-22	102
AST13123.1	tr|A0A2G9HZZ9|A0A2G9HZZ9_9LAMI	43.662	142	76	2	2134	2273	315	454	8.99e-22	100
AST13123.1	tr|W5XJ74|W5XJ74_9BRYO	34.783	138	87	2	2135	2270	331	467	1.25e-21	100
AST13123.1	tr|A0A2I0A2H3|A0A2I0A2H3_9ASPA	44.853	136	67	4	2157	2286	95	228	2.00e-21	95.5
AST13123.1	tr|A0A2P6RNT6|A0A2P6RNT6_ROSCH	38.710	124	68	3	2117	2240	1	116	2.74e-21	92.0
AST13123.1	tr|A0A0B4KIB9|A0A0B4KIB9_9ROSA	46.667	90	48	0	2184	2273	1	90	4.16e-21	89.4
AST13123.1	tr|A0A2G9GHG6|A0A2G9GHG6_9LAMI	30.114	176	97	4	2111	2286	298	447	4.46e-21	98.6
AST13123.1	tr|B9S3I3|B9S3I3_RICCO	43.860	114	59	3	2133	2246	207	315	9.09e-21	94.7
AST13123.1	tr|A0A2G9IBI0|A0A2G9IBI0_9LAMI	42.958	142	77	2	2134	2273	292	431	1.24e-20	97.1
AST13123.1	tr|A0A0B2SWE2|A0A0B2SWE2_GLYSO	37.500	144	85	3	2133	2273	279	420	2.75e-20	95.9
AST13123.1	tr|B9SIK5|B9SIK5_RICCO	36.552	145	74	4	2136	2273	38	171	1.17e-19	89.4
AST13123.1	tr|B9T2D0|B9T2D0_RICCO	28.302	212	131	6	2081	2286	172	368	3.02e-19	91.7
AST13123.1	tr|A0A0B2PTS0|A0A0B2PTS0_GLYSO	34.320	169	99	5	2110	2273	329	490	8.84e-19	91.7
AST13123.1	tr|A0A2I0AF51|A0A2I0AF51_9ASPA	47.674	86	43	1	2133	2218	265	348	5.05e-18	87.0
AST13123.1	tr|A0A0B2QSX4|A0A0B2QSX4_GLYSO	32.738	168	102	4	2110	2273	295	455	1.08e-17	88.2
AST13123.1	tr|A0A2I0B5L2|A0A2I0B5L2_9ASPA	46.377	69	37	0	2202	2270	1	69	1.04e-16	77.8
AST13123.1	tr|B9SVN6|B9SVN6_RICCO	53.571	56	26	0	2215	2270	2	57	2.34e-16	75.9
AST13123.1	tr|A0A2G9HN93|A0A2G9HN93_9LAMI	45.455	66	33	1	2202	2267	4	66	2.87e-15	73.2
AST13123.1	tr|A0A2G9H8E9|A0A2G9H8E9_9LAMI	41.333	75	43	1	2212	2286	293	366	1.74e-14	77.0
AST13123.1	tr|A0A0B2Q5U7|A0A0B2Q5U7_GLYSO	29.114	158	104	4	2134	2290	299	449	6.01e-14	75.9
AST13123.1	tr|A0A2G9GEA4|A0A2G9GEA4_9LAMI	29.078	141	66	2	2133	2273	443	549	6.90e-14	76.3
AST13123.1	tr|B9RHC8|B9RHC8_RICCO	44.444	72	36	3	2217	2286	2	71	8.30e-14	68.6
AST13123.1	tr|B9SEB4|B9SEB4_RICCO	32.847	137	86	2	2134	2270	309	439	1.14e-13	75.1
AST13123.1	tr|A0A151SPY3|A0A151SPY3_CAJCA	29.870	154	100	4	2134	2286	268	414	7.45e-13	72.4
AST13123.1	sp|Q9FF18|C7351_ARATH	36.364	143	78	6	2142	2283	347	477	1.09e-12	72.0
AST13123.1	tr|B9SRU4|B9SRU4_RICCO	33.058	121	48	3	2150	2270	115	202	1.75e-12	68.9
AST13123.1	tr|B3RH47|B3RH47_9ROSA	41.379	87	49	1	2133	2219	197	281	1.94e-12	69.3
AST13123.1	sp|Q9ZW95|C7352_ARATH	36.923	130	75	5	2142	2270	341	464	3.04e-12	70.9
AST13123.1	tr|Q0PCE8|Q0PCE8_SOLME	42.353	85	47	1	2133	2217	196	278	3.52e-12	68.2
AST13123.1	tr|A0A220NVG1|A0A220NVG1_CAMSI	31.159	138	88	3	2134	2270	314	445	5.18e-12	69.7
AST13123.1	tr|Q0PCE7|Q0PCE7_SOLME	42.169	83	46	1	2133	2215	196	276	5.93e-12	67.8
AST13123.1	tr|A0A220NVF9|A0A220NVF9_CAMSI	25.806	186	124	5	2131	2313	305	479	1.13e-11	68.9
AST13123.1	tr|A0A2P6RS21|A0A2P6RS21_ROSCH	39.560	91	50	2	2111	2201	296	381	1.95e-11	67.4
AST13123.1	tr|A0A220NVG6|A0A220NVG6_CAMSI	28.750	160	101	4	2113	2270	272	420	2.17e-11	67.8
AST13123.1	tr|A0A2G9H511|A0A2G9H511_9LAMI	25.789	190	131	6	2131	2318	215	396	3.30e-11	66.6
AST13123.1	tr|C7T4G7|C7T4G7_WHEAT	31.690	142	90	3	2131	2270	87	223	3.81e-11	64.7
AST13123.1	tr|A0A0B2QFA5|A0A0B2QFA5_GLYSO	35.345	116	66	4	2110	2224	125	232	4.51e-11	65.5
AST13123.1	tr|A0A2G9HE44|A0A2G9HE44_9LAMI	33.813	139	85	4	2135	2270	316	450	5.18e-11	66.6
AST13123.1	tr|B9T450|B9T450_RICCO	26.705	176	119	5	2134	2308	300	466	5.40e-11	66.6
AST13123.1	tr|B9SKJ4|B9SKJ4_RICCO	30.282	142	92	3	2131	2270	308	444	5.65e-11	66.6
AST13123.1	tr|B9RBR0|B9RBR0_RICCO	33.010	103	66	2	2325	2426	116	216	6.19e-11	64.3
AST13123.1	sp|Q6JTJ0|T7H_TAXCU	32.394	142	88	4	2130	2266	310	448	6.85e-11	66.2
AST13123.1	tr|A0A2G9IA64|A0A2G9IA64_9LAMI	30.000	180	112	5	2104	2272	275	451	7.19e-11	66.2
AST13123.1	tr|A0A2G9HB37|A0A2G9HB37_9LAMI	33.613	119	73	4	2148	2266	16	128	7.59e-11	62.4
AST13123.1	tr|A0A0B2SK61|A0A0B2SK61_GLYSO	29.577	142	92	3	2131	2270	311	446	7.78e-11	66.2
AST13123.1	tr|Q400R7|Q400R7_LACSA	40.964	83	47	1	2133	2215	196	276	7.94e-11	64.3
AST13123.1	tr|A0A2G9FXZ3|A0A2G9FXZ3_9LAMI	31.515	165	102	5	2113	2271	283	442	8.99e-11	65.9
AST13123.1	sp|Q84KI1|T14H_TAXCU	30.723	166	106	6	2139	2303	320	477	1.26e-10	65.5
AST13123.1	tr|Q40907|Q40907_POPKI	42.169	83	46	1	2133	2215	316	396	1.91e-10	64.3
AST13123.1	tr|A0A2G9G9G9|A0A2G9G9G9_9LAMI	30.282	142	92	4	2131	2270	302	438	2.15e-10	64.7
AST13123.1	tr|C7T4G9|C7T4G9_WHEAT	30.986	142	91	3	2131	2270	87	223	2.83e-10	62.4
AST13123.1	tr|C7T4G4|C7T4G4_WHEAT	30.986	142	91	3	2131	2270	87	223	2.94e-10	62.4
AST13123.1	tr|B9R7Y0|B9R7Y0_RICCO	32.710	107	66	2	2169	2275	315	415	3.15e-10	63.9
AST13123.1	tr|A0A2G9I963|A0A2G9I963_9LAMI	28.659	164	98	5	2113	2270	267	417	3.45e-10	63.9
AST13123.1	tr|A0A0B2RAF9|A0A0B2RAF9_GLYSO	48.276	58	30	0	2217	2274	596	653	3.49e-10	64.3
AST13123.1	tr|A0A0B2RI74|A0A0B2RI74_GLYSO	48.276	58	30	0	2217	2274	632	689	3.51e-10	64.3
AST13123.1	tr|A0A2G9H4W9|A0A2G9H4W9_9LAMI	27.778	162	102	5	2113	2270	272	422	3.66e-10	63.9
AST13123.1	tr|A0A1D8RF31|A0A1D8RF31_OROCE	29.012	162	100	4	2113	2270	268	418	4.69e-10	63.5
AST13123.1	tr|B9SV74|B9SV74_RICCO	29.927	137	87	4	2135	2266	293	425	5.07e-10	63.5
AST13123.1	tr|B9SV76|B9SV76_RICCO	31.200	125	81	3	2143	2266	302	422	7.14e-10	62.8
AST13123.1	tr|A0A2G9GLK9|A0A2G9GLK9_9LAMI	36.735	98	56	2	2173	2270	1	92	8.86e-10	58.2
AST13123.1	tr|A0A1D8RF30|A0A1D8RF30_OROMI	28.395	162	101	4	2113	2270	268	418	1.65e-09	61.6
AST13123.1	sp|Q2MJ21|C7A67_MEDTR	31.343	134	87	3	2134	2266	339	468	1.90e-09	61.6
AST13123.1	tr|B9SN45|B9SN45_RICCO	35.922	103	61	2	2168	2270	334	431	2.11e-09	61.6
AST13123.1	tr|A0A220NVG5|A0A220NVG5_CAMSI	28.125	160	102	4	2113	2270	269	417	2.37e-09	61.2
AST13123.1	tr|A0A151R0U6|A0A151R0U6_CAJCA	26.543	162	104	4	2113	2270	261	411	2.80e-09	60.8
AST13123.1	tr|A0A151TC27|A0A151TC27_CAJCA	28.671	143	95	3	2134	2275	243	379	3.05e-09	60.8
AST13123.1	tr|A0A2G9HU76|A0A2G9HU76_9LAMI	43.103	58	29	1	2207	2264	291	344	3.98e-09	60.1
AST13123.1	tr|D7TFC7|D7TFC7_VITVI	27.607	163	102	4	2113	2270	273	424	4.52e-09	60.5
AST13123.1	tr|A0A0B2QMC4|A0A0B2QMC4_GLYSO	40.625	64	34	2	17087	17149	138	198	4.70e-09	57.4
AST13123.1	tr|B9S6B8|B9S6B8_RICCO	27.536	138	93	3	2134	2270	313	444	4.79e-09	60.5
AST13123.1	tr|A0A151SI06|A0A151SI06_CAJCA	26.380	163	105	4	2112	2270	265	416	5.09e-09	60.1
AST13123.1	tr|B9SPD1|B9SPD1_RICCO	33.333	126	80	3	2142	2266	302	424	5.63e-09	60.1
AST13123.1	tr|A0A2G9HE80|A0A2G9HE80_9LAMI	30.000	140	87	4	2134	2270	316	447	6.06e-09	60.1
AST13123.1	tr|B9RLE4|B9RLE4_RICCO	31.538	130	84	3	2139	2266	299	425	6.13e-09	60.1
AST13123.1	tr|A0A2G9I954|A0A2G9I954_9LAMI	30.252	119	75	3	2152	2270	2	112	6.82e-09	56.2
AST13123.1	tr|A0A2G9GJK6|A0A2G9GJK6_9LAMI	30.137	146	91	4	2130	2270	253	392	6.89e-09	59.7
AST13123.1	tr|B9RY37|B9RY37_RICCO	27.160	162	103	4	2113	2270	272	422	8.30e-09	59.3
AST13123.1	tr|A0A1D8RF49|A0A1D8RF49_TRIVS	26.543	162	104	4	2113	2270	270	420	1.19e-08	58.9
AST13123.1	tr|A0A2G9FVW3|A0A2G9FVW3_9LAMI	30.986	142	94	3	2130	2270	168	306	1.38e-08	58.2
AST13123.1	tr|A0A1D8RF66|A0A1D8RF66_TRIVS	25.926	162	105	4	2113	2270	272	422	1.84e-08	58.5
AST13123.1	tr|A0A0B2P7N6|A0A0B2P7N6_GLYSO	33.010	103	63	2	2168	2270	323	419	1.98e-08	58.2
AST13123.1	tr|A0A2I0A3H5|A0A2I0A3H5_9ASPA	29.577	142	93	4	2131	2270	310	446	2.10e-08	58.2
AST13123.1	tr|J3T3R0|J3T3R0_PHERA	27.044	159	104	4	2113	2270	270	417	2.13e-08	58.2
AST13123.1	tr|U5YM12|U5YM12_MALDO	30.496	141	87	4	2134	2270	320	453	2.23e-08	58.2
AST13123.1	tr|A0A0B2Q1G4|A0A0B2Q1G4_GLYSO	27.273	176	103	6	2134	2308	229	380	2.37e-08	57.8
AST13123.1	tr|A0A0D2JTP1|A0A0D2JTP1_9CHLO	28.440	109	75	2	2162	2270	254	359	2.43e-08	57.8
AST13123.1	tr|C7T4H3|C7T4H3_TRIUA	33.028	109	68	2	2162	2270	14	117	2.52e-08	54.3
AST13123.1	tr|C7T4G2|C7T4G2_WHEAT	33.028	109	68	2	2162	2270	14	117	2.52e-08	54.3
AST13123.1	tr|A0A1Z1MY54|A0A1Z1MY54_PEA	25.926	162	105	4	2113	2270	269	419	2.66e-08	57.8
AST13123.1	tr|B9SHL8|B9SHL8_RICCO	30.935	139	91	4	2139	2274	112	248	2.71e-08	57.0
AST13123.1	tr|A0A2I0AHM4|A0A2I0AHM4_9ASPA	33.000	100	66	1	2171	2270	172	270	3.11e-08	57.0
AST13123.1	tr|B9T864|B9T864_RICCO	25.786	159	110	4	2113	2270	94	245	3.96e-08	56.2
AST13123.1	tr|A0A1D8RF50|A0A1D8RF50_TRIVS	30.357	112	72	2	2159	2270	313	418	4.18e-08	57.4
AST13123.1	tr|A0A1D8RF65|A0A1D8RF65_STRHE	26.380	163	105	5	2112	2270	267	418	4.37e-08	57.0
AST13123.1	tr|A0A1Z1MY52|A0A1Z1MY52_PEA	30.357	112	72	2	2159	2270	313	418	5.42e-08	57.0
AST13123.1	tr|C7T4G6|C7T4G6_WHEAT	33.028	109	68	2	2162	2270	14	117	5.74e-08	53.1
AST13123.1	tr|C7T4H4|C7T4H4_AEGTA	33.028	109	68	2	2162	2270	14	117	5.74e-08	53.1
AST13123.1	tr|B9S4E8|B9S4E8_RICCO	35.354	99	61	3	2172	2270	21	116	5.74e-08	53.5
AST13123.1	tr|B9SLD0|B9SLD0_RICCO	28.662	157	103	5	2110	2266	284	431	5.89e-08	56.6
AST13123.1	tr|B9RHG4|B9RHG4_RICCO	33.333	99	61	2	2168	2266	332	425	5.96e-08	56.6
AST13123.1	tr|B9RG11|B9RG11_RICCO	27.660	188	122	7	2093	2271	254	436	8.76e-08	56.2
AST13123.1	tr|A0A2G9FZC6|A0A2G9FZC6_9LAMI	35.000	80	47	2	2117	2196	337	411	1.17e-07	55.8
AST13123.1	tr|A0A2I0B8K2|A0A2I0B8K2_9ASPA	26.250	160	105	4	2113	2270	310	458	1.27e-07	55.8
AST13123.1	tr|A0A1X9H7V5|A0A1X9H7V5_TRIWF	28.369	141	90	4	2134	2270	307	440	1.48e-07	55.5
AST13123.1	tr|B9SPR3|B9SPR3_RICCO	34.694	98	59	2	2169	2266	334	426	1.69e-07	55.5
AST13123.1	tr|B9S6I4|B9S6I4_RICCO	30.973	113	76	2	2159	2270	316	427	2.46e-07	54.7
AST13123.1	tr|A0A2G9G833|A0A2G9G833_9LAMI	27.703	148	97	3	2134	2272	195	341	2.57e-07	54.3
AST13123.1	tr|B9R8M6|B9R8M6_RICCO	29.104	134	90	3	2135	2266	299	429	2.85e-07	54.7
AST13123.1	tr|A0A1D8RF46|A0A1D8RF46_STRHE	25.926	162	105	4	2113	2270	266	416	3.31e-07	54.3
AST13123.1	tr|B9SBP0|B9SBP0_RICCO	31.967	122	77	4	2165	2286	306	421	3.35e-07	54.3
AST13123.1	tr|B9R9F1|B9R9F1_RICCO	26.866	134	93	3	2135	2266	293	423	4.22e-07	53.9
AST13123.1	tr|A0A2G9GVV1|A0A2G9GVV1_9LAMI	29.496	139	93	4	2139	2274	306	442	4.35e-07	53.9
AST13123.1	tr|A0A2G9GQL0|A0A2G9GQL0_9LAMI	31.298	131	81	5	2139	2266	306	430	4.41e-07	53.9
AST13123.1	tr|A0A2P6Q0X1|A0A2P6Q0X1_ROSCH	36.066	61	37	1	2133	2193	16	74	4.48e-07	50.1
AST13123.1	tr|B9RHY2|B9RHY2_RICCO	27.619	105	72	3	2320	2422	124	226	5.19e-07	53.1
AST13123.1	tr|B9SC56|B9SC56_RICCO	25.641	156	103	5	2113	2266	270	414	6.18e-07	53.5
AST13123.1	tr|B9SJJ7|B9SJJ7_RICCO	27.007	137	88	4	2135	2266	225	354	6.95e-07	53.1
AST13123.1	tr|A0A2G9I6B8|A0A2G9I6B8_9LAMI	26.708	161	104	4	2113	2270	284	433	8.27e-07	53.1
AST13123.1	tr|A0A0B2QSZ8|A0A0B2QSZ8_GLYSO	30.841	107	68	2	2164	2270	341	441	8.82e-07	53.1
AST13123.1	tr|M9Q2P3|M9Q2P3_VITVI	24.375	160	108	4	2113	2270	274	422	1.19e-06	52.4
AST13123.1	tr|B9SJJ5|B9SJJ5_RICCO	28.846	156	93	4	2112	2266	299	437	1.35e-06	52.4
AST13123.1	tr|B9SAF0|B9SAF0_RICCO	37.864	103	58	4	2169	2270	333	430	1.41e-06	52.4
AST13123.1	tr|B9SPT3|B9SPT3_RICCO	33.673	98	60	3	2169	2266	328	420	2.05e-06	51.6
AST13123.1	tr|A0A1D8MM90|A0A1D8MM90_SENAL	26.708	161	103	5	2113	2270	192	340	2.20e-06	51.2
AST13123.1	tr|B9ST44|B9ST44_RICCO	25.373	134	95	3	2135	2266	293	423	2.36e-06	51.6
AST13123.1	sp|Q5CCK3|C90B2_ORYSJ	33.981	103	66	2	2169	2270	354	455	2.50e-06	51.6
AST13123.1	tr|A0A0B2QBX6|A0A0B2QBX6_GLYSO	31.776	107	67	3	2169	2275	339	439	3.52e-06	50.8
