AKG48832.1	tr|A0A126SNX5|A0A126SNX5_9POAL	100.000	514	0	0	74002	74515	1	514	0.0	1044
AKG48832.1	tr|A0A089VH80|A0A089VH80_9POAL	100.000	509	0	0	66252	66760	1	509	0.0	1034
AKG48832.1	tr|A0A140DN06|A0A140DN06_9POAL	98.444	514	8	0	74002	74515	1	514	0.0	1030
AKG48832.1	tr|A0A140DN07|A0A140DN07_9POAL	98.447	515	7	1	74002	74515	1	515	0.0	1029
AKG48832.1	tr|A0A089X599|A0A089X599_9POAL	100.000	491	0	0	65154	65644	1	491	0.0	996
AKG48832.1	tr|A0A089VLU1|A0A089VLU1_9POAL	100.000	490	0	0	65707	66196	1	490	0.0	994
AKG48832.1	tr|A0A089VFD1|A0A089VFD1_9POAL	98.577	492	7	0	66262	66753	1	492	0.0	986
AKG48832.1	tr|A0A089VKV2|A0A089VKV2_9POAL	98.377	493	7	1	66262	66753	1	493	0.0	981
AKG48832.1	tr|A0A199UTR0|A0A199UTR0_ANACO	80.651	522	91	5	74002	74515	1	520	0.0	835
AKG48832.1	tr|M0U232|M0U232_MUSAM	78.805	519	102	4	74002	74514	1	517	0.0	823
AKG48832.1	tr|A0A2I0WBU8|A0A2I0WBU8_9ASPA	78.302	530	96	7	74002	74515	3	529	0.0	820
AKG48832.1	tr|A0A4S8IKF3|A0A4S8IKF3_MUSBA	78.227	519	105	4	74002	74514	1	517	0.0	816
AKG48832.1	tr|A0A6I9RYL5|A0A6I9RYL5_ELAGV	77.629	523	105	5	74002	74514	1	521	0.0	816
AKG48832.1	tr|A0A1U8ABI8|A0A1U8ABI8_NELNU	84.322	472	62	4	66290	66760	65	525	0.0	816
AKG48832.1	tr|A0A6P5GNZ8|A0A6P5GNZ8_ANACO	80.651	522	91	5	74002	74515	1	520	0.0	815
AKG48832.1	tr|W0FFD6|W0FFD6_MUSAC	78.641	515	102	4	74006	74514	1	513	0.0	814
AKG48832.1	tr|A0A2P6SFY3|A0A2P6SFY3_ROSCH	84.067	477	70	4	66288	66760	47	521	0.0	813
AKG48832.1	tr|A0A2I4DKQ7|A0A2I4DKQ7_JUGRE	85.870	460	62	3	66302	66760	65	522	0.0	811
AKG48832.1	tr|A0A7C9CHK7|A0A7C9CHK7_OPUST	86.275	459	60	3	66304	66760	61	518	0.0	811
AKG48832.1	tr|A0A2H9ZZR4|A0A2H9ZZR4_9ASPA	77.127	529	101	7	74002	74514	1	525	0.0	811
AKG48832.1	tr|M1K5H3|M1K5H3_AMAPA	83.966	474	74	2	66288	66760	38	510	0.0	810
AKG48832.1	tr|C8YXI6|C8YXI6_AMAPA	83.755	474	75	2	66288	66760	46	518	0.0	810
AKG48832.1	tr|C8YXI5|C8YXI5_AMAPA	83.755	474	75	2	66288	66760	46	518	0.0	809
AKG48832.1	tr|A0A2H3YUT8|A0A2H3YUT8_PHODC	77.863	524	104	5	74002	74515	1	522	0.0	809
AKG48832.1	tr|M1K439|M1K439_AMAPA	83.755	474	75	2	66288	66760	38	510	0.0	809
AKG48832.1	tr|A0A142K486|A0A142K486_AMAVI	81.670	491	87	3	66272	66760	28	517	0.0	808
AKG48832.1	tr|Q30CZ8|Q30CZ8_FAGSY	84.797	467	68	3	66295	66760	56	520	0.0	807
AKG48832.1	tr|A0A142K487|A0A142K487_AMARE	83.544	474	76	2	66288	66760	6	478	0.0	806
AKG48832.1	tr|C8YYL6|C8YYL6_AMATU	81.670	491	87	3	66272	66760	29	518	0.0	806
AKG48832.1	tr|C8YYL7|C8YYL7_AMATU	83.755	474	75	2	66288	66760	46	518	0.0	805
AKG48832.1	tr|A0A142K488|A0A142K488_AMABL	83.087	473	79	1	66288	66760	6	477	0.0	805
AKG48832.1	tr|A0A172QP98|A0A172QP98_FRAAN	84.797	467	68	3	66295	66760	56	520	0.0	805
AKG48832.1	tr|A0A2H3ZFH7|A0A2H3ZFH7_PHODC	78.394	523	102	5	74002	74515	1	521	0.0	804
AKG48832.1	tr|M0S4R3|M0S4R3_MUSAM	79.423	520	99	5	74002	74515	1	518	0.0	804
AKG48832.1	tr|A0A6L5B9B8|A0A6L5B9B8_APIGR	77.186	526	107	7	74002	74515	1	525	0.0	803
AKG48832.1	tr|A0A3G9EL19|A0A3G9EL19_9LILI	77.649	519	104	5	74002	74515	1	512	0.0	802
AKG48832.1	tr|A0A6I9SCZ8|A0A6I9SCZ8_ELAGV	78.776	523	101	4	74002	74515	1	522	0.0	802
AKG48832.1	tr|A0A0N9BED5|A0A0N9BED5_9ASPA	78.967	523	96	4	74002	74515	1	518	0.0	802
AKG48832.1	tr|A0A166FFB0|A0A166FFB0_DAUCS	84.061	458	71	2	66304	66760	69	525	0.0	800
AKG48832.1	tr|A0A2U1QK72|A0A2U1QK72_ARTAN	85.523	449	63	2	66313	66760	67	514	0.0	800
AKG48832.1	tr|A0A0N7E509|A0A0N7E509_9ASPA	79.923	518	98	3	74002	74515	1	516	0.0	799
AKG48832.1	tr|A0A059CIR5|A0A059CIR5_EUCGR	76.154	520	106	6	73999	74515	9	513	0.0	799
AKG48832.1	tr|A0A6J1D1H2|A0A6J1D1H2_MOMCH	84.254	489	70	4	66278	66760	42	529	0.0	798
AKG48832.1	tr|A0A0N9BED7|A0A0N9BED7_LIRMU	78.394	523	99	4	74002	74515	1	518	0.0	798
AKG48832.1	tr|A0A4S8I8K9|A0A4S8I8K9_MUSBA	78.654	520	103	4	74002	74515	1	518	0.0	798
AKG48832.1	tr|A0A0K9RIA3|A0A0K9RIA3_SPIOL	81.633	490	83	5	66273	66760	30	514	0.0	797
AKG48832.1	tr|A0A6I9SBM8|A0A6I9SBM8_ELAGV	78.476	525	101	5	74002	74515	1	524	0.0	797
AKG48832.1	tr|A0A2U1MP09|A0A2U1MP09_ARTAN	85.078	449	65	2	66313	66760	69	516	0.0	796
AKG48832.1	tr|A0A6J1FWK9|A0A6J1FWK9_CUCMO	83.951	486	73	4	66278	66759	41	525	0.0	789
AKG48832.1	tr|M5X3W8|M5X3W8_PRUPE	86.900	458	56	3	66304	66760	70	524	0.0	788
AKG48832.1	tr|W9RXC5|W9RXC5_9ROSA	84.926	471	67	4	66291	66760	58	525	0.0	787
AKG48832.1	tr|A0A371FL00|A0A371FL00_MUCPR	82.516	469	79	3	66293	66760	59	525	0.0	787
AKG48832.1	tr|A0A5N6QG01|A0A5N6QG01_9ROSI	84.368	467	70	3	66295	66760	57	521	0.0	786
AKG48832.1	tr|A0A6J1IGL2|A0A6J1IGL2_CUCMA	82.922	486	78	3	66278	66759	41	525	0.0	786
AKG48832.1	tr|A0A4S4DR40|A0A4S4DR40_CAMSI	85.590	458	63	3	66304	66760	128	583	0.0	786
AKG48832.1	tr|A0A6P6AZB2|A0A6P6AZB2_DURZI	82.969	458	75	3	66304	66760	66	521	0.0	785
AKG48832.1	tr|A0A6P8DN04|A0A6P8DN04_PUNGR	76.038	530	103	6	74002	74515	1	522	0.0	784
AKG48832.1	tr|A0A314ZJW2|A0A314ZJW2_PRUYE	86.681	458	57	3	66304	66760	70	524	0.0	784
AKG48832.1	tr|A0A5E4FH79|A0A5E4FH79_PRUDU	86.463	458	58	3	66304	66760	70	524	0.0	783
AKG48832.1	tr|A0A6P5RNW7|A0A6P5RNW7_PRUAV	86.463	458	58	3	66304	66760	70	524	0.0	783
AKG48832.1	tr|A0A2R6RCQ6|A0A2R6RCQ6_ACTCC	85.371	458	64	3	66304	66760	67	522	0.0	782
AKG48832.1	tr|A0A2G5E2Q7|A0A2G5E2Q7_AQUCA	86.123	454	61	2	66308	66760	74	526	0.0	782
AKG48832.1	tr|A0A6P4AJ93|A0A6P4AJ93_ZIZJJ	83.402	482	69	5	66288	66760	47	526	0.0	781
AKG48832.1	tr|A0A2R6QPH7|A0A2R6QPH7_ACTCC	85.371	458	64	3	66304	66760	67	522	0.0	781
AKG48832.1	tr|A0A6A4LV35|A0A6A4LV35_9ERIC	85.808	458	62	3	66304	66760	57	512	0.0	781
AKG48832.1	tr|H6U643|H6U643_9ASTR	85.339	457	64	3	66304	66759	65	519	0.0	781
AKG48832.1	tr|A0A0K9NRE7|A0A0K9NRE7_ZOSMR	75.930	511	114	4	66250	66760	14	515	0.0	780
AKG48832.1	tr|D0VBC7|D0VBC7_VITVI	85.153	458	65	3	66304	66760	66	521	0.0	780
AKG48832.1	tr|A0A200R9Y2|A0A200R9Y2_9MAGN	85.777	457	62	3	66304	66759	65	519	0.0	780
AKG48832.1	tr|A0A345N8W8|A0A345N8W8_9ASTR	82.237	456	78	3	66307	66760	69	523	0.0	780
AKG48832.1	tr|A0A5E4FCY7|A0A5E4FCY7_PRUDU	86.463	458	58	3	66304	66760	23	477	0.0	780
AKG48832.1	tr|A0A345N8Y2|A0A345N8Y2_9ASTR	82.675	456	76	3	66307	66760	66	520	0.0	779
AKG48832.1	tr|A0A345N8W9|A0A345N8W9_9ASTR	82.237	456	78	3	66307	66760	69	523	0.0	779
AKG48832.1	tr|A0A2P5CCC8|A0A2P5CCC8_TREOI	83.227	471	76	3	66291	66760	57	525	0.0	779
AKG48832.1	tr|A0A6J5WEC5|A0A6J5WEC5_PRUAR	85.808	458	61	3	66304	66760	70	524	0.0	779
AKG48832.1	tr|A0A345N8Y0|A0A345N8Y0_9ASTR	82.675	456	76	3	66307	66760	66	520	0.0	779
AKG48832.1	tr|A0A345N8X4|A0A345N8X4_9ASTR	82.675	456	76	3	66307	66760	66	520	0.0	779
AKG48832.1	tr|G4U4J5|G4U4J5_CONCD	82.456	456	77	3	66307	66760	69	523	0.0	779
AKG48832.1	tr|A0A2P5ADN8|A0A2P5ADN8_PARAD	83.948	461	72	2	66301	66760	66	525	0.0	779
AKG48832.1	tr|A0A345N8Y1|A0A345N8Y1_9ASTR	82.675	456	76	3	66307	66760	66	520	0.0	778
AKG48832.1	tr|A0A345N8X0|A0A345N8X0_9ASTR	82.237	456	78	3	66307	66760	69	523	0.0	778
AKG48832.1	tr|A0A5D3D3C3|A0A5D3D3C3_CUCME	82.752	487	77	4	66278	66759	41	525	0.0	778
AKG48832.1	tr|Q6E6L4|Q6E6L4_CONCD	82.237	456	78	3	66307	66760	69	523	0.0	778
AKG48832.1	tr|Q1M157|Q1M157_CAMAC	84.934	458	66	3	66304	66760	64	519	0.0	778
AKG48832.1	tr|A0A061DTZ2|A0A061DTZ2_THECC	76.460	531	110	7	66233	66760	3	521	0.0	778
AKG48832.1	tr|A0A6A4PNT7|A0A6A4PNT7_LUPAL	81.743	482	85	3	66280	66760	46	525	0.0	777
AKG48832.1	tr|A0A2J6KQQ6|A0A2J6KQQ6_LACSA	84.848	462	67	3	66300	66760	59	518	0.0	777
AKG48832.1	tr|A0A0A0L4E4|A0A0A0L4E4_CUCSA	82.546	487	78	4	66278	66759	41	525	0.0	777
AKG48832.1	tr|A0A6S7NS83|A0A6S7NS83_LACSI	84.416	462	69	3	66300	66760	59	518	0.0	777
AKG48832.1	tr|A0A1S3AVE7|A0A1S3AVE7_CUCME	82.546	487	78	4	66278	66759	41	525	0.0	775
AKG48832.1	tr|A0A5A7U401|A0A5A7U401_CUCME	82.546	487	78	4	66278	66759	41	525	0.0	775
AKG48832.1	tr|A0A5B7ANL6|A0A5B7ANL6_DAVIN	84.716	458	67	3	66304	66760	67	522	0.0	775
AKG48832.1	tr|I1H1V3|I1H1V3_BRADI	85.034	441	64	2	66320	66759	70	509	0.0	775
AKG48832.1	tr|A0A2G3DDT4|A0A2G3DDT4_CAPCH	79.794	485	85	6	66278	66760	48	521	0.0	774
AKG48832.1	tr|A0A2G9H2R6|A0A2G9H2R6_9LAMI	84.279	458	69	3	66304	66760	64	519	0.0	774
AKG48832.1	tr|A0A5D2WSS2|A0A5D2WSS2_GOSMU	83.298	467	75	3	66295	66760	57	521	0.0	774
AKG48832.1	tr|G1FBT6|G1FBT6_CAPAN	79.794	485	85	6	66278	66760	43	516	0.0	774
AKG48832.1	tr|A7Y7Y2|A7Y7Y2_GOSHI	83.298	467	75	3	66295	66760	57	521	0.0	774
AKG48832.1	tr|A0A5D2E8P9|A0A5D2E8P9_GOSDA	83.298	467	75	3	66295	66760	57	521	0.0	774
AKG48832.1	tr|A0A5J5T9R9|A0A5J5T9R9_GOSBA	83.298	467	75	3	66295	66760	57	521	0.0	774
AKG48832.1	tr|A0A2P5WGR5|A0A2P5WGR5_GOSBA	83.512	467	74	3	66295	66760	57	521	0.0	774
AKG48832.1	tr|Q95AK0|Q95AK0_ELEIN	85.941	441	60	2	66320	66759	5	444	0.0	773
AKG48832.1	tr|G8FH00|G8FH00_ELEIN	85.941	441	60	2	66320	66759	3	442	0.0	773
AKG48832.1	tr|A0A1Q3CEV3|A0A1Q3CEV3_CEPFO	82.751	458	76	3	66304	66760	65	520	0.0	773
AKG48832.1	tr|A0A1E5W859|A0A1E5W859_9POAL	78.586	495	96	3	66274	66759	14	507	0.0	773
AKG48832.1	tr|A0A6J1IYT9|A0A6J1IYT9_CUCMA	82.099	486	79	4	66278	66760	48	528	0.0	773
AKG48832.1	tr|A0A2G3AHD0|A0A2G3AHD0_CAPAN	79.588	485	86	6	66278	66760	48	521	0.0	772
AKG48832.1	tr|A0A1U8GVU4|A0A1U8GVU4_CAPAN	79.588	485	86	6	66278	66760	48	521	0.0	772
AKG48832.1	tr|A0A5D2MVQ5|A0A5D2MVQ5_GOSTO	83.084	467	76	3	66295	66760	57	521	0.0	772
AKG48832.1	tr|A0A6J1E9L2|A0A6J1E9L2_CUCMO	81.263	491	80	5	66276	66760	44	528	0.0	772
AKG48832.1	tr|Q6E6L5|Q6E6L5_CONCD	84.835	455	67	2	66307	66760	66	519	0.0	772
AKG48832.1	tr|A0A6I9TZG3|A0A6I9TZG3_SESIN	86.026	458	61	3	66304	66760	64	519	0.0	772
AKG48832.1	tr|A0A5S9X766|A0A5S9X766_ARATH	75.781	512	114	5	74005	74515	18	520	0.0	771
AKG48832.1	tr|A0A2G2XNQ6|A0A2G2XNQ6_CAPBA	79.588	485	86	6	66278	66760	48	521	0.0	771
AKG48832.1	tr|A0A0B0MKL1|A0A0B0MKL1_GOSAR	82.869	467	77	3	66295	66760	57	521	0.0	771
AKG48832.1	sp|P05466|AROA_ARATH	75.781	512	114	5	74005	74515	18	520	0.0	771
AKG48832.1	sp|P11043|AROA_PETHY	84.934	458	63	4	66304	66760	64	516	0.0	771
AKG48832.1	tr|A0A1J3E0I6|A0A1J3E0I6_NOCCA	74.388	531	115	8	74002	74515	1	527	0.0	771
AKG48832.1	tr|D2CIU5|D2CIU5_9ASTR	85.011	447	65	2	66315	66760	1	446	0.0	771
AKG48832.1	tr|D2CIU4|D2CIU4_9ASTR	85.011	447	65	2	66315	66760	1	446	0.0	771
AKG48832.1	tr|G4U4J4|G4U4J4_CONCD	85.055	455	66	2	66307	66760	66	519	0.0	770
AKG48832.1	tr|Q946V0|Q946V0_9LAMI	83.516	455	72	2	66307	66760	64	516	0.0	770
AKG48832.1	tr|A0A5D2SCP1|A0A5D2SCP1_GOSMU	83.084	467	76	3	66295	66760	57	521	0.0	770
AKG48832.1	tr|A0A5J4ZAW2|A0A5J4ZAW2_9ASTE	84.475	438	66	2	66324	66760	1040	1476	0.0	770
AKG48832.1	tr|A0A2C9WQP6|A0A2C9WQP6_MANES	76.482	523	103	7	66247	66759	8	520	0.0	770
AKG48832.1	tr|A0A1R3I7K5|A0A1R3I7K5_COCAP	73.761	545	101	6	66233	66760	3	522	0.0	770
AKG48832.1	tr|A0A654F3G7|A0A654F3G7_ARATH	75.586	512	115	5	74005	74515	18	520	0.0	769
AKG48832.1	tr|A0A1J3HBZ8|A0A1J3HBZ8_NOCCA	74.388	531	115	8	74002	74515	1	527	0.0	769
AKG48832.1	tr|A0A345N8V8|A0A345N8V8_9ASTR	85.055	455	66	2	66307	66760	66	519	0.0	769
AKG48832.1	tr|Q946U9|Q946U9_9LAMI	83.333	456	73	2	66306	66760	63	516	0.0	769
AKG48832.1	tr|A0A0D2RDI7|A0A0D2RDI7_GOSRA	83.084	467	76	3	66295	66760	57	521	0.0	769
AKG48832.1	tr|A0A453QJP6|A0A453QJP6_AEGTS	83.514	461	74	2	66300	66759	52	511	0.0	769
AKG48832.1	tr|D2CIU2|D2CIU2_9ASTR	83.484	442	71	2	66320	66760	6	446	0.0	769
AKG48832.1	tr|A0A345N8V7|A0A345N8V7_9ASTR	84.835	455	67	2	66307	66760	66	519	0.0	769
AKG48832.1	tr|A0A345N8U8|A0A345N8U8_9ASTR	84.835	455	67	2	66307	66760	66	519	0.0	769
AKG48832.1	tr|A0A6J1A1W0|A0A6J1A1W0_9ROSI	84.061	458	70	3	66304	66760	66	521	0.0	769
AKG48832.1	tr|W8Q9H2|W8Q9H2_AMASP	83.480	454	73	2	66288	66740	45	497	0.0	768
AKG48832.1	tr|A0A1U8N867|A0A1U8N867_GOSHI	82.869	467	77	3	66295	66760	57	521	0.0	768
AKG48832.1	tr|A0AR17|A0AR17_ELEIN	85.488	441	62	2	66320	66759	5	444	0.0	768
AKG48832.1	tr|A0A1J3J5B9|A0A1J3J5B9_NOCCA	74.200	531	116	8	74002	74515	1	527	0.0	768
AKG48832.1	tr|A8YTA7|A8YTA7_9ASTR	83.710	442	70	2	66320	66760	6	446	0.0	768
AKG48832.1	tr|D2CIU6|D2CIU6_9ASTR	83.937	442	69	2	66320	66760	6	446	0.0	768
AKG48832.1	tr|A0A345N8V9|A0A345N8V9_9ASTR	84.835	455	67	2	66307	66760	66	519	0.0	768
AKG48832.1	tr|A0A1J3F4M4|A0A1J3F4M4_NOCCA	74.200	531	116	8	74002	74515	1	527	0.0	768
AKG48832.1	tr|A0A2Z7CLX6|A0A2Z7CLX6_9LAMI	84.061	458	70	3	66304	66760	63	518	0.0	768
AKG48832.1	tr|A0A2R6R6G0|A0A2R6R6G0_ACTCC	80.652	491	84	7	66276	66760	27	512	0.0	768
AKG48832.1	tr|A0A6P6VTQ7|A0A6P6VTQ7_COFAR	84.615	455	67	3	66307	66760	63	515	0.0	768
AKG48832.1	tr|D2CIU3|D2CIU3_9ASTR	84.787	447	66	2	66315	66760	1	446	0.0	768
AKG48832.1	tr|A0A5D2AA30|A0A5D2AA30_GOSDA	82.869	467	77	3	66295	66760	57	521	0.0	768
AKG48832.1	tr|A0A5J5NXG7|A0A5J5NXG7_GOSBA	82.869	467	77	3	66295	66760	57	521	0.0	768
AKG48832.1	tr|A0A6B9MN81|A0A6B9MN81_9LILI	86.057	459	60	4	66304	66760	66	522	0.0	767
AKG48832.1	tr|A0A445E9D3|A0A445E9D3_ARAHY	83.051	472	69	4	66290	66759	63	525	0.0	767
AKG48832.1	tr|W8Q8I3|W8Q8I3_AMASP	83.040	454	75	2	66288	66740	45	497	0.0	767
AKG48832.1	tr|A0A345N8V1|A0A345N8V1_9ASTR	84.615	455	68	2	66307	66760	66	519	0.0	767
AKG48832.1	tr|A0A178VT19|A0A178VT19_ARATH	75.391	512	116	5	74005	74515	18	520	0.0	767
AKG48832.1	tr|A0A445E6M8|A0A445E6M8_ARAHY	83.051	472	69	4	66290	66759	63	525	0.0	767
AKG48832.1	tr|A0A1R3K0M4|A0A1R3K0M4_9ROSI	73.394	545	103	6	66233	66760	3	522	0.0	766
AKG48832.1	tr|B2C1I9|B2C1I9_GOSHI	82.869	467	77	3	66295	66760	57	521	0.0	766
AKG48832.1	tr|A0A498JHI7|A0A498JHI7_MALDO	86.123	454	60	3	66304	66756	70	521	0.0	766
AKG48832.1	tr|A0A1J7IWW3|A0A1J7IWW3_LUPAN	84.130	460	70	3	66302	66760	10	467	0.0	766
AKG48832.1	tr|A0A1P8B1E5|A0A1P8B1E5_ARATH	76.134	507	111	5	74005	74510	18	515	0.0	766
AKG48832.1	tr|W8R3N7|W8R3N7_AMASP	83.040	454	75	2	66288	66740	45	497	0.0	766
AKG48832.1	tr|A0AR18|A0AR18_ELEIN	85.488	441	62	2	66320	66759	5	444	0.0	766
AKG48832.1	tr|Q95AK1|Q95AK1_ELEIN	85.488	441	62	2	66320	66759	5	444	0.0	766
AKG48832.1	tr|A0A151UC41|A0A151UC41_CAJCA	79.757	494	95	5	66269	66760	35	525	0.0	765
AKG48832.1	tr|A0A1D1Z1F2|A0A1D1Z1F2_9ARAE	76.190	525	106	4	74002	74514	53	570	0.0	765
AKG48832.1	tr|A0A068TN19|A0A068TN19_COFCA	84.615	455	67	3	66307	66760	14	466	0.0	765
AKG48832.1	tr|A0A1U7WR75|A0A1U7WR75_NICSY	84.279	458	66	4	66304	66760	60	512	0.0	765
AKG48832.1	tr|D2CIU7|D2CIU7_9ASTR	83.710	442	70	2	66320	66760	6	446	0.0	764
AKG48832.1	tr|Q1KPV4|Q1KPV4_9ASPA	81.184	473	87	2	66289	66760	51	522	0.0	764
AKG48832.1	tr|B5M6A1|B5M6A1_WHEAT	83.948	461	72	2	66300	66759	50	509	0.0	764
AKG48832.1	tr|A0A251S0N3|A0A251S0N3_HELAN	81.053	475	84	5	66288	66760	48	518	0.0	764
AKG48832.1	tr|A0A5D2I9Q4|A0A5D2I9Q4_GOSTO	82.655	467	78	3	66295	66760	57	521	0.0	764
AKG48832.1	tr|A0A3B6TCN7|A0A3B6TCN7_WHEAT	83.731	461	73	2	66300	66759	50	509	0.0	764
AKG48832.1	tr|A0A6P4CG93|A0A6P4CG93_ARADU	83.051	472	69	4	66290	66759	63	525	0.0	763
AKG48832.1	tr|A0A1D6NVZ6|A0A1D6NVZ6_MAIZE	87.045	440	56	1	66320	66759	67	505	0.0	763
AKG48832.1	tr|A0A2C9VT94|A0A2C9VT94_MANES	83.696	460	71	4	66302	66760	66	522	0.0	763
AKG48832.1	tr|A0A5N6LK10|A0A5N6LK10_9ASTR	77.407	509	95	5	66265	66761	17	517	0.0	763
AKG48832.1	tr|A0A3L6D9R8|A0A3L6D9R8_MAIZE	87.045	440	56	1	66320	66759	67	505	0.0	763
AKG48832.1	tr|O24566|O24566_MAIZE	87.045	440	56	1	66320	66759	5	443	0.0	763
AKG48832.1	tr|A0A067K174|A0A067K174_JATCU	81.342	477	83	5	66287	66760	46	519	0.0	763
AKG48832.1	tr|A0A4D8ZGC2|A0A4D8ZGC2_SALSN	85.590	458	63	3	66304	66760	61	516	0.0	762
AKG48832.1	tr|A8YTA6|A8YTA6_9ASTR	85.714	448	62	2	66314	66760	1	447	0.0	762
AKG48832.1	tr|A0A5B9T5W8|A0A5B9T5W8_LOLRI	85.488	441	62	2	66320	66759	65	504	0.0	762
AKG48832.1	tr|B2CM20|B2CM20_9ASTE	81.781	483	81	5	66280	66760	43	520	0.0	762
AKG48832.1	tr|A0A5N6NPZ5|A0A5N6NPZ5_9ASTR	84.633	449	66	3	66313	66759	70	517	0.0	762
AKG48832.1	tr|A0A5B9T7B3|A0A5B9T7B3_SORHL	86.818	440	57	1	66320	66759	67	505	0.0	762
AKG48832.1	tr|A0A5B9T5S8|A0A5B9T5S8_LOLRI	85.488	441	62	2	66320	66759	65	504	0.0	762
AKG48832.1	tr|A0A3Q7GLX3|A0A3Q7GLX3_SOLLC	84.279	458	66	4	66304	66760	66	518	0.0	762
AKG48832.1	tr|A0A1J7H2T7|A0A1J7H2T7_LUPAN	80.457	481	92	2	66280	66760	46	524	0.0	762
AKG48832.1	tr|A0A6A5MWN1|A0A6A5MWN1_LUPAL	80.249	481	93	2	66280	66760	46	524	0.0	762
AKG48832.1	tr|A0A4D8Y0K7|A0A4D8Y0K7_SALSN	85.153	458	65	3	66304	66760	64	519	0.0	761
AKG48832.1	tr|A0A5B6UZZ8|A0A5B6UZZ8_9ROSI	82.655	467	78	3	66295	66760	57	521	0.0	761
AKG48832.1	tr|A0A6N2B2Z6|A0A6N2B2Z6_SOLCI	84.279	458	66	4	66304	66760	66	518	0.0	761
AKG48832.1	tr|A0A4P8PSL9|A0A4P8PSL9_AMBAR	81.897	464	80	3	66298	66760	52	512	0.0	761
AKG48832.1	tr|A0A4D8ZUB6|A0A4D8ZUB6_SALSN	85.153	458	65	3	66304	66760	64	519	0.0	761
AKG48832.1	tr|A0A3S3MQP3|A0A3S3MQP3_9MAGN	76.426	526	104	7	74002	74515	1	518	0.0	761
AKG48832.1	tr|A0A5B9T603|A0A5B9T603_BROTE	85.488	441	62	2	66320	66759	68	507	0.0	761
AKG48832.1	tr|A0A3Q7EKI7|A0A3Q7EKI7_SOLLC	76.648	531	96	11	74002	74515	1	520	0.0	761
AKG48832.1	tr|A0A5C7I2M9|A0A5C7I2M9_9ROSI	76.718	524	108	6	74000	74515	8	525	0.0	761
AKG48832.1	tr|A0A3B6U4K5|A0A3B6U4K5_WHEAT	83.514	461	74	2	66300	66759	55	514	0.0	761
AKG48832.1	tr|H6T5X2|H6T5X2_SORHL	86.818	440	57	1	66320	66759	5	443	0.0	761
AKG48832.1	tr|A0A0M8KSM3|A0A0M8KSM3_NICAT	83.624	458	69	4	66304	66760	54	506	0.0	761
AKG48832.1	tr|A0A446RID0|A0A446RID0_TRITD	83.514	461	74	2	66300	66759	50	509	0.0	761
AKG48832.1	tr|A0A6P5ZW89|A0A6P5ZW89_DURZI	82.314	458	79	2	66304	66760	64	520	0.0	760
AKG48832.1	tr|A0A6P5ZWD4|A0A6P5ZWD4_DURZI	82.314	458	79	2	66304	66760	64	520	0.0	760
AKG48832.1	tr|A0A446RID2|A0A446RID2_TRITD	83.514	461	74	2	66300	66759	55	514	0.0	760
AKG48832.1	tr|A0A446RIC4|A0A446RIC4_TRITD	83.514	461	74	2	66300	66759	54	513	0.0	760
AKG48832.1	tr|A0A540LEB6|A0A540LEB6_MALBA	83.264	478	77	3	66284	66760	50	525	0.0	760
AKG48832.1	tr|A0A0E0L7E6|A0A0E0L7E6_ORYPU	85.941	441	60	2	66320	66759	97	536	0.0	760
AKG48832.1	tr|B9RDA3|B9RDA3_RICCO	80.882	476	85	5	66287	66759	45	517	0.0	760
AKG48832.1	tr|M1CGC9|M1CGC9_SOLTU	76.648	531	95	10	74002	74515	1	519	0.0	759
AKG48832.1	tr|C5Z3D1|C5Z3D1_SORBI	86.591	440	58	1	66320	66759	67	505	0.0	759
AKG48832.1	tr|G7JEN4|G7JEN4_MEDTR	79.276	497	92	7	66272	66760	29	522	0.0	759
AKG48832.1	tr|A0A251V1I3|A0A251V1I3_HELAN	86.005	443	60	2	66319	66760	68	509	0.0	759
AKG48832.1	tr|A0A6D2JXJ5|A0A6D2JXJ5_9BRAS	73.905	525	131	4	66237	66760	8	527	0.0	759
AKG48832.1	tr|A0A0D9WLG7|A0A0D9WLG7_9ORYZ	86.136	440	59	2	66321	66759	71	509	0.0	759
AKG48832.1	tr|A0A498KI81|A0A498KI81_MALDO	83.054	478	78	3	66284	66760	50	525	0.0	759
AKG48832.1	tr|A0A446WZV3|A0A446WZV3_TRITD	85.941	441	60	2	66320	66759	70	509	0.0	759
AKG48832.1	tr|A0A067HD33|A0A067HD33_CITSI	83.297	461	74	3	66300	66759	60	518	0.0	759
AKG48832.1	tr|A0A3B6R885|A0A3B6R885_WHEAT	85.941	441	60	2	66320	66759	70	509	0.0	759
AKG48832.1	tr|A0A0E0L7E7|A0A0E0L7E7_ORYPU	85.941	441	60	2	66320	66759	59	498	0.0	758
AKG48832.1	tr|A0A1S4C0K4|A0A1S4C0K4_TOBAC	78.685	502	90	6	66271	66760	22	518	0.0	758
AKG48832.1	tr|A0A078J1K1|A0A078J1K1_BRANA	79.012	486	92	5	66276	66760	39	515	0.0	758
AKG48832.1	tr|A0A1S2YLL6|A0A1S2YLL6_CICAR	83.772	456	71	3	66306	66760	72	525	0.0	758
AKG48832.1	sp|P10748|AROA_SOLLC	76.460	531	97	10	74002	74515	1	520	0.0	758
AKG48832.1	tr|A0A2H5NP74|A0A2H5NP74_CITUN	83.297	461	74	3	66300	66759	60	518	0.0	758
AKG48832.1	tr|M1A9Z3|M1A9Z3_SOLTU	80.785	484	84	5	66278	66760	43	518	0.0	758
AKG48832.1	tr|A0A0D2QRR3|A0A0D2QRR3_GOSRA	83.624	458	72	3	66304	66760	66	521	0.0	758
AKG48832.1	tr|A0A1U8P5S7|A0A1U8P5S7_GOSHI	79.234	496	87	5	66275	66760	32	521	0.0	758
AKG48832.1	tr|A0A3L6PJ42|A0A3L6PJ42_PANMI	86.168	441	59	2	66320	66759	67	506	0.0	758
AKG48832.1	tr|V4U8J1|V4U8J1_CITCL	83.297	461	74	3	66300	66759	60	518	0.0	758
AKG48832.1	tr|A0A2T7E3E4|A0A2T7E3E4_9POAL	86.168	441	59	2	66320	66759	69	508	0.0	758
AKG48832.1	tr|A0A2S3HM17|A0A2S3HM17_9POAL	86.168	441	59	2	66320	66759	68	507	0.0	758
AKG48832.1	tr|A0A0E0L7E8|A0A0E0L7E8_ORYPU	85.941	441	60	2	66320	66759	23	462	0.0	758
AKG48832.1	tr|A0A6N2BGA3|A0A6N2BGA3_SOLCI	76.271	531	98	10	74002	74515	1	520	0.0	757
AKG48832.1	tr|A0A0E0PT33|A0A0E0PT33_ORYRU	85.941	441	60	2	66320	66759	75	514	0.0	757
AKG48832.1	tr|A2Y8X9|A2Y8X9_ORYSI	85.941	441	60	2	66320	66759	75	514	0.0	757
AKG48832.1	tr|A0A5J9TN54|A0A5J9TN54_9POAL	85.714	441	61	2	66320	66759	74	513	0.0	757
AKG48832.1	tr|Q93VK6|Q93VK6_ORYSA	85.941	441	60	2	66320	66759	71	510	0.0	757
AKG48832.1	tr|A0A0E0HKI5|A0A0E0HKI5_ORYNI	85.941	441	60	2	66320	66759	75	514	0.0	757
AKG48832.1	tr|A0A0E0DW90|A0A0E0DW90_9ORYZ	85.941	441	60	2	66320	66759	75	514	0.0	757
AKG48832.1	tr|Q5VNW0|Q5VNW0_ORYSJ	85.941	441	60	2	66320	66759	75	514	0.0	757
AKG48832.1	tr|I1PZA1|I1PZA1_ORYGL	85.941	441	60	2	66320	66759	71	510	0.0	757
AKG48832.1	tr|A0A0D3GCF5|A0A0D3GCF5_9ORYZ	85.941	441	60	2	66320	66759	69	508	0.0	757
AKG48832.1	sp|P23981|AROA1_TOBAC	78.486	502	91	6	66271	66760	22	518	0.0	757
AKG48832.1	tr|B9GPE8|B9GPE8_POPTR	77.165	508	103	7	66256	66760	21	518	0.0	757
AKG48832.1	tr|Q3Y6S2|Q3Y6S2_LOLMU	85.812	437	60	2	66324	66759	1	436	0.0	756
AKG48832.1	tr|A0A5D2UA94|A0A5D2UA94_GOSMU	83.624	458	72	3	66304	66760	66	521	0.0	756
AKG48832.1	tr|A0A6S7N1K5|A0A6S7N1K5_LACSI	83.553	456	71	4	66302	66755	59	512	0.0	756
AKG48832.1	tr|A0A0E0A4L5|A0A0E0A4L5_9ORYZ	85.714	441	61	2	66320	66759	71	510	0.0	756
AKG48832.1	tr|A0A4U6UXI9|A0A4U6UXI9_SETVI	85.714	441	61	2	66320	66759	70	509	0.0	756
AKG48832.1	tr|A0A1U7YG45|A0A1U7YG45_NICSY	78.486	502	91	6	66271	66760	22	518	0.0	756
AKG48832.1	tr|A0A0P0K3B8|A0A0P0K3B8_WHEAT	85.714	441	61	2	66320	66759	70	509	0.0	756
AKG48832.1	tr|A0A1U8NX97|A0A1U8NX97_GOSHI	83.188	458	74	3	66304	66760	66	521	0.0	756
AKG48832.1	tr|A0A5N6M5M3|A0A5N6M5M3_9ASTR	80.508	472	86	3	66291	66761	51	517	0.0	756
AKG48832.1	tr|A0A5D2PTD5|A0A5D2PTD5_GOSTO	83.188	458	74	3	66304	66760	66	521	0.0	756
AKG48832.1	tr|V5NFH4|V5NFH4_SORHL	85.034	441	64	2	66320	66759	5	444	0.0	755
AKG48832.1	tr|H6T5X1|H6T5X1_SORHL	86.591	440	58	1	66320	66759	5	443	0.0	755
AKG48832.1	tr|A0A5B6UNE0|A0A5B6UNE0_9ROSI	83.406	458	73	3	66304	66760	66	521	0.0	755
AKG48832.1	tr|A0A6P6VVB1|A0A6P6VVB1_COFAR	80.544	478	67	4	66307	66760	63	538	0.0	755
AKG48832.1	tr|A0A0B0PQG1|A0A0B0PQG1_GOSAR	82.969	458	75	3	66304	66760	66	521	0.0	755
AKG48832.1	tr|A0A5N5F2I1|A0A5N5F2I1_9ROSA	82.845	478	79	3	66284	66760	50	525	0.0	754
AKG48832.1	tr|A0A4Y7KMY3|A0A4Y7KMY3_PAPSO	81.585	467	75	4	66304	66760	69	534	0.0	754
AKG48832.1	tr|A0A5D2YPM1|A0A5D2YPM1_GOSMU	82.969	458	75	3	66304	66760	66	521	0.0	754
AKG48832.1	tr|A8YTA5|A8YTA5_9ASTR	85.045	448	65	2	66314	66760	1	447	0.0	754
AKG48832.1	tr|A0A5D2BWR2|A0A5D2BWR2_GOSDA	83.406	458	73	3	66304	66760	66	521	0.0	753
AKG48832.1	tr|A0A5J5QTD1|A0A5J5QTD1_GOSBA	83.406	458	73	3	66304	66760	66	521	0.0	753
AKG48832.1	tr|A0A438FU78|A0A438FU78_VITVI	74.102	529	85	5	66283	66760	35	562	0.0	753
AKG48832.1	tr|A0A6N2LI84|A0A6N2LI84_SALVM	82.932	457	74	4	66304	66759	64	517	0.0	753
AKG48832.1	tr|A0A0V0IJ85|A0A0V0IJ85_SOLCH	76.316	532	97	10	74002	74515	1	521	0.0	753
AKG48832.1	tr|A0A3L6S0G6|A0A3L6S0G6_PANMI	85.488	441	62	2	66320	66759	68	507	0.0	753
AKG48832.1	tr|A0A5N5NPD9|A0A5N5NPD9_9ROSI	82.932	457	74	4	66304	66759	64	517	0.0	753
AKG48832.1	tr|A0A4U5MYM8|A0A4U5MYM8_POPAL	82.751	458	75	4	66304	66760	13	467	0.0	753
AKG48832.1	tr|G8FH01|G8FH01_ELEIN	85.714	441	61	2	66320	66759	3	442	0.0	752
AKG48832.1	tr|A0A6N2MUH1|A0A6N2MUH1_SALVM	83.624	458	71	4	66304	66760	64	518	0.0	752
AKG48832.1	tr|A0A5D2K8E4|A0A5D2K8E4_GOSTO	83.628	452	72	2	66310	66760	2	452	0.0	752
AKG48832.1	tr|Q6E6L3|Q6E6L3_CONCD	81.111	450	82	3	66313	66760	6	454	0.0	751
AKG48832.1	tr|A0A484M6T4|A0A484M6T4_9ASTE	78.484	488	94	6	66278	66760	42	523	0.0	751
AKG48832.1	tr|A0A6B9EWY2|A0A6B9EWY2_IPOPU	82.390	477	76	5	65170	65644	5	475	0.0	751
AKG48832.1	tr|A0A6B9EQ80|A0A6B9EQ80_IPOPU	82.390	477	76	5	65170	65644	19	489	0.0	751
AKG48832.1	tr|A0A6B9ER56|A0A6B9ER56_IPOPU	82.390	477	76	5	65170	65644	19	489	0.0	751
AKG48832.1	tr|A0A6B9ESB5|A0A6B9ESB5_IPOPU	82.390	477	76	5	65170	65644	19	489	0.0	751
AKG48832.1	tr|A0A4D9ALU6|A0A4D9ALU6_SALSN	81.370	467	75	5	66304	66760	64	528	0.0	750
AKG48832.1	tr|A0A1S4AEH4|A0A1S4AEH4_TOBAC	83.843	458	67	5	66304	66760	66	517	0.0	750
AKG48832.1	tr|A0A2H5NPD9|A0A2H5NPD9_CITUN	81.876	469	74	4	66300	66759	60	526	0.0	749
AKG48832.1	tr|A0A5N5K689|A0A5N5K689_9ROSI	83.406	458	72	4	66304	66760	64	518	0.0	749
AKG48832.1	tr|B3GGJ9|B3GGJ9_CONAR	80.745	483	86	5	66280	66760	43	520	0.0	749
AKG48832.1	tr|A0A6G1CPC4|A0A6G1CPC4_9ORYZ	85.455	440	62	2	66321	66759	68	506	0.0	749
AKG48832.1	tr|A0A6B9ENH8|A0A6B9ENH8_IPOPU	82.180	477	77	5	65170	65644	19	489	0.0	748
AKG48832.1	tr|A0A6B9EWQ0|A0A6B9EWQ0_IPOPU	82.353	476	76	5	65170	65643	19	488	0.0	748
AKG48832.1	tr|A0A2P5X9W2|A0A2P5X9W2_GOSBA	82.751	458	76	3	66304	66760	66	521	0.0	748
AKG48832.1	tr|A0A6B9ENH7|A0A6B9ENH7_IPOPU	82.180	477	77	5	65170	65644	19	489	0.0	748
AKG48832.1	tr|A0A089WYN0|A0A089WYN0_ELEIN	85.261	441	63	2	66320	66759	5	444	0.0	746
AKG48832.1	tr|A0A0A6Z9T0|A0A0A6Z9T0_HEVBR	81.739	460	78	4	66302	66760	69	523	0.0	746
AKG48832.1	tr|D7LCH4|D7LCH4_ARALL	76.984	504	103	6	66265	66760	18	516	0.0	746
AKG48832.1	tr|A0A6A1W176|A0A6A1W176_9ROSI	69.858	564	70	6	66295	66760	57	618	0.0	746
AKG48832.1	tr|A0A6B9ENI7|A0A6B9ENI7_IPOPU	82.316	475	76	5	65170	65642	19	487	0.0	745
AKG48832.1	tr|A8YTA8|A8YTA8_9ASTR	80.995	442	82	2	66320	66760	6	446	0.0	745
AKG48832.1	tr|Q0PKR0|Q0PKR0_PHAVU	81.099	455	83	3	66307	66760	70	522	0.0	744
AKG48832.1	tr|A0A6B9F314|A0A6B9F314_IPOPU	82.278	474	76	5	65170	65641	36	503	0.0	744
AKG48832.1	tr|A0A6P6VX69|A0A6P6VX69_COFAR	79.622	476	73	4	66307	66760	63	536	0.0	744
AKG48832.1	tr|A0A0N7FDV4|A0A0N7FDV4_VITVI	83.991	456	70	3	66306	66760	2	455	0.0	744
AKG48832.1	tr|A0A6B9ENN8|A0A6B9ENN8_IPOPU	82.278	474	76	5	65170	65641	24	491	0.0	743
AKG48832.1	tr|A0A0D3B6U5|A0A0D3B6U5_BRAOL	77.956	499	101	6	66265	66760	17	509	0.0	743
AKG48832.1	tr|A0A6B9ERH8|A0A6B9ERH8_IPOPU	82.278	474	76	5	65170	65641	18	485	0.0	743
AKG48832.1	tr|A0A6B9ESI0|A0A6B9ESI0_IPOPU	82.278	474	76	5	65170	65641	23	490	0.0	743
AKG48832.1	tr|A0A6B9ERL8|A0A6B9ERL8_IPOPU	82.278	474	76	5	65170	65641	22	489	0.0	743
AKG48832.1	tr|A0A6B9ENL3|A0A6B9ENL3_IPOPU	82.278	474	76	5	65170	65641	19	486	0.0	743
AKG48832.1	tr|A0A6B9ENN7|A0A6B9ENN7_IPOPU	82.278	474	76	5	65170	65641	21	488	0.0	743
AKG48832.1	tr|I1J7U9|I1J7U9_SOYBN	80.165	484	92	4	66279	66760	44	525	0.0	743
AKG48832.1	tr|A0A0B2QZU7|A0A0B2QZU7_GLYSO	80.165	484	92	4	66279	66760	44	525	0.0	743
AKG48832.1	tr|A0A654ESJ0|A0A654ESJ0_ARATH	81.602	462	79	4	66300	66760	65	521	0.0	742
AKG48832.1	tr|A0A4Y7L8J7|A0A4Y7L8J7_PAPSO	77.374	495	73	4	66304	66760	69	562	0.0	741
AKG48832.1	tr|Q8W1M5|Q8W1M5_ORYVI	76.953	512	106	7	74005	74515	18	518	0.0	741
AKG48832.1	tr|V4L9W7|V4L9W7_EUTSA	76.877	506	102	6	66265	66760	18	518	0.0	741
AKG48832.1	tr|Q9FVP6|Q9FVP6_ARATH	81.602	462	79	4	66300	66760	65	521	0.0	741
AKG48832.1	tr|A0A6B9ER37|A0A6B9ER37_IPOPU	82.241	473	76	5	65170	65640	19	485	0.0	741
AKG48832.1	tr|M4C856|M4C856_BRARP	77.470	506	98	6	66265	66760	15	514	0.0	741
AKG48832.1	tr|A0A6B9ERJ0|A0A6B9ERJ0_IPOPU	82.241	473	76	5	65170	65640	21	487	0.0	740
AKG48832.1	tr|A0A6B9F2Z4|A0A6B9F2Z4_IPOPU	82.068	474	77	5	65170	65641	19	486	0.0	740
AKG48832.1	tr|A0A078JSU1|A0A078JSU1_BRANA	76.562	512	95	6	66265	66760	19	521	0.0	740
AKG48832.1	tr|A0A6A4KJY0|A0A6A4KJY0_9ERIC	83.878	459	70	4	66304	66760	67	523	0.0	740
AKG48832.1	tr|R0FVF7|R0FVF7_9BRAS	74.335	526	116	8	74002	74515	1	519	0.0	739
AKG48832.1	tr|Q8LC97|Q8LC97_ARATH	81.385	462	80	4	66300	66760	65	521	0.0	739
AKG48832.1	tr|A0A397ZPX8|A0A397ZPX8_BRACM	79.424	486	90	5	66276	66760	40	516	0.0	739
AKG48832.1	tr|A0A2R6R9C4|A0A2R6R9C4_ACTCC	83.447	441	71	2	66321	66760	1	440	0.0	739
AKG48832.1	tr|A0A078HH62|A0A078HH62_BRANA	79.424	486	90	5	66276	66760	40	516	0.0	739
AKG48832.1	tr|A0A5D2FWA0|A0A5D2FWA0_GOSDA	82.096	458	77	4	66304	66760	66	519	0.0	739
AKG48832.1	tr|A0A5S9WKB0|A0A5S9WKB0_ARATH	81.385	462	80	4	66300	66760	65	521	0.0	738
AKG48832.1	tr|A0A6B9ENM6|A0A6B9ENM6_IPOPU	82.203	472	76	5	65170	65639	18	483	0.0	738
AKG48832.1	tr|A0A087H5C4|A0A087H5C4_ARAAL	75.048	521	117	7	74002	74515	1	515	0.0	738
AKG48832.1	tr|A0A3P6D0R6|A0A3P6D0R6_BRACM	74.566	519	124	6	74002	74515	1	516	0.0	738
AKG48832.1	tr|D7KD66|D7KD66_ARALL	81.169	462	81	4	66300	66760	67	523	0.0	738
AKG48832.1	sp|P17688|AROA_BRANA	76.353	499	114	3	66265	66760	19	516	0.0	738
AKG48832.1	tr|A0A3P6A8B6|A0A3P6A8B6_BRACM	76.772	508	101	6	66265	66760	19	521	0.0	738
AKG48832.1	tr|A0A6B9F2X6|A0A6B9F2X6_IPOPU	82.203	472	76	5	65170	65639	21	486	0.0	738
AKG48832.1	tr|A0A1J3E699|A0A1J3E699_NOCCA	74.242	528	116	8	74002	74515	1	522	0.0	738
AKG48832.1	tr|A0A565BP76|A0A565BP76_9BRAS	74.621	528	108	8	74002	74515	1	516	0.0	738
AKG48832.1	tr|A0A178WDZ9|A0A178WDZ9_ARATH	80.952	462	82	4	66300	66760	65	521	0.0	737
AKG48832.1	tr|A0A6D2KT97|A0A6D2KT97_9BRAS	74.194	527	117	7	74002	74515	1	521	0.0	737
AKG48832.1	tr|I1JKP7|I1JKP7_SOYBN	80.082	487	94	3	66276	66760	41	526	0.0	736
AKG48832.1	tr|A0A0D3C6D1|A0A0D3C6D1_BRAOL	76.152	499	115	3	66265	66760	19	516	0.0	736
AKG48832.1	tr|A0A6J0NIE3|A0A6J0NIE3_RAPSA	75.842	505	112	5	65150	65649	11	510	0.0	736
AKG48832.1	tr|A0A3P6DB61|A0A3P6DB61_BRAOL	76.152	499	115	3	66265	66760	19	516	0.0	736
AKG48832.1	tr|A0A0S3SYD7|A0A0S3SYD7_PHAAN	77.165	508	97	7	66256	66760	34	525	0.0	736
AKG48832.1	tr|A0A6B9F2T3|A0A6B9F2T3_IPOPU	81.992	472	77	5	65170	65639	19	484	0.0	735
AKG48832.1	tr|A0A1J3HGA8|A0A1J3HGA8_NOCCA	81.602	462	79	4	66300	66760	61	517	0.0	735
AKG48832.1	tr|A0A4D6MN12|A0A4D6MN12_VIGUN	76.969	508	98	7	66256	66760	34	525	0.0	734
AKG48832.1	tr|A0A1J3FYC3|A0A1J3FYC3_NOCCA	81.385	462	80	4	66300	66760	61	517	0.0	734
AKG48832.1	tr|M4FGU1|M4FGU1_BRARP	79.218	486	91	5	66276	66760	40	516	0.0	734
AKG48832.1	tr|Q6JDV0|Q6JDV0_BRACM	76.680	506	102	6	66265	66760	15	514	0.0	734
AKG48832.1	tr|A0A1S3V5Z0|A0A1S3V5Z0_VIGRR	82.314	458	78	3	66304	66760	70	525	0.0	733
AKG48832.1	tr|A0A1J3JRC8|A0A1J3JRC8_NOCCA	82.018	456	76	4	66306	66760	67	517	0.0	733
AKG48832.1	tr|A0A0B2RR79|A0A0B2RR79_GLYSO	79.466	487	97	3	66276	66760	41	526	0.0	733
AKG48832.1	tr|A0A3P6AFC9|A0A3P6AFC9_BRAOL	74.904	522	99	7	66265	66760	17	532	0.0	733
AKG48832.1	tr|A0A328DPQ3|A0A328DPQ3_9ASTE	78.763	485	96	4	66278	66760	42	521	0.0	731
AKG48832.1	tr|A0A2P2J2K4|A0A2P2J2K4_RHIMU	82.713	457	76	3	66304	66760	70	523	0.0	730
AKG48832.1	tr|V7AMX2|V7AMX2_PHAVU	76.529	507	102	6	66256	66760	34	525	0.0	730
AKG48832.1	tr|A0A368QQK4|A0A368QQK4_SETIT	83.673	441	60	3	66320	66759	71	500	0.0	729
AKG48832.1	tr|K3XWI8|K3XWI8_SETIT	83.673	441	60	3	66320	66759	68	497	0.0	729
AKG48832.1	tr|A8YTA9|A8YTA9_9ASTR	79.864	442	85	3	66320	66760	6	444	0.0	729
AKG48832.1	tr|A0A2Z6M669|A0A2Z6M669_TRISU	81.087	460	73	4	66303	66760	67	514	0.0	728
AKG48832.1	tr|A0A2U1KK14|A0A2U1KK14_ARTAN	82.571	459	77	3	66304	66760	64	521	0.0	726
AKG48832.1	tr|A0A6A3C2Z7|A0A6A3C2Z7_HIBSY	80.752	452	72	3	66323	66760	52	502	0.0	726
AKG48832.1	tr|F4I035|F4I035_ARATH	77.413	487	79	5	66300	66760	8	489	0.0	724
AKG48832.1	tr|A0A0P0KT88|A0A0P0KT88_WHEAT	85.995	407	55	2	66354	66759	1	406	0.0	722
AKG48832.1	tr|A0A5A7PEX9|A0A5A7PEX9_STRAF	84.722	432	60	4	65197	65627	62	488	0.0	721
AKG48832.1	tr|A0A0P0KDX1|A0A0P0KDX1_WHEAT	85.749	407	56	2	66354	66759	1	406	0.0	720
AKG48832.1	tr|A0A445L6I2|A0A445L6I2_GLYSO	75.146	515	97	4	66276	66760	41	554	0.0	717
AKG48832.1	tr|A0A0D6R807|A0A0D6R807_ARACU	78.146	453	96	2	66310	66760	76	527	0.0	714
AKG48832.1	tr|A0A103XEB4|A0A103XEB4_CYNCS	77.899	457	71	4	66304	66759	63	490	0.0	713
AKG48832.1	tr|A0A7G2DZ66|A0A7G2DZ66_ARATH	78.925	465	89	5	66300	66760	65	524	0.0	713
AKG48832.1	tr|A0A6B9F2V5|A0A6B9F2V5_IPOPU	85.517	435	59	4	65197	65629	1	433	0.0	712
AKG48832.1	tr|A0A0A1C3J0|A0A0A1C3J0_ELEIN	86.352	403	53	2	66358	66759	1	402	0.0	711
AKG48832.1	tr|U5D9W1|U5D9W1_AMBTC	77.564	468	99	4	66294	66759	54	517	0.0	711
AKG48832.1	tr|A0A5P1FPS9|A0A5P1FPS9_ASPOF	86.029	408	55	2	66354	66760	66	472	0.0	710
AKG48832.1	tr|A0A6A6LLL2|A0A6A6LLL2_HEVBR	79.348	460	75	6	66302	66760	691	1131	0.0	708
AKG48832.1	tr|A0A287VK38|A0A287VK38_HORVV	86.275	408	54	2	66353	66759	20	426	0.0	707
AKG48832.1	tr|A0A0C9S9Q3|A0A0C9S9Q3_9SPER	77.263	453	100	2	66310	66760	76	527	0.0	706
AKG48832.1	tr|A0A0A1C3V2|A0A0A1C3V2_ELEIN	85.856	403	55	2	66358	66759	1	402	0.0	705
AKG48832.1	tr|A0A2J6L5V5|A0A2J6L5V5_LACSA	78.879	464	86	7	66302	66760	17	473	0.0	702
AKG48832.1	tr|A0A142J9E5|A0A142J9E5_TRIMO	86.076	395	53	2	66366	66759	1	394	0.0	702
AKG48832.1	tr|A0A142J9E7|A0A142J9E7_AEGTA	86.076	395	53	2	66366	66759	1	394	0.0	702
AKG48832.1	tr|A0A0A1C4R9|A0A0A1C4R9_ELEIN	85.856	403	55	2	66358	66759	1	402	0.0	702
AKG48832.1	tr|A3B841|A3B841_ORYSJ	80.952	441	73	3	66320	66759	75	505	0.0	702
AKG48832.1	tr|A0A6B9ERG6|A0A6B9ERG6_IPOPU	81.538	455	76	5	65170	65622	19	467	0.0	701
AKG48832.1	tr|A0A142J9E6|A0A142J9E6_AEGSP	85.823	395	54	2	66366	66759	1	394	0.0	701
AKG48832.1	tr|A0A218X6Q7|A0A218X6Q7_PUNGR	70.000	530	101	7	74002	74515	1	488	0.0	700
AKG48832.1	tr|A0A287VJQ7|A0A287VJQ7_HORVV	86.701	391	50	2	66370	66759	1	390	0.0	698
AKG48832.1	tr|D8TBU1|D8TBU1_SELML	73.451	452	118	2	66308	66758	1	451	0.0	697
AKG48832.1	tr|D8RM43|D8RM43_SELML	73.230	452	119	2	66308	66758	1	451	0.0	697
AKG48832.1	tr|A0A6B9EQF2|A0A6B9EQF2_IPOPU	81.737	449	74	5	65170	65616	19	461	0.0	694
AKG48832.1	tr|A0A6B9EQC6|A0A6B9EQC6_IPOPU	81.737	449	74	5	65170	65616	20	462	0.0	694
AKG48832.1	tr|D3JPP9|D3JPP9_9POAL	86.957	391	49	2	66370	66759	1	390	0.0	692
AKG48832.1	tr|A0A0E0DW91|A0A0E0DW91_9ORYZ	81.432	447	62	3	66320	66765	75	501	0.0	691
AKG48832.1	tr|N1QQC8|N1QQC8_AEGTA	85.934	391	53	2	66370	66759	1	390	0.0	691
AKG48832.1	tr|A0A067H4F9|A0A067H4F9_CITSI	84.559	408	61	2	66353	66759	67	473	0.0	691
AKG48832.1	tr|A0A5A7RK44|A0A5A7RK44_STRAF	79.241	448	86	4	65747	66193	58	499	0.0	691
AKG48832.1	tr|A0A6M3YRY5|A0A6M3YRY5_AMBAR	83.824	408	64	2	66354	66760	1	407	0.0	691
AKG48832.1	tr|O80428|O80428_ORYSJ	86.445	391	51	2	66370	66759	1	390	0.0	690
AKG48832.1	tr|F5A529|F5A529_ELEIN	86.445	391	51	2	66370	66759	1	390	0.0	689
AKG48832.1	tr|A0A443P9X4|A0A443P9X4_9MAGN	74.160	476	119	4	66287	66759	29	503	0.0	688
AKG48832.1	tr|D3JPQ0|D3JPQ0_9POAL	86.445	391	51	2	66370	66759	1	390	0.0	688
AKG48832.1	tr|J3MB12|J3MB12_ORYBR	85.934	391	53	2	66370	66759	1	390	0.0	687
AKG48832.1	tr|A0A6A6K2D4|A0A6A6K2D4_HEVBR	82.410	415	70	3	66347	66760	631	1043	0.0	687
AKG48832.1	tr|A0A540MX42|A0A540MX42_MALBA	86.207	406	54	2	66350	66754	12	416	0.0	686
AKG48832.1	tr|A0A2I6QQM5|A0A2I6QQM5_PHRAU	85.422	391	55	2	66370	66759	1	390	0.0	685
AKG48832.1	tr|F5A530|F5A530_ELEIN	86.445	391	51	2	66370	66759	1	390	0.0	685
AKG48832.1	tr|A0A142J9E4|A0A142J9E4_TRITU	86.582	395	51	2	66366	66759	1	394	0.0	684
AKG48832.1	tr|A0A453QJX8|A0A453QJX8_AEGTS	83.416	404	65	2	66300	66702	52	454	0.0	684
AKG48832.1	tr|A0A2U1MP62|A0A2U1MP62_ARTAN	83.929	392	61	2	66370	66760	1	391	0.0	684
AKG48832.1	tr|A0A2G5E2Q8|A0A2G5E2Q8_AQUCA	86.990	392	49	2	66370	66760	1	391	0.0	677
AKG48832.1	tr|A0A4D9BLW8|A0A4D9BLW8_SALSN	78.431	459	77	5	66304	66760	58	496	0.0	675
AKG48832.1	tr|A0A6B9ER69|A0A6B9ER69_IPOPU	81.406	441	74	5	65170	65608	23	457	0.0	675
AKG48832.1	tr|A0A446WZV5|A0A446WZV5_TRITD	85.934	391	53	2	66370	66759	1	390	0.0	671
AKG48832.1	tr|A0A446WZT9|A0A446WZT9_TRITD	85.678	391	54	2	66370	66759	1	390	0.0	669
AKG48832.1	tr|A0A103XUI5|A0A103XUI5_CYNCS	74.348	460	82	5	66302	66760	63	487	0.0	667
AKG48832.1	tr|A0A022QVU2|A0A022QVU2_ERYGU	75.711	457	88	6	74002	74444	1	448	0.0	666
AKG48832.1	tr|M7Z0L8|M7Z0L8_TRIUA	81.490	416	50	3	66370	66759	1	415	0.0	661
AKG48832.1	tr|A0A446WZU5|A0A446WZU5_TRITD	81.490	416	50	3	66370	66759	1	415	0.0	661
AKG48832.1	tr|F6I398|F6I398_VITVI	75.314	478	92	7	65175	65641	35	497	0.0	658
AKG48832.1	tr|I1H1V4|I1H1V4_BRADI	85.175	371	53	2	65765	66134	70	439	0.0	644
AKG48832.1	tr|A0A453QKA8|A0A453QKA8_AEGTS	82.984	382	63	2	66300	66680	39	419	0.0	644
AKG48832.1	tr|Q6E6M4|Q6E6M4_AMATU	84.916	358	52	2	65806	66162	1	357	0.0	640
AKG48832.1	tr|Q6E6M1|Q6E6M1_ERIAN	83.657	361	57	2	65804	66163	1	360	0.0	639
AKG48832.1	tr|A0A0D2T491|A0A0D2T491_GOSRA	82.576	396	66	3	66295	66689	57	450	0.0	633
AKG48832.1	tr|A0A176WSA0|A0A176WSA0_MARPO	72.523	444	117	3	74073	74516	87	525	0.0	627
AKG48832.1	tr|A0A2R6X5Y9|A0A2R6X5Y9_MARPO	72.523	444	117	3	74073	74516	87	525	0.0	627
AKG48832.1	tr|A0A6A6LTA2|A0A6A6LTA2_HEVBR	71.957	460	87	6	66306	66760	690	1112	0.0	625
AKG48832.1	tr|A0A427BBW3|A0A427BBW3_ENSVE	63.204	568	95	10	74002	74515	1	508	0.0	622
AKG48832.1	tr|A9SYF9|A9SYF9_PHYPA	68.344	477	139	6	66290	66760	3	473	0.0	622
AKG48832.1	tr|A0A2N9ISJ6|A0A2N9ISJ6_FAGSY	71.834	458	98	7	66304	66760	65	492	0.0	621
AKG48832.1	tr|A0A2K1IIY4|A0A2K1IIY4_PHYPA	69.397	464	131	5	66303	66760	78	536	0.0	620
AKG48832.1	tr|A0A023NMA5|A0A023NMA5_BASSC	80.451	399	69	5	65165	65560	17	409	0.0	620
AKG48832.1	tr|Q9AT37|Q9AT37_LOLRI	86.994	346	43	2	65824	66168	2	346	0.0	619
AKG48832.1	tr|D0VMR9|D0VMR9_GINBI	82.906	351	59	1	66410	66760	1	350	0.0	611
AKG48832.1	tr|A0A5B7BT38|A0A5B7BT38_DAVIN	87.390	341	42	1	66419	66759	1	340	0.0	609
AKG48832.1	tr|A0A445M2V9|A0A445M2V9_GLYSO	79.419	413	82	3	65171	65582	44	454	0.0	609
AKG48832.1	tr|A0A2K1IVJ1|A0A2K1IVJ1_PHYPA	68.936	470	127	5	66303	66760	38	500	0.0	606
AKG48832.1	tr|A0A2K1XRJ2|A0A2K1XRJ2_POPTR	79.337	392	78	3	66370	66760	1	390	0.0	604
AKG48832.1	tr|Q6E6M2|Q6E6M2_ERIAN	85.794	359	49	2	65806	66163	1	358	0.0	603
AKG48832.1	tr|A0A0V0HWU1|A0A0V0HWU1_SOLCH	86.550	342	45	1	66419	66760	1	341	0.0	602
AKG48832.1	tr|A0A446RIE4|A0A446RIE4_TRITD	87.097	341	43	1	66419	66759	1	340	0.0	598
AKG48832.1	tr|A0A061DU57|A0A061DU57_THECC	73.864	440	100	7	66233	66669	3	430	0.0	596
AKG48832.1	tr|A0A6U0EB75|A0A6U0EB75_9CHLO	66.742	442	127	5	66320	66754	13	441	0.0	596
AKG48832.1	tr|A0A2G5E2N7|A0A2G5E2N7_AQUCA	89.970	329	32	1	66432	66760	2	329	0.0	596
AKG48832.1	tr|W0FAR5|W0FAR5_MUSAC	87.952	332	39	1	66429	66760	2	332	0.0	595
AKG48832.1	sp|P23281|AROA2_TOBAC	86.431	339	45	1	66422	66760	1	338	0.0	593
AKG48832.1	tr|A0A6U9R4W2|A0A6U9R4W2_9CHLO	66.741	448	138	4	66314	66761	28	464	0.0	592
AKG48832.1	tr|A0A6U0KNC0|A0A6U0KNC0_9CHLO	61.741	494	172	7	74027	74516	2	482	0.0	592
AKG48832.1	tr|A0A388L719|A0A388L719_CHABU	69.316	453	122	4	66320	66758	175	624	0.0	590
AKG48832.1	tr|A0A0D2U155|A0A0D2U155_GOSRA	82.086	374	64	3	66295	66667	57	428	0.0	590
AKG48832.1	tr|A0A2G9GJ58|A0A2G9GJ58_9LAMI	81.316	380	67	4	65183	65560	49	426	0.0	589
AKG48832.1	tr|A0A6U0E7Y6|A0A6U0E7Y6_MICPS	62.924	472	155	7	66292	66756	22	480	0.0	585
AKG48832.1	tr|A0A067H1D8|A0A067H1D8_CITSI	81.167	377	68	3	65737	66112	52	426	0.0	585
AKG48832.1	tr|A0A6U0HB86|A0A6U0HB86_MICPS	63.034	468	150	6	66290	66754	21	468	0.0	583
AKG48832.1	tr|A0A1Y1IKX4|A0A1Y1IKX4_KLENI	65.548	447	146	2	66320	66759	104	549	0.0	583
AKG48832.1	tr|A0A6T8IVC1|A0A6T8IVC1_9CHLO	60.236	508	182	8	74002	74503	8	501	0.0	583
AKG48832.1	tr|A0A6U0BZ85|A0A6U0BZ85_9CHLO	66.591	443	128	5	66320	66755	67	496	0.0	582
AKG48832.1	tr|A0A6T5Y2N5|A0A6T5Y2N5_9CHLO	66.591	443	128	5	66320	66755	61	490	0.0	582
AKG48832.1	tr|A0A453QJG0|A0A453QJG0_AEGTS	88.328	317	36	1	66443	66759	1	316	0.0	581
AKG48832.1	tr|C1MWX5|C1MWX5_MICPC	63.797	453	148	5	66305	66754	15	454	0.0	581
AKG48832.1	tr|A0A6M2E9C7|A0A6M2E9C7_9ROSI	82.466	365	60	4	65749	66112	64	425	0.0	581
AKG48832.1	tr|A0A6U0EK84|A0A6U0EK84_9CHLO	65.695	446	132	7	66321	66755	51	486	0.0	581
AKG48832.1	tr|A0A6U2C220|A0A6U2C220_MICPS	62.979	470	156	7	66288	66754	16	470	0.0	581
AKG48832.1	tr|A0A6U3G6Y3|A0A6U3G6Y3_9CHLO	61.698	483	159	7	66275	66754	10	469	0.0	581
AKG48832.1	tr|A0A6T7VDJ8|A0A6T7VDJ8_9CHLO	62.008	508	168	8	66258	66759	23	511	0.0	579
AKG48832.1	tr|A0A6U0BMC2|A0A6U0BMC2_9CHLO	64.331	471	140	7	66298	66759	25	476	0.0	579
AKG48832.1	tr|Q6YH15|Q6YH15_VITVI	86.145	332	44	2	66429	66760	1	330	0.0	578
AKG48832.1	tr|A4SB81|A4SB81_OSTLU	66.219	447	131	5	66320	66759	3	436	0.0	577
AKG48832.1	tr|A0A454Y093|A0A454Y093_OSTTA	64.502	462	138	6	66305	66759	32	474	0.0	577
AKG48832.1	tr|A0A096PBR2|A0A096PBR2_OSTTA	64.502	462	138	6	66305	66759	32	474	0.0	577
AKG48832.1	tr|A0A6V2W337|A0A6V2W337_9CHLO	65.000	480	149	6	66279	66755	12	475	0.0	576
AKG48832.1	tr|A0A4U5QUA8|A0A4U5QUA8_POPAL	72.960	429	81	6	66333	66760	36	430	0.0	575
AKG48832.1	tr|A0A6T6U360|A0A6T6U360_9CHLO	60.772	492	161	10	65161	65648	11	474	0.0	574
AKG48832.1	tr|K8FBR9|K8FBR9_9CHLO	61.963	489	169	9	66270	66754	14	489	0.0	574
AKG48832.1	tr|A0A6U1IPV7|A0A6U1IPV7_9CHLO	59.013	527	183	13	74002	74514	1	508	0.0	574
AKG48832.1	tr|A0A6U0R1V3|A0A6U0R1V3_MICPS	61.066	488	165	8	66272	66754	3	470	0.0	573
AKG48832.1	tr|A0A6U0FVR0|A0A6U0FVR0_MICPS	62.236	474	159	7	66290	66756	54	514	0.0	571
AKG48832.1	tr|A0A0N7KLH2|A0A0N7KLH2_ORYSJ	88.509	322	36	1	66438	66759	1	321	0.0	570
AKG48832.1	tr|A0A6S8J6M5|A0A6S8J6M5_DUNTE	63.002	473	162	7	65180	65649	48	510	2.47e-178	562
AKG48832.1	tr|A2T9R8|A2T9R8_DUNSA	63.002	473	162	7	65180	65649	48	510	2.47e-178	562
AKG48832.1	tr|A0A6T8RHE9|A0A6T8RHE9_9CHLO	65.106	470	145	10	65183	65648	43	497	2.57e-178	561
AKG48832.1	tr|A0A383V5Z1|A0A383V5Z1_TETOB	66.067	445	138	7	65765	66206	14	448	1.26e-177	557
AKG48832.1	tr|A0A438FU52|A0A438FU52_VITVI	67.857	476	91	6	65749	66193	46	490	2.45e-177	558
AKG48832.1	tr|I0YXJ4|I0YXJ4_COCSC	64.865	444	142	5	74075	74516	3	434	7.73e-177	554
AKG48832.1	tr|A0A6V2IHK1|A0A6V2IHK1_TETST	65.217	437	134	7	65765	66196	3	426	8.91e-177	554
AKG48832.1	tr|A0A250WXJ6|A0A250WXJ6_9CHLO	60.294	476	176	6	65181	65653	6	471	1.54e-176	555
AKG48832.1	tr|A0A2V0P592|A0A2V0P592_9CHLO	61.100	509	170	10	66258	66760	33	519	2.37e-176	556
AKG48832.1	tr|A0A6P6FU04|A0A6P6FU04_ZIZJJ	85.670	321	44	2	65815	66134	1	320	3.30e-176	547
AKG48832.1	tr|A8JH48|A8JH48_CHLRE	64.271	473	141	11	66300	66760	56	512	4.12e-176	555
AKG48832.1	tr|A0A6T8UBB9|A0A6T8UBB9_9CHLO	62.579	473	157	8	66294	66758	52	512	7.23e-176	555
AKG48832.1	tr|B8XU22|B8XU22_GOSHI	81.481	351	62	3	66295	66644	57	405	2.27e-175	549
AKG48832.1	tr|A0A150H430|A0A150H430_GONPE	63.693	482	147	11	65180	65649	42	507	2.82e-175	553
AKG48832.1	tr|D8TKT2|D8TKT2_VOLCA	61.492	496	164	9	66277	66760	29	509	4.25e-175	552
AKG48832.1	tr|A0A087SET7|A0A087SET7_AUXPR	64.237	439	142	6	66320	66755	16	442	1.36e-174	548
AKG48832.1	tr|A0A438GXJ0|A0A438GXJ0_VITVI	69.130	460	77	7	65175	65600	35	463	4.60e-174	547
AKG48832.1	tr|A0A5B8MP74|A0A5B8MP74_9CHLO	59.252	481	182	6	66282	66758	39	509	8.67e-174	548
AKG48832.1	tr|A0A1S4C7G2|A0A1S4C7G2_TOBAC	81.739	345	57	4	65197	65540	60	399	3.88e-173	542
