ANJ44937.1	tr|A0A3L6S0G6|A0A3L6S0G6_PANMI	66.052	271	54	4	1598	1867	79	312	1.84e-98	328
ANJ44937.1	tr|V5NFH4|V5NFH4_SORHL	96.178	157	6	0	1	157	93	249	1.44e-94	314
ANJ44937.1	tr|I1H1V4|I1H1V4_BRADI	92.025	163	13	0	1	163	158	320	2.83e-93	312
ANJ44937.1	tr|I1H1V3|I1H1V3_BRADI	94.904	157	8	0	1	157	158	314	6.22e-93	312
ANJ44937.1	tr|Q95AK0|Q95AK0_ELEIN	62.759	290	63	5	65	353	10	255	1.64e-90	302
ANJ44937.1	tr|G8FH00|G8FH00_ELEIN	62.759	290	63	5	65	353	8	253	2.03e-90	302
ANJ44937.1	tr|F5A530|F5A530_ELEIN	96.319	163	6	0	1	163	39	201	4.68e-90	299
ANJ44937.1	tr|F5A529|F5A529_ELEIN	95.706	163	7	0	1	163	39	201	9.72e-90	298
ANJ44937.1	tr|A0A0A1C3J0|A0A0A1C3J0_ELEIN	96.319	163	6	0	1	163	51	213	1.00e-89	298
ANJ44937.1	tr|Q95AK1|Q95AK1_ELEIN	62.414	290	64	5	65	353	10	255	1.31e-89	300
ANJ44937.1	tr|A0AR17|A0AR17_ELEIN	62.414	290	64	5	65	353	10	255	1.62e-89	300
ANJ44937.1	tr|A0A3L6PJ42|A0A3L6PJ42_PANMI	64.982	277	59	4	78	353	78	317	1.87e-89	301
ANJ44937.1	tr|A0A2T7E3E4|A0A2T7E3E4_9POAL	64.982	277	59	4	78	353	80	319	1.98e-89	301
ANJ44937.1	tr|G8FH01|G8FH01_ELEIN	62.414	290	64	5	65	353	8	253	2.08e-89	299
ANJ44937.1	tr|A0A2S3HM17|A0A2S3HM17_9POAL	64.982	277	59	4	78	353	79	318	2.56e-89	301
ANJ44937.1	tr|Q6VVA4|Q6VVA4_ORYSJ	93.939	165	10	0	1	165	39	203	2.67e-89	294
ANJ44937.1	tr|A0A5J9TN54|A0A5J9TN54_9POAL	63.732	284	57	6	1586	1867	79	318	3.35e-89	301
ANJ44937.1	tr|A0A2U1MP62|A0A2U1MP62_ARTAN	86.503	163	22	0	1	163	39	201	4.07e-89	296
ANJ44937.1	tr|D3JPP9|D3JPP9_9POAL	95.706	163	7	0	1	163	39	201	6.85e-89	296
ANJ44937.1	tr|H6T5X2|H6T5X2_SORHL	96.319	163	6	0	1	163	92	254	7.52e-89	298
ANJ44937.1	tr|A0A089WYN0|A0A089WYN0_ELEIN	61.644	292	67	5	65	355	10	257	8.87e-89	297
ANJ44937.1	tr|A0A1J3HBZ8|A0A1J3HBZ8_NOCCA	56.890	283	78	6	66	347	92	331	9.86e-89	300
ANJ44937.1	tr|O24566|O24566_MAIZE	95.706	163	7	0	1	163	92	254	1.02e-88	297
ANJ44937.1	tr|A0A1J3F4M4|A0A1J3F4M4_NOCCA	56.890	283	78	6	66	347	92	331	1.05e-88	300
ANJ44937.1	tr|A0A2U1QK72|A0A2U1QK72_ARTAN	89.172	157	17	0	1	157	162	318	1.28e-88	300
ANJ44937.1	tr|A0A6D2JXJ5|A0A6D2JXJ5_9BRAS	56.537	283	79	6	1586	1867	92	331	1.47e-88	300
ANJ44937.1	tr|K3XWI8|K3XWI8_SETIT	65.314	271	56	4	1598	1867	79	312	1.62e-88	298
ANJ44937.1	tr|A0A4U6UXI9|A0A4U6UXI9_SETVI	64.260	277	61	4	78	353	81	320	1.72e-88	299
ANJ44937.1	tr|A0A0A1C4R9|A0A0A1C4R9_ELEIN	94.545	165	9	0	1	165	51	215	1.74e-88	295
ANJ44937.1	tr|A0A1J3E0I6|A0A1J3E0I6_NOCCA	56.537	283	79	6	66	347	92	331	1.89e-88	300
ANJ44937.1	tr|A0A2U1MP09|A0A2U1MP09_ARTAN	89.172	157	17	0	1	157	164	320	1.89e-88	299
ANJ44937.1	tr|A0A368QQK4|A0A368QQK4_SETIT	65.314	271	56	4	1598	1867	82	315	1.93e-88	298
ANJ44937.1	tr|D3JPQ0|D3JPQ0_9POAL	95.092	163	8	0	1	163	39	201	2.30e-88	294
ANJ44937.1	tr|C5Z3D1|C5Z3D1_SORBI	96.319	163	6	0	1	163	154	316	2.72e-88	298
ANJ44937.1	tr|O80428|O80428_ORYSJ	95.092	163	8	0	1	163	39	201	3.01e-88	294
ANJ44937.1	tr|A0A1J3J5B9|A0A1J3J5B9_NOCCA	56.537	283	79	6	66	347	92	331	3.07e-88	299
ANJ44937.1	tr|A0A5B9T7B3|A0A5B9T7B3_SORHL	96.319	163	6	0	1	163	154	316	3.11e-88	298
ANJ44937.1	tr|A0A1U8ABI8|A0A1U8ABI8_NELNU	58.484	277	77	4	78	353	96	335	3.65e-88	298
ANJ44937.1	tr|A0A089X599|A0A089X599_9POAL	56.207	290	81	6	65	353	65	309	4.13e-88	297
ANJ44937.1	tr|A0A1E5W859|A0A1E5W859_9POAL	63.028	284	59	6	1586	1867	73	312	4.65e-88	298
ANJ44937.1	tr|A0A089VLU1|A0A089VLU1_9POAL	84.146	164	26	0	190	353	145	308	4.95e-88	297
ANJ44937.1	tr|A0A0A1C3V2|A0A0A1C3V2_ELEIN	95.092	163	8	0	1	163	51	213	6.08e-88	293
ANJ44937.1	tr|H6T5X1|H6T5X1_SORHL	95.706	163	7	0	1	163	92	254	6.21e-88	295
ANJ44937.1	tr|A0A126SNX5|A0A126SNX5_9POAL	84.146	164	26	0	190	353	160	323	6.44e-88	297
ANJ44937.1	tr|A6MZG3|A6MZG3_ORYSI	95.000	160	8	0	4	163	1	160	7.69e-88	288
ANJ44937.1	tr|A0A6I9RYL5|A0A6I9RYL5_ELAGV	89.172	157	17	0	1	157	170	326	7.78e-88	297
ANJ44937.1	tr|A0A1D6NVZ6|A0A1D6NVZ6_MAIZE	95.706	163	7	0	1	163	154	316	7.95e-88	297
ANJ44937.1	tr|A0A0E0A4L5|A0A0E0A4L5_9ORYZ	95.706	163	7	0	1	163	159	321	8.41e-88	297
ANJ44937.1	tr|A0A089VH80|A0A089VH80_9POAL	84.146	164	26	0	190	353	155	318	8.58e-88	297
ANJ44937.1	tr|A0A0E0L7E8|A0A0E0L7E8_ORYPU	95.092	163	8	0	1	163	111	273	8.80e-88	295
ANJ44937.1	tr|A0A3L6D9R8|A0A3L6D9R8_MAIZE	95.706	163	7	0	1	163	154	316	8.91e-88	297
ANJ44937.1	tr|A0A089VFD1|A0A089VFD1_9POAL	84.663	163	25	0	1	163	146	308	9.06e-88	296
ANJ44937.1	tr|A0A089VKV2|A0A089VKV2_9POAL	84.663	163	25	0	1	163	147	309	1.02e-87	296
ANJ44937.1	tr|A0AR18|A0AR18_ELEIN	63.028	284	60	5	1585	1867	10	249	1.17e-87	294
ANJ44937.1	tr|A0A022QVU2|A0A022QVU2_ERYGU	87.261	157	20	0	1	157	167	323	1.40e-87	294
ANJ44937.1	tr|A0A1P8B1E5|A0A1P8B1E5_ARATH	56.184	283	80	6	66	347	85	324	1.55e-87	296
ANJ44937.1	tr|A0A2I6QQM5|A0A2I6QQM5_PHRAU	93.865	163	10	0	1	163	39	201	1.62e-87	291
ANJ44937.1	tr|A0A5S9X766|A0A5S9X766_ARATH	56.184	283	80	6	66	347	85	324	1.67e-87	296
ANJ44937.1	sp|P05466|AROA_ARATH	56.184	283	80	6	66	347	85	324	1.67e-87	296
ANJ44937.1	tr|Q6E6M1|Q6E6M1_ERIAN	83.436	163	27	0	1	163	50	212	1.73e-87	290
ANJ44937.1	tr|A0A0E0L7E7|A0A0E0L7E7_ORYPU	95.092	163	8	0	1	163	147	309	1.83e-87	296
ANJ44937.1	tr|A0A654F3G7|A0A654F3G7_ARATH	56.184	283	80	6	66	347	85	324	1.86e-87	296
ANJ44937.1	tr|A0A178VT19|A0A178VT19_ARATH	56.184	283	80	6	66	347	85	324	1.95e-87	296
ANJ44937.1	tr|A0A6P6AZB2|A0A6P6AZB2_DURZI	57.401	277	80	4	78	353	92	331	1.97e-87	296
ANJ44937.1	tr|A0A078J1K1|A0A078J1K1_BRANA	87.342	158	20	0	190	347	162	319	1.97e-87	296
ANJ44937.1	tr|I1PZA1|I1PZA1_ORYGL	62.069	290	64	6	66	353	76	321	2.48e-87	296
ANJ44937.1	tr|A0A0D3GCF5|A0A0D3GCF5_9ORYZ	63.028	284	59	6	1586	1867	74	313	2.58e-87	295
ANJ44937.1	tr|A0A140DN07|A0A140DN07_9POAL	84.049	163	26	0	1	163	162	324	2.89e-87	296
ANJ44937.1	tr|Q93VK6|Q93VK6_ORYSA	63.028	284	59	6	1586	1867	76	315	2.89e-87	295
ANJ44937.1	tr|D2CIU6|D2CIU6_9ASTR	84.663	163	25	0	1	163	94	256	3.24e-87	293
ANJ44937.1	tr|A0A0D9WLG7|A0A0D9WLG7_9ORYZ	63.028	284	59	6	1586	1867	75	314	3.37e-87	295
ANJ44937.1	tr|A0A0E0L7E6|A0A0E0L7E6_ORYPU	95.092	163	8	0	1	163	185	347	3.55e-87	296
ANJ44937.1	tr|A0A0E0PT33|A0A0E0PT33_ORYRU	62.069	290	64	6	66	353	80	325	5.02e-87	295
ANJ44937.1	tr|A2Y8X9|A2Y8X9_ORYSI	62.069	290	64	6	66	353	80	325	5.02e-87	295
ANJ44937.1	tr|A0A0E0HKI5|A0A0E0HKI5_ORYNI	62.069	290	64	6	66	353	80	325	5.02e-87	295
ANJ44937.1	tr|A0A0E0DW90|A0A0E0DW90_9ORYZ	62.069	290	64	6	66	353	80	325	5.02e-87	295
ANJ44937.1	tr|Q5VNW0|Q5VNW0_ORYSJ	62.069	290	64	6	66	353	80	325	5.02e-87	295
ANJ44937.1	tr|A0A0E0DW91|A0A0E0DW91_9ORYZ	95.092	163	8	0	1	163	144	306	5.23e-87	294
ANJ44937.1	tr|A0A0N7BV26|A0A0N7BV26_AMARE	85.621	153	22	0	1	153	137	289	6.36e-87	286
ANJ44937.1	tr|J3MB12|J3MB12_ORYBR	93.865	163	10	0	1	163	39	201	6.66e-87	290
ANJ44937.1	tr|A0A345N8Y2|A0A345N8Y2_9ASTR	87.261	157	20	0	1	157	168	324	7.78e-87	295
ANJ44937.1	tr|A0A0N6WBX4|A0A0N6WBX4_AMAPO	85.621	153	22	0	1	153	137	289	8.09e-87	285
ANJ44937.1	tr|A0A345N8Y0|A0A345N8Y0_9ASTR	87.261	157	20	0	1	157	168	324	8.24e-87	295
ANJ44937.1	tr|A0A345N8X4|A0A345N8X4_9ASTR	87.261	157	20	0	1	157	168	324	9.33e-87	294
ANJ44937.1	tr|A8YTA7|A8YTA7_9ASTR	84.049	163	26	0	1	163	94	256	1.23e-86	291
ANJ44937.1	tr|A0A0N7BW90|A0A0N7BW90_AMAHY	85.621	153	22	0	1	153	137	289	1.40e-86	285
ANJ44937.1	tr|D2CIU7|D2CIU7_9ASTR	84.049	163	26	0	1	163	94	256	1.45e-86	291
ANJ44937.1	tr|A0A345N8W8|A0A345N8W8_9ASTR	85.987	157	22	0	1	157	171	327	1.68e-86	293
ANJ44937.1	tr|A0A2H4WR85|A0A2H4WR85_WHEAT	80.000	185	30	1	176	353	33	217	1.73e-86	281
ANJ44937.1	tr|Q9AT37|Q9AT37_LOLRI	91.411	163	14	0	1	163	31	193	1.73e-86	287
ANJ44937.1	tr|A0A140DN06|A0A140DN06_9POAL	83.436	163	27	0	1	163	161	323	1.83e-86	293
ANJ44937.1	tr|A0A345N8W9|A0A345N8W9_9ASTR	85.987	157	22	0	1	157	171	327	1.87e-86	293
ANJ44937.1	tr|A0A345N8X0|A0A345N8X0_9ASTR	85.987	157	22	0	1	157	171	327	2.20e-86	293
ANJ44937.1	tr|D2CIU2|D2CIU2_9ASTR	82.822	163	28	0	1	163	94	256	2.32e-86	290
ANJ44937.1	tr|A0A3G9EL19|A0A3G9EL19_9LILI	86.503	163	22	0	1	163	160	322	2.32e-86	293
ANJ44937.1	tr|A0A345N8Y1|A0A345N8Y1_9ASTR	85.987	157	22	0	1	157	168	324	2.57e-86	293
ANJ44937.1	tr|A0A172QP98|A0A172QP98_FRAAN	85.276	163	24	0	1	163	168	330	2.75e-86	293
ANJ44937.1	tr|A0A5B9T5S8|A0A5B9T5S8_LOLRI	94.904	157	8	0	1	157	153	309	3.22e-86	292
ANJ44937.1	tr|A0A5B9T5W8|A0A5B9T5W8_LOLRI	94.904	157	8	0	1	157	153	309	3.25e-86	292
ANJ44937.1	tr|Q6E6M4|Q6E6M4_AMATU	81.595	163	30	0	1	163	48	210	3.55e-86	286
ANJ44937.1	tr|A0A2I0WBU8|A0A2I0WBU8_9ASPA	59.410	271	72	4	1598	1867	100	333	4.16e-86	293
ANJ44937.1	tr|Q3Y6S2|Q3Y6S2_LOLMU	91.411	163	14	0	1	163	85	247	4.39e-86	289
ANJ44937.1	tr|G4U4J5|G4U4J5_CONCD	85.987	157	22	0	1	157	171	327	4.68e-86	292
ANJ44937.1	tr|A0A2H4WR81|A0A2H4WR81_WHEAT	79.459	185	31	1	176	353	33	217	5.52e-86	280
ANJ44937.1	tr|A0A059CIJ7|A0A059CIJ7_EUCGR	83.436	163	27	0	951	1113	161	323	6.01e-86	287
ANJ44937.1	tr|Q6E6L4|Q6E6L4_CONCD	85.350	157	23	0	1	157	171	327	6.29e-86	292
ANJ44937.1	tr|A0A287VJQ7|A0A287VJQ7_HORVV	90.798	163	15	0	1	163	39	201	8.27e-86	287
ANJ44937.1	tr|A0A6L5B9B8|A0A6L5B9B8_APIGR	56.522	276	84	4	78	353	96	335	1.04e-85	291
ANJ44937.1	tr|A0A2P6SFY3|A0A2P6SFY3_ROSCH	85.276	163	24	0	1	163	169	331	1.09e-85	291
ANJ44937.1	tr|W8Q8I3|W8Q8I3_AMASP	84.713	157	24	0	1	157	165	321	1.22e-85	290
ANJ44937.1	tr|W0FFD6|W0FFD6_MUSAC	85.093	161	24	0	187	347	158	318	1.28e-85	291
ANJ44937.1	tr|M0U232|M0U232_MUSAM	58.672	271	74	4	78	347	89	322	1.48e-85	291
ANJ44937.1	tr|A0A166FFB0|A0A166FFB0_DAUCS	56.159	276	85	4	78	353	96	335	1.53e-85	291
ANJ44937.1	tr|A0A287VK38|A0A287VK38_HORVV	90.798	163	15	0	1	163	75	237	1.58e-85	287
ANJ44937.1	tr|A0A142K487|A0A142K487_AMARE	82.209	163	29	0	1	163	126	288	1.61e-85	289
ANJ44937.1	tr|A0A4S8IKF3|A0A4S8IKF3_MUSBA	85.093	161	24	0	187	347	162	322	1.88e-85	290
ANJ44937.1	tr|W8R3N7|W8R3N7_AMASP	82.209	163	29	0	1	163	165	327	1.91e-85	290
ANJ44937.1	tr|A0A2I4DKQ7|A0A2I4DKQ7_JUGRE	83.436	163	27	0	1	163	170	332	2.56e-85	290
ANJ44937.1	tr|M1K439|M1K439_AMAPA	82.209	163	29	0	1	163	158	320	3.60e-85	289
ANJ44937.1	tr|W8Q9H2|W8Q9H2_AMASP	84.076	157	25	0	1	157	165	321	3.62e-85	289
ANJ44937.1	tr|A0A2H4WR84|A0A2H4WR84_WHEAT	78.919	185	32	1	176	353	33	217	4.01e-85	278
ANJ44937.1	tr|Q30CZ8|Q30CZ8_FAGSY	56.522	276	84	5	78	353	91	330	4.68e-85	289
ANJ44937.1	tr|A0A0K9NRE7|A0A0K9NRE7_ZOSMR	82.927	164	28	0	190	353	163	326	5.91e-85	289
ANJ44937.1	tr|M1K5H3|M1K5H3_AMAPA	81.595	163	30	0	1	163	158	320	9.19e-85	288
ANJ44937.1	tr|C8YXI6|C8YXI6_AMAPA	81.595	163	30	0	1	163	166	328	9.69e-85	288
ANJ44937.1	tr|A0A142K486|A0A142K486_AMAVI	81.595	163	30	0	1	163	165	327	1.13e-84	288
ANJ44937.1	tr|C8YYL6|C8YYL6_AMATU	81.595	163	30	0	1	163	166	328	1.14e-84	288
ANJ44937.1	tr|A0A059CIR5|A0A059CIR5_EUCGR	85.987	157	22	0	1	157	161	317	1.20e-84	288
ANJ44937.1	tr|A0A5B9T603|A0A5B9T603_BROTE	60.211	284	67	6	1586	1867	73	312	1.20e-84	288
ANJ44937.1	tr|C8YYL7|C8YYL7_AMATU	81.595	163	30	0	1	163	166	328	1.27e-84	288
ANJ44937.1	tr|A0A6G1CPC4|A0A6G1CPC4_9ORYZ	83.607	183	28	1	171	353	137	317	2.53e-84	287
ANJ44937.1	tr|A0A142J9E4|A0A142J9E4_TRITU	89.571	163	17	0	1	163	43	205	2.95e-84	282
ANJ44937.1	tr|A0A142K488|A0A142K488_AMABL	80.982	163	31	0	1	163	125	287	3.29e-84	285
ANJ44937.1	tr|A0A2H9ZZR4|A0A2H9ZZR4_9ASPA	86.624	157	21	0	951	1107	174	330	3.30e-84	287
ANJ44937.1	tr|A0A446WZV5|A0A446WZV5_TRITD	89.571	163	17	0	1	163	39	201	3.58e-84	282
ANJ44937.1	tr|A0A446WZT9|A0A446WZT9_TRITD	89.571	163	17	0	1	163	39	201	3.62e-84	282
ANJ44937.1	tr|A0A453QJ88|A0A453QJ88_AEGTS	60.886	271	68	4	1598	1867	80	313	4.89e-84	281
ANJ44937.1	tr|C8YXI5|C8YXI5_AMAPA	80.982	163	31	0	1	163	166	328	4.91e-84	286
ANJ44937.1	tr|A0A2H3YUT8|A0A2H3YUT8_PHODC	86.624	157	21	0	1	157	170	326	6.84e-84	286
ANJ44937.1	tr|A0A453QKA8|A0A453QKA8_AEGTS	60.886	271	68	4	1598	1867	70	303	1.04e-83	282
ANJ44937.1	tr|N1QQC8|N1QQC8_AEGTA	88.957	163	18	0	1	163	39	201	1.12e-83	281
ANJ44937.1	tr|A0A142J9E5|A0A142J9E5_TRIMO	88.957	163	18	0	1	163	43	205	1.16e-83	281
ANJ44937.1	tr|A0A142J9E7|A0A142J9E7_AEGTA	88.957	163	18	0	1	163	43	205	1.16e-83	281
ANJ44937.1	tr|A0A0P0KT88|A0A0P0KT88_WHEAT	88.957	163	18	0	1	163	55	217	1.33e-83	281
ANJ44937.1	tr|Q0PKR0|Q0PKR0_PHAVU	85.443	158	23	0	190	347	170	327	1.43e-83	285
ANJ44937.1	tr|G1FBT6|G1FBT6_CAPAN	55.957	277	84	4	78	353	87	326	1.48e-83	285
ANJ44937.1	tr|A0A0K9RIA3|A0A0K9RIA3_SPIOL	80.488	164	32	0	190	353	161	324	1.66e-83	285
ANJ44937.1	tr|A0A2G3DDT4|A0A2G3DDT4_CAPCH	55.957	277	84	4	78	353	92	331	1.90e-83	285
ANJ44937.1	tr|A0A2G2XNQ6|A0A2G2XNQ6_CAPBA	55.957	277	84	4	78	353	92	331	1.98e-83	285
ANJ44937.1	tr|A0A3B6R885|A0A3B6R885_WHEAT	59.859	284	68	6	1586	1867	75	314	2.65e-83	284
ANJ44937.1	tr|A0A446WZV3|A0A446WZV3_TRITD	59.859	284	68	6	1586	1867	75	314	4.28e-83	283
ANJ44937.1	tr|A0A142J9E6|A0A142J9E6_AEGSP	88.344	163	19	0	1	163	43	205	4.44e-83	279
ANJ44937.1	tr|A0A453QJX8|A0A453QJX8_AEGTS	60.886	271	68	4	1598	1867	83	316	5.14e-83	281
ANJ44937.1	tr|A0A7C9CHK7|A0A7C9CHK7_OPUST	81.595	163	30	0	1	163	166	328	5.19e-83	283
ANJ44937.1	tr|A0A2G3AHD0|A0A2G3AHD0_CAPAN	55.596	277	85	4	78	353	92	331	6.33e-83	283
ANJ44937.1	tr|A0A1U8GVU4|A0A1U8GVU4_CAPAN	55.596	277	85	4	78	353	92	331	6.33e-83	283
ANJ44937.1	tr|A0A0P0KDX1|A0A0P0KDX1_WHEAT	88.344	163	19	0	1	163	55	217	8.24e-83	279
ANJ44937.1	tr|A0A023NMA5|A0A023NMA5_BASSC	81.646	158	29	0	190	347	149	306	1.34e-82	278
ANJ44937.1	tr|B5M6A1|B5M6A1_WHEAT	59.507	284	69	6	1586	1867	75	314	1.35e-82	282
ANJ44937.1	tr|A0A3B6TCN7|A0A3B6TCN7_WHEAT	59.507	284	69	6	1586	1867	75	314	1.54e-82	281
ANJ44937.1	tr|A0A453QJP6|A0A453QJP6_AEGTS	60.886	271	68	4	1598	1867	83	316	2.80e-82	281
ANJ44937.1	tr|A0A0P0K3B8|A0A0P0K3B8_WHEAT	59.507	284	69	6	1586	1867	75	314	2.81e-82	281
ANJ44937.1	tr|A0A1Q3CEV3|A0A1Q3CEV3_CEPFO	84.076	157	25	0	1	157	168	324	7.87e-82	280
ANJ44937.1	tr|A0A446RID0|A0A446RID0_TRITD	59.155	284	70	6	1586	1867	75	314	8.02e-82	280
ANJ44937.1	tr|A0A3B6U4K5|A0A3B6U4K5_WHEAT	59.155	284	70	6	1586	1867	80	319	8.14e-82	280
ANJ44937.1	tr|A0A446RIC4|A0A446RIC4_TRITD	59.155	284	70	6	1586	1867	79	318	1.15e-81	279
ANJ44937.1	tr|A0A446RID2|A0A446RID2_TRITD	59.155	284	70	6	1586	1867	80	319	1.38e-81	279
ANJ44937.1	tr|A0A6P5GNZ8|A0A6P5GNZ8_ANACO	75.510	196	38	2	168	353	135	330	2.67e-81	278
ANJ44937.1	tr|A0A199UTR0|A0A199UTR0_ANACO	77.368	190	33	2	168	347	135	324	2.75e-81	278
ANJ44937.1	tr|A0A371FL00|A0A371FL00_MUCPR	79.755	163	33	0	1	163	173	335	3.88e-81	278
ANJ44937.1	tr|A0A565BP76|A0A565BP76_9BRAS	57.951	283	75	6	66	347	81	320	4.53e-81	278
ANJ44937.1	tr|A0A446WZU5|A0A446WZU5_TRITD	84.848	165	25	0	1711	1875	39	203	7.25e-81	273
ANJ44937.1	tr|M7Z0L8|M7Z0L8_TRIUA	84.848	165	25	0	1711	1875	39	203	7.53e-81	273
ANJ44937.1	tr|A0A0D3C6D1|A0A0D3C6D1_BRAOL	56.747	289	81	6	66	353	81	326	8.11e-81	277
ANJ44937.1	tr|A0A3P6DB61|A0A3P6DB61_BRAOL	56.747	289	81	6	66	353	81	326	8.11e-81	277
ANJ44937.1	tr|M0S4R3|M0S4R3_MUSAM	90.446	157	15	0	1	157	166	322	8.24e-81	277
ANJ44937.1	tr|A0A6M3YRY5|A0A6M3YRY5_AMBAR	85.276	163	24	0	1	163	55	217	1.12e-80	273
ANJ44937.1	tr|A0A4P8PSL9|A0A4P8PSL9_AMBAR	57.394	284	76	5	1585	1867	77	316	1.53e-80	276
ANJ44937.1	tr|Q6E6L3|Q6E6L3_CONCD	80.368	163	32	0	1141	1303	102	264	1.93e-80	273
ANJ44937.1	tr|A0A251S0N3|A0A251S0N3_HELAN	57.394	284	76	5	1585	1867	83	322	2.14e-80	276
ANJ44937.1	tr|D2CIU5|D2CIU5_9ASTR	56.897	290	80	5	65	353	11	256	2.24e-80	273
ANJ44937.1	tr|B8XU22|B8XU22_GOSHI	84.663	163	25	0	1	163	169	331	2.36e-80	272
ANJ44937.1	tr|A0A3P6D0R6|A0A3P6D0R6_BRACM	57.244	283	77	6	66	347	81	320	2.77e-80	275
ANJ44937.1	tr|A0A6I9SCZ8|A0A6I9SCZ8_ELAGV	60.662	272	67	5	78	347	93	326	2.86e-80	275
ANJ44937.1	sp|P17688|AROA_BRANA	57.244	283	77	6	66	347	81	320	3.05e-80	275
ANJ44937.1	tr|A0A1J3HGA8|A0A1J3HGA8_NOCCA	57.042	284	76	6	66	347	82	321	3.11e-80	275
ANJ44937.1	tr|A0A1J3FYC3|A0A1J3FYC3_NOCCA	57.042	284	76	6	66	347	82	321	3.32e-80	275
ANJ44937.1	tr|A0A2G9GJ58|A0A2G9GJ58_9LAMI	77.419	186	39	2	1	185	167	350	3.32e-80	272
ANJ44937.1	tr|A0A0D3B6U5|A0A0D3B6U5_BRAOL	56.537	283	79	6	66	347	74	313	3.52e-80	275
ANJ44937.1	tr|A0A4S8I8K9|A0A4S8I8K9_MUSBA	76.842	190	34	2	168	347	133	322	3.76e-80	275
ANJ44937.1	tr|A0A078HH62|A0A078HH62_BRANA	57.244	283	77	6	66	347	81	320	4.78e-80	275
ANJ44937.1	tr|A0A397ZPX8|A0A397ZPX8_BRACM	57.244	283	77	6	66	347	81	320	4.78e-80	275
ANJ44937.1	tr|D2CIU3|D2CIU3_9ASTR	56.897	290	80	5	65	353	11	256	5.11e-80	272
ANJ44937.1	tr|A0A3P6AFC9|A0A3P6AFC9_BRAOL	56.537	283	79	6	66	347	74	313	5.70e-80	275
ANJ44937.1	tr|A0A6P6FU04|A0A6P6FU04_ZIZJJ	83.030	165	28	0	1	165	39	203	5.91e-80	267
ANJ44937.1	tr|A0A1J3E699|A0A1J3E699_NOCCA	57.042	284	76	6	66	347	87	326	6.31e-80	275
ANJ44937.1	tr|M4FGU1|M4FGU1_BRARP	57.597	283	76	6	66	347	81	320	6.49e-80	274
ANJ44937.1	tr|A0A5B7AJV4|A0A5B7AJV4_DAVIN	59.259	270	74	5	1598	1867	92	325	7.79e-80	269
ANJ44937.1	tr|A0A3P6A8B6|A0A3P6A8B6_BRACM	56.055	289	83	6	66	353	86	331	8.33e-80	274
ANJ44937.1	tr|A0A078JSU1|A0A078JSU1_BRANA	56.055	289	83	6	66	353	86	331	8.99e-80	274
ANJ44937.1	tr|A8YTA8|A8YTA8_9ASTR	77.914	163	36	0	1141	1303	94	256	9.89e-80	271
ANJ44937.1	tr|A0A0M4PZ48|A0A0M4PZ48_GOSHI	84.663	163	25	0	1	163	169	331	1.28e-79	270
ANJ44937.1	tr|M4C856|M4C856_BRARP	56.890	283	78	6	66	347	79	318	1.29e-79	273
ANJ44937.1	tr|A0A1J3JRC8|A0A1J3JRC8_NOCCA	56.690	284	77	6	66	347	82	321	1.31e-79	273
ANJ44937.1	tr|D2CIU4|D2CIU4_9ASTR	56.552	290	81	5	65	353	11	256	1.38e-79	271
ANJ44937.1	tr|A0A6S7N1K5|A0A6S7N1K5_LACSI	87.898	157	19	0	1	157	165	321	1.42e-79	273
ANJ44937.1	tr|V4L9W7|V4L9W7_EUTSA	87.342	158	20	0	190	347	165	322	1.63e-79	273
ANJ44937.1	tr|D0VBC7|D0VBC7_VITVI	88.050	159	19	0	189	347	167	325	1.84e-79	273
ANJ44937.1	tr|D7LCH4|D7LCH4_ARALL	56.537	283	79	6	66	347	81	320	1.85e-79	273
ANJ44937.1	tr|Q8W1M5|Q8W1M5_ORYVI	57.348	279	79	5	69	347	84	322	1.97e-79	273
ANJ44937.1	tr|A0A6J0NIE3|A0A6J0NIE3_RAPSA	56.338	284	78	6	66	347	79	318	2.14e-79	273
ANJ44937.1	tr|A0A6D2KT97|A0A6D2KT97_9BRAS	57.244	283	77	6	66	347	86	325	2.25e-79	273
ANJ44937.1	tr|A0A2R6R6G0|A0A2R6R6G0_ACTCC	58.696	276	78	4	78	353	83	322	2.70e-79	272
ANJ44937.1	tr|A0A6J1A1W0|A0A6J1A1W0_9ROSI	57.762	277	79	4	78	353	92	331	2.72e-79	273
ANJ44937.1	tr|A0A2R6RCQ6|A0A2R6RCQ6_ACTCC	88.535	157	18	0	1	157	170	326	3.04e-79	273
ANJ44937.1	tr|A0A2H3ZFH7|A0A2H3ZFH7_PHODC	85.890	163	23	0	1	163	169	331	3.65e-79	272
ANJ44937.1	tr|D7KD66|D7KD66_ARALL	56.184	283	80	6	1586	1867	88	327	4.53e-79	272
ANJ44937.1	tr|F4I035|F4I035_ARATH	84.146	164	26	0	190	353	111	274	4.58e-79	271
ANJ44937.1	tr|A0A178WDZ9|A0A178WDZ9_ARATH	56.537	283	79	6	66	347	86	325	4.82e-79	272
ANJ44937.1	tr|A0A654ESJ0|A0A654ESJ0_ARATH	56.537	283	79	6	66	347	86	325	5.45e-79	272
ANJ44937.1	tr|A0A5N6NPZ5|A0A5N6NPZ5_9ASTR	87.898	157	19	0	1	157	166	322	6.08e-79	271
ANJ44937.1	tr|Q6JDV0|Q6JDV0_BRACM	56.537	283	79	6	66	347	79	318	6.23e-79	271
ANJ44937.1	tr|H6U643|H6U643_9ASTR	87.898	157	19	0	1	157	168	324	6.24e-79	271
ANJ44937.1	tr|A0A0N7E509|A0A0N7E509_9ASPA	86.503	163	22	0	1	163	164	326	6.34e-79	271
ANJ44937.1	tr|A0A2G5E2Q8|A0A2G5E2Q8_AQUCA	75.676	185	38	1	176	353	17	201	6.68e-79	267
ANJ44937.1	tr|A0A0N9BED5|A0A0N9BED5_9ASPA	86.503	163	22	0	1	163	166	328	6.69e-79	271
ANJ44937.1	tr|A0A0D2U155|A0A0D2U155_GOSRA	84.049	163	26	0	1	163	169	331	7.24e-79	269
ANJ44937.1	tr|A0A5J4ZAW2|A0A5J4ZAW2_9ASTE	54.762	294	90	6	1200	1493	1036	1286	7.27e-79	290
ANJ44937.1	tr|Q9FVP6|Q9FVP6_ARATH	86.709	158	21	0	190	347	168	325	7.32e-79	271
ANJ44937.1	tr|A0A0D2T491|A0A0D2T491_GOSRA	84.049	163	26	0	1	163	169	331	7.55e-79	269
ANJ44937.1	tr|A0A5S9WKB0|A0A5S9WKB0_ARATH	86.709	158	21	0	190	347	168	325	7.61e-79	271
ANJ44937.1	tr|A0A438FU78|A0A438FU78_VITVI	88.050	159	19	0	189	347	167	325	8.45e-79	273
ANJ44937.1	tr|Q1M157|Q1M157_CAMAC	88.535	157	18	0	1	157	167	323	9.06e-79	271
ANJ44937.1	tr|A0A7G2DZ66|A0A7G2DZ66_ARATH	86.709	158	21	0	190	347	171	328	9.25e-79	271
ANJ44937.1	tr|Q1KPV4|Q1KPV4_9ASPA	86.503	163	22	0	1	163	170	332	9.37e-79	271
ANJ44937.1	tr|A0A067H1D8|A0A067H1D8_CITSI	55.172	290	84	6	66	353	84	329	1.03e-78	268
ANJ44937.1	tr|A0A5D2MVQ5|A0A5D2MVQ5_GOSTO	84.663	163	25	0	1	163	169	331	1.08e-78	271
ANJ44937.1	tr|A0A5D2WSS2|A0A5D2WSS2_GOSMU	84.663	163	25	0	1	163	169	331	1.14e-78	271
ANJ44937.1	tr|A7Y7Y2|A7Y7Y2_GOSHI	84.663	163	25	0	1	163	169	331	1.14e-78	271
ANJ44937.1	tr|A0A5D2E8P9|A0A5D2E8P9_GOSDA	84.663	163	25	0	1	163	169	331	1.14e-78	271
ANJ44937.1	tr|A0A5J5T9R9|A0A5J5T9R9_GOSBA	84.663	163	25	0	1	163	169	331	1.14e-78	271
ANJ44937.1	tr|Q946V0|Q946V0_9LAMI	85.987	157	22	0	1	157	165	321	1.17e-78	271
ANJ44937.1	tr|A0A2G9H2R6|A0A2G9H2R6_9LAMI	85.276	163	24	0	1	163	167	329	1.18e-78	271
ANJ44937.1	tr|R0FVF7|R0FVF7_9BRAS	86.076	158	22	0	190	347	166	323	1.38e-78	270
ANJ44937.1	tr|M5X3W8|M5X3W8_PRUPE	85.890	163	23	0	1	163	173	335	1.42e-78	271
ANJ44937.1	tr|A0A0N9BED7|A0A0N9BED7_LIRMU	85.890	163	23	0	1	163	166	328	1.74e-78	270
ANJ44937.1	tr|A0A5B7AM09|A0A5B7AM09_DAVIN	57.609	276	81	5	78	353	93	332	1.84e-78	266
ANJ44937.1	tr|A0A6A3C2Z7|A0A6A3C2Z7_HIBSY	53.642	302	95	5	53	353	42	299	1.84e-78	270
ANJ44937.1	tr|A0A2R6R9C4|A0A2R6R9C4_ACTCC	57.914	278	81	4	78	355	11	252	1.92e-78	267
ANJ44937.1	tr|A0A218X6Q7|A0A218X6Q7_PUNGR	83.439	157	26	0	1	157	170	326	1.94e-78	269
ANJ44937.1	tr|A0A6I9SBM8|A0A6I9SBM8_ELAGV	58.511	282	77	5	78	357	93	336	2.04e-78	270
ANJ44937.1	tr|A0A5P1FPS9|A0A5P1FPS9_ASPOF	85.276	163	24	0	1	163	120	282	2.09e-78	268
ANJ44937.1	tr|A0A5D2SCP1|A0A5D2SCP1_GOSMU	84.663	163	25	0	1	163	169	331	2.17e-78	270
ANJ44937.1	tr|A0A2P5WGR5|A0A2P5WGR5_GOSBA	84.663	163	25	0	1	163	169	331	2.17e-78	270
ANJ44937.1	tr|A0A200R9Y2|A0A200R9Y2_9MAGN	58.672	271	74	4	1598	1867	91	324	2.30e-78	270
ANJ44937.1	tr|A0A314ZJW2|A0A314ZJW2_PRUYE	85.890	163	23	0	1	163	173	335	2.31e-78	270
ANJ44937.1	tr|A0A5D2AA30|A0A5D2AA30_GOSDA	84.663	163	25	0	1	163	169	331	2.32e-78	270
ANJ44937.1	tr|A0A5J5NXG7|A0A5J5NXG7_GOSBA	84.663	163	25	0	1	163	169	331	2.32e-78	270
ANJ44937.1	tr|A0A484M6T4|A0A484M6T4_9ASTE	86.624	157	21	0	1	157	171	327	2.57e-78	270
ANJ44937.1	tr|Q8LC97|Q8LC97_ARATH	86.076	158	22	0	190	347	168	325	2.81e-78	270
ANJ44937.1	tr|B2C1I9|B2C1I9_GOSHI	84.663	163	25	0	1	163	169	331	2.89e-78	270
ANJ44937.1	tr|A0A2G5E2Q7|A0A2G5E2Q7_AQUCA	58.304	283	75	7	65	347	91	330	2.92e-78	270
ANJ44937.1	tr|A0A5D2I9Q4|A0A5D2I9Q4_GOSTO	84.663	163	25	0	1	163	169	331	3.00e-78	270
ANJ44937.1	tr|A0A1U8N867|A0A1U8N867_GOSHI	84.663	163	25	0	1	163	169	331	3.21e-78	270
ANJ44937.1	tr|A0A4S4DR40|A0A4S4DR40_CAMSI	56.890	283	79	5	1585	1867	148	387	3.46e-78	271
ANJ44937.1	tr|Q6E6M2|Q6E6M2_ERIAN	84.848	165	25	0	1	165	48	212	3.49e-78	263
ANJ44937.1	tr|Q946U9|Q946U9_9LAMI	85.350	157	23	0	1	157	165	321	3.91e-78	269
ANJ44937.1	tr|A0A6P8DN04|A0A6P8DN04_PUNGR	83.439	157	26	0	1	157	170	326	4.03e-78	269
ANJ44937.1	tr|A0A5A7PEX9|A0A5A7PEX9_STRAF	86.624	157	21	0	1	157	165	321	4.78e-78	268
ANJ44937.1	tr|A0A2R6QPH7|A0A2R6QPH7_ACTCC	85.276	163	24	0	1	163	170	332	5.11e-78	269
ANJ44937.1	tr|A0A0B0MKL1|A0A0B0MKL1_GOSAR	84.049	163	26	0	1	163	169	331	5.42e-78	269
ANJ44937.1	tr|A0A5D2K8E4|A0A5D2K8E4_GOSTO	57.401	277	80	4	78	353	23	262	7.58e-78	266
ANJ44937.1	tr|A0A061DU57|A0A061DU57_THECC	56.679	277	82	4	78	353	92	331	8.53e-78	265
ANJ44937.1	tr|A0A0D2RDI7|A0A0D2RDI7_GOSRA	84.049	163	26	0	1	163	169	331	9.42e-78	268
ANJ44937.1	tr|A0A2P5CCC8|A0A2P5CCC8_TREOI	85.276	163	24	0	1	163	173	335	9.90e-78	268
ANJ44937.1	tr|A0A2P5ADN8|A0A2P5ADN8_PARAD	87.898	157	19	0	1	157	173	329	1.02e-77	268
ANJ44937.1	tr|A0A6J1IYT9|A0A6J1IYT9_CUCMA	83.234	167	28	0	187	353	172	338	1.15e-77	268
ANJ44937.1	tr|A0A1J7IWW3|A0A1J7IWW3_LUPAN	84.049	163	26	0	1	163	115	277	1.27e-77	266
ANJ44937.1	tr|A0A2P5X9W2|A0A2P5X9W2_GOSBA	56.884	276	83	3	78	353	92	331	1.28e-77	268
ANJ44937.1	tr|A0A5D2YPM1|A0A5D2YPM1_GOSMU	56.884	276	83	3	78	353	92	331	1.29e-77	268
ANJ44937.1	tr|A0A0B0PQG1|A0A0B0PQG1_GOSAR	56.884	276	83	3	78	353	92	331	1.33e-77	268
ANJ44937.1	tr|A0A1U8NX97|A0A1U8NX97_GOSHI	56.884	276	83	3	78	353	92	331	1.34e-77	268
ANJ44937.1	tr|A0A5D2PTD5|A0A5D2PTD5_GOSTO	56.884	276	83	3	78	353	92	331	1.34e-77	268
ANJ44937.1	tr|A0A6A4LV35|A0A6A4LV35_9ERIC	85.455	165	24	0	189	353	158	322	1.47e-77	267
ANJ44937.1	tr|A0A5B6UZZ8|A0A5B6UZZ8_9ROSI	84.049	163	26	0	1	163	169	331	1.58e-77	268
ANJ44937.1	tr|A0A6J5WEC5|A0A6J5WEC5_PRUAR	84.663	163	25	0	1	163	173	335	1.61e-77	268
ANJ44937.1	tr|A0A251V1I3|A0A251V1I3_HELAN	57.394	284	76	5	65	347	74	313	1.75e-77	267
ANJ44937.1	tr|A0A5D2FWA0|A0A5D2FWA0_GOSDA	56.884	276	83	3	78	353	92	331	1.95e-77	267
ANJ44937.1	tr|A0A6P5ZW89|A0A6P5ZW89_DURZI	57.040	277	81	4	78	353	91	330	2.00e-77	267
ANJ44937.1	tr|A0A6J1E9L2|A0A6J1E9L2_CUCMO	82.635	167	29	0	187	353	172	338	2.01e-77	267
ANJ44937.1	tr|A0A1S3AVE7|A0A1S3AVE7_CUCME	83.234	167	28	0	187	353	170	336	2.06e-77	267
ANJ44937.1	tr|A0A5A7U401|A0A5A7U401_CUCME	83.234	167	28	0	187	353	170	336	2.06e-77	267
ANJ44937.1	tr|A0A6P5RNW7|A0A6P5RNW7_PRUAV	84.663	163	25	0	1	163	173	335	2.10e-77	267
ANJ44937.1	tr|A0A6P5ZWD4|A0A6P5ZWD4_DURZI	57.040	277	81	4	78	353	91	330	2.31e-77	267
ANJ44937.1	tr|A0A067HD33|A0A067HD33_CITSI	55.172	290	84	6	66	353	84	329	2.36e-77	267
ANJ44937.1	tr|A0A5D3D3C3|A0A5D3D3C3_CUCME	83.234	167	28	0	187	353	170	336	3.04e-77	267
ANJ44937.1	tr|W9RXC5|W9RXC5_9ROSA	83.436	163	27	0	1	163	173	335	3.19e-77	267
ANJ44937.1	tr|A0A6A4PNT7|A0A6A4PNT7_LUPAL	56.338	284	78	6	66	347	90	329	3.98e-77	266
ANJ44937.1	tr|A0A087H5C4|A0A087H5C4_ARAAL	55.634	284	80	6	66	347	80	319	4.72e-77	266
ANJ44937.1	tr|A0A1R3K0M4|A0A1R3K0M4_9ROSI	56.679	277	82	4	78	353	94	333	5.27e-77	266
ANJ44937.1	tr|A0A2J6KQQ6|A0A2J6KQQ6_LACSA	56.890	283	79	6	65	347	83	322	5.31e-77	266
ANJ44937.1	tr|A0A6P4AJ93|A0A6P4AJ93_ZIZJJ	83.436	163	27	0	1	163	174	336	5.43e-77	266
ANJ44937.1	tr|A0A1U8P5S7|A0A1U8P5S7_GOSHI	57.401	277	80	4	78	353	92	331	5.44e-77	266
ANJ44937.1	tr|A0A0A0L4E4|A0A0A0L4E4_CUCSA	83.234	167	28	0	187	353	170	336	5.65e-77	266
ANJ44937.1	tr|A0A1S4C7G2|A0A1S4C7G2_TOBAC	57.407	270	79	5	1218	1487	83	316	5.98e-77	261
ANJ44937.1	tr|A0A5B6UNE0|A0A5B6UNE0_9ROSI	57.401	277	80	4	78	353	92	331	6.04e-77	266
ANJ44937.1	tr|A0A6J1FWK9|A0A6J1FWK9_CUCMO	83.234	167	28	0	187	353	170	336	6.27e-77	266
ANJ44937.1	tr|A0A5D2UA94|A0A5D2UA94_GOSMU	57.401	277	80	4	78	353	92	331	6.27e-77	266
ANJ44937.1	tr|A0A5D2BWR2|A0A5D2BWR2_GOSDA	57.401	277	80	4	78	353	92	331	6.39e-77	266
ANJ44937.1	tr|A0A5J5QTD1|A0A5J5QTD1_GOSBA	57.401	277	80	4	78	353	92	331	6.39e-77	266
ANJ44937.1	tr|A0A6J1IGL2|A0A6J1IGL2_CUCMA	83.234	167	28	0	187	353	170	336	7.03e-77	266
ANJ44937.1	tr|A0A5B7ANL6|A0A5B7ANL6_DAVIN	57.609	276	81	5	78	353	93	332	7.08e-77	266
ANJ44937.1	tr|A0A067H4F9|A0A067H4F9_CITSI	81.928	166	30	0	188	353	119	284	7.98e-77	264
ANJ44937.1	tr|A0A068TN19|A0A068TN19_COFCA	84.049	163	26	0	1	163	114	276	8.17e-77	263
ANJ44937.1	tr|A0A5N6QG01|A0A5N6QG01_9ROSI	84.713	157	24	0	1	157	169	325	8.34e-77	265
ANJ44937.1	tr|A0A0D2QRR3|A0A0D2QRR3_GOSRA	57.401	277	80	4	78	353	92	331	8.50e-77	265
ANJ44937.1	tr|A0A5E4FCY7|A0A5E4FCY7_PRUDU	84.049	163	26	0	1	163	126	288	8.60e-77	264
ANJ44937.1	tr|A0A3S3MQP3|A0A3S3MQP3_9MAGN	59.259	270	74	5	1598	1867	89	322	9.59e-77	265
ANJ44937.1	tr|A0A2H5NP74|A0A2H5NP74_CITUN	54.828	290	85	6	66	353	84	329	1.01e-76	265
ANJ44937.1	tr|V4U8J1|V4U8J1_CITCL	54.828	290	85	6	66	353	84	329	1.01e-76	265
ANJ44937.1	tr|A0A2H5NPD9|A0A2H5NPD9_CITUN	54.828	290	85	6	66	353	84	329	1.27e-76	265
ANJ44937.1	tr|A0A061DTZ2|A0A061DTZ2_THECC	56.679	277	82	4	78	353	92	331	1.45e-76	265
ANJ44937.1	tr|A0A6S7NS83|A0A6S7NS83_LACSI	56.055	289	84	6	65	353	83	328	1.56e-76	265
ANJ44937.1	tr|A0A5E4FH79|A0A5E4FH79_PRUDU	84.049	163	26	0	1	163	173	335	1.62e-76	265
ANJ44937.1	tr|A0A1R3I7K5|A0A1R3I7K5_COCAP	56.318	277	83	4	78	353	94	333	1.78e-76	265
ANJ44937.1	tr|A0A6P6VTQ7|A0A6P6VTQ7_COFAR	84.049	163	26	0	1	163	163	325	1.99e-76	264
ANJ44937.1	tr|A8YTA6|A8YTA6_9ASTR	56.897	290	80	5	65	353	12	257	2.22e-76	261
ANJ44937.1	tr|A0A6P6VX69|A0A6P6VX69_COFAR	84.049	163	26	0	1	163	184	346	2.79e-76	265
ANJ44937.1	tr|A0A6P6VVB1|A0A6P6VVB1_COFAR	84.049	163	26	0	1	163	186	348	2.99e-76	264
ANJ44937.1	tr|A0A103XUI5|A0A103XUI5_CYNCS	87.500	152	19	0	1	152	168	319	3.15e-76	263
ANJ44937.1	tr|Q6E6L5|Q6E6L5_CONCD	57.394	284	76	5	65	347	84	323	3.46e-76	263
ANJ44937.1	tr|A0A540MX42|A0A540MX42_MALBA	72.449	196	44	2	168	353	37	232	3.71e-76	263
ANJ44937.1	tr|A8YTA9|A8YTA9_9ASTR	76.687	163	36	1	1141	1303	94	254	3.95e-76	261
ANJ44937.1	tr|D0VMR9|D0VMR9_GINBI	78.750	160	34	0	954	1113	1	160	4.08e-76	257
ANJ44937.1	tr|A0A345N8U8|A0A345N8U8_9ASTR	57.746	284	75	5	65	347	84	323	4.11e-76	263
ANJ44937.1	tr|G4U4J4|G4U4J4_CONCD	57.746	284	75	5	65	347	84	323	4.70e-76	263
ANJ44937.1	tr|A0A1J7H2T7|A0A1J7H2T7_LUPAN	83.436	163	27	0	1	163	172	334	4.78e-76	263
ANJ44937.1	tr|A0A446RIE4|A0A446RIE4_TRITD	88.079	151	18	0	13	163	1	151	5.82e-76	256
ANJ44937.1	tr|A0A345N8V8|A0A345N8V8_9ASTR	57.746	284	75	5	65	347	84	323	6.02e-76	263
ANJ44937.1	tr|A0A6A5MWN1|A0A6A5MWN1_LUPAL	83.436	163	27	0	1	163	172	334	6.30e-76	263
ANJ44937.1	tr|A0A1J6JEV0|A0A1J6JEV0_NICAT	52.581	310	93	6	1598	1891	89	360	9.24e-76	259
ANJ44937.1	tr|A0A5N6M5M3|A0A5N6M5M3_9ASTR	83.436	163	27	0	1	163	164	326	9.31e-76	263
ANJ44937.1	tr|A0A5N6LK10|A0A5N6LK10_9ASTR	84.049	163	26	0	1	163	164	326	9.58e-76	262
ANJ44937.1	tr|A0A1S2YLL6|A0A1S2YLL6_CICAR	82.822	163	28	0	1	163	173	335	1.35e-75	262
ANJ44937.1	tr|A0A5C7I2M9|A0A5C7I2M9_9ROSI	73.632	201	43	2	159	353	139	335	1.36e-75	262
ANJ44937.1	tr|A0A345N8V1|A0A345N8V1_9ASTR	57.394	284	76	5	65	347	84	323	1.47e-75	262
ANJ44937.1	tr|A0A345N8V7|A0A345N8V7_9ASTR	57.394	284	76	5	65	347	84	323	1.65e-75	261
ANJ44937.1	tr|A0A6J1D1H2|A0A6J1D1H2_MOMCH	56.537	283	81	5	1585	1867	93	333	1.97e-75	261
ANJ44937.1	tr|A0A345N8V9|A0A345N8V9_9ASTR	57.394	284	76	5	65	347	84	323	2.04e-75	261
ANJ44937.1	tr|A0A445E6M8|A0A445E6M8_ARAHY	85.987	157	22	0	1	157	174	330	2.54e-75	261
ANJ44937.1	tr|A0A445E9D3|A0A445E9D3_ARAHY	83.436	163	27	0	1	163	174	336	2.67e-75	261
ANJ44937.1	tr|A0A6P4CG93|A0A6P4CG93_ARADU	85.987	157	22	0	1	157	174	330	2.82e-75	261
ANJ44937.1	tr|A0A2Z7CLX6|A0A2Z7CLX6_9LAMI	84.076	157	25	0	1	157	166	322	3.22e-75	261
ANJ44937.1	tr|A0A151UC41|A0A151UC41_CAJCA	81.595	163	30	0	1	163	173	335	3.42e-75	261
ANJ44937.1	tr|A0A498JHI7|A0A498JHI7_MALDO	72.449	196	44	2	168	353	140	335	3.84e-75	265
ANJ44937.1	tr|A0A4Y7KMY3|A0A4Y7KMY3_PAPSO	55.830	283	82	6	1585	1867	92	331	5.34e-75	261
ANJ44937.1	tr|A0A1U7WR75|A0A1U7WR75_NICSY	85.350	157	23	0	951	1107	160	316	5.77e-75	259
ANJ44937.1	sp|P11043|AROA_PETHY	57.037	270	80	5	1598	1867	87	320	7.69e-75	259
ANJ44937.1	tr|A0A0M8KSM3|A0A0M8KSM3_NICAT	57.407	270	79	4	1218	1487	77	310	1.02e-74	259
ANJ44937.1	sp|P23981|AROA1_TOBAC	55.957	277	84	4	78	353	89	328	1.09e-74	259
ANJ44937.1	tr|A0A2Z6M669|A0A2Z6M669_TRISU	82.822	163	28	0	1	163	173	335	1.12e-74	259
ANJ44937.1	tr|A0A1S4C0K4|A0A1S4C0K4_TOBAC	55.957	277	84	4	78	353	89	328	1.13e-74	259
ANJ44937.1	tr|A0A1U7YG45|A0A1U7YG45_NICSY	55.957	277	84	4	78	353	89	328	1.29e-74	259
ANJ44937.1	tr|G7JEN4|G7JEN4_MEDTR	82.209	163	29	0	1	163	170	332	2.08e-74	258
ANJ44937.1	tr|A8YTA5|A8YTA5_9ASTR	56.207	290	82	5	65	353	12	257	3.86e-74	255
ANJ44937.1	tr|A0A6N2B2Z6|A0A6N2B2Z6_SOLCI	84.076	157	25	0	1	157	166	322	3.94e-74	258
ANJ44937.1	tr|A0A3Q7GLX3|A0A3Q7GLX3_SOLLC	84.076	157	25	0	1	157	166	322	4.59e-74	257
ANJ44937.1	tr|M1CGC9|M1CGC9_SOLTU	56.318	277	83	4	78	353	90	329	6.45e-74	257
ANJ44937.1	tr|A0A0V0IJ85|A0A0V0IJ85_SOLCH	56.318	277	83	4	78	353	92	331	7.91e-74	257
ANJ44937.1	tr|A0A3Q7EKI7|A0A3Q7EKI7_SOLLC	55.957	277	84	4	78	353	91	330	1.90e-73	256
ANJ44937.1	tr|A0A6I9TZG3|A0A6I9TZG3_SESIN	59.630	270	73	4	1598	1867	90	323	2.08e-73	255
ANJ44937.1	sp|P10748|AROA_SOLLC	55.957	277	84	4	78	353	91	330	2.11e-73	255
ANJ44937.1	tr|A0A4D8Y0K7|A0A4D8Y0K7_SALSN	58.889	270	75	4	1598	1867	90	323	2.54e-73	255
ANJ44937.1	tr|A0A6M2E9C7|A0A6M2E9C7_9ROSI	81.529	157	28	1	1	157	167	322	2.57e-73	253
ANJ44937.1	tr|A0A2J6L5V5|A0A2J6L5V5_LACSA	86.577	149	20	0	1	149	123	271	5.43e-73	253
ANJ44937.1	tr|A0A1S4AEH4|A0A1S4AEH4_TOBAC	56.318	277	82	5	78	353	89	327	6.18e-73	254
ANJ44937.1	tr|A0A6N2BGA3|A0A6N2BGA3_SOLCI	56.458	271	80	4	1598	1867	91	324	7.28e-73	254
ANJ44937.1	tr|B9RDA3|B9RDA3_RICCO	83.544	158	25	1	190	347	166	322	8.68e-73	254
ANJ44937.1	tr|A0A1D1Z1F2|A0A1D1Z1F2_9ARAE	55.720	271	81	4	78	347	143	375	9.56e-73	255
ANJ44937.1	tr|B9GPE8|B9GPE8_POPTR	79.755	163	32	1	1	163	167	328	1.45e-72	253
ANJ44937.1	tr|B2CM20|B2CM20_9ASTE	58.148	270	77	4	1598	1867	91	324	1.66e-72	253
ANJ44937.1	tr|A0A0A6Z9T0|A0A0A6Z9T0_HEVBR	80.488	164	31	1	190	353	171	333	1.78e-72	253
ANJ44937.1	tr|M1A9Z3|M1A9Z3_SOLTU	55.435	276	87	5	1218	1493	89	328	1.95e-72	253
ANJ44937.1	tr|A0A4U5MYM8|A0A4U5MYM8_POPAL	79.141	163	33	1	1	163	116	277	2.14e-72	251
ANJ44937.1	tr|A0A4D8ZUB6|A0A4D8ZUB6_SALSN	59.630	270	73	5	1598	1867	90	323	2.63e-72	252
ANJ44937.1	tr|A0A4D9ALU6|A0A4D9ALU6_SALSN	81.761	159	27	1	1	157	174	332	2.88e-72	252
ANJ44937.1	tr|A0A2C9VT94|A0A2C9VT94_MANES	54.930	284	82	6	65	347	88	326	3.71e-72	252
ANJ44937.1	tr|A0A067K174|A0A067K174_JATCU	74.194	186	44	3	1	185	168	350	3.85e-72	252
ANJ44937.1	tr|A0A498KI81|A0A498KI81_MALDO	78.571	182	32	1	179	353	154	335	4.01e-72	252
ANJ44937.1	tr|A0A6B9F2V5|A0A6B9F2V5_IPOPU	58.303	271	75	4	1598	1867	28	261	7.12e-72	248
ANJ44937.1	tr|A0A328DPQ3|A0A328DPQ3_9ASTE	87.898	157	19	0	1	157	169	325	7.89e-72	251
ANJ44937.1	tr|A0A6B9MN81|A0A6B9MN81_9LILI	57.934	271	76	4	1598	1867	93	326	8.49e-72	251
ANJ44937.1	tr|A0A445M2V9|A0A445M2V9_GLYSO	75.806	186	42	2	951	1135	173	356	9.34e-72	249
ANJ44937.1	tr|A0A5N5F2I1|A0A5N5F2I1_9ROSA	73.469	196	42	2	168	353	140	335	1.05e-71	251
ANJ44937.1	tr|A0A6B9ER69|A0A6B9ER69_IPOPU	58.303	271	75	4	1598	1867	73	306	1.23e-71	248
ANJ44937.1	tr|A0A6B9EQF2|A0A6B9EQF2_IPOPU	58.303	271	75	4	1598	1867	69	302	1.32e-71	248
ANJ44937.1	tr|A0A6B9EQC6|A0A6B9EQC6_IPOPU	58.303	271	75	4	1598	1867	70	303	1.41e-71	248
ANJ44937.1	tr|A0A540LEB6|A0A540LEB6_MALBA	78.022	182	33	1	179	353	154	335	1.65e-71	250
ANJ44937.1	tr|A0A5B7BT38|A0A5B7BT38_DAVIN	84.768	151	23	0	13	163	1	151	1.93e-71	243
ANJ44937.1	tr|A0A6B9EWY2|A0A6B9EWY2_IPOPU	58.303	271	75	4	1598	1867	55	288	2.87e-71	248
ANJ44937.1	tr|A0A6B9ENN8|A0A6B9ENN8_IPOPU	58.303	271	75	4	1598	1867	74	307	3.00e-71	248
ANJ44937.1	tr|A0A6B9ENL3|A0A6B9ENL3_IPOPU	58.303	271	75	4	1598	1867	69	302	3.01e-71	248
ANJ44937.1	tr|A0A6B9F2X6|A0A6B9F2X6_IPOPU	58.303	271	75	4	1598	1867	71	304	3.06e-71	248
ANJ44937.1	tr|A0A6B9ER37|A0A6B9ER37_IPOPU	58.303	271	75	4	1598	1867	69	302	3.10e-71	248
ANJ44937.1	tr|A0A6B9ENI7|A0A6B9ENI7_IPOPU	58.303	271	75	4	1598	1867	69	302	3.12e-71	248
ANJ44937.1	tr|A0A6B9ENM6|A0A6B9ENM6_IPOPU	58.303	271	75	4	1598	1867	68	301	3.23e-71	248
ANJ44937.1	tr|A0A6B9ERJ0|A0A6B9ERJ0_IPOPU	58.303	271	75	4	1598	1867	71	304	3.27e-71	248
ANJ44937.1	tr|A0A6B9ENN7|A0A6B9ENN7_IPOPU	58.303	271	75	4	1598	1867	71	304	3.39e-71	248
ANJ44937.1	tr|A0A6B9F314|A0A6B9F314_IPOPU	58.303	271	75	4	1598	1867	86	319	3.47e-71	248
ANJ44937.1	tr|A0A6B9EWQ0|A0A6B9EWQ0_IPOPU	58.303	271	75	4	1598	1867	69	302	3.69e-71	248
ANJ44937.1	tr|A0A6B9ESB5|A0A6B9ESB5_IPOPU	58.303	271	75	4	1598	1867	69	302	3.76e-71	248
ANJ44937.1	tr|A0A6B9ERG6|A0A6B9ERG6_IPOPU	58.303	271	75	4	1598	1867	69	302	3.79e-71	247
ANJ44937.1	tr|A0A6B9ESI0|A0A6B9ESI0_IPOPU	58.303	271	75	4	1598	1867	73	306	3.82e-71	248
ANJ44937.1	tr|A0A6B9ERL8|A0A6B9ERL8_IPOPU	58.303	271	75	4	1598	1867	72	305	3.90e-71	248
ANJ44937.1	tr|A0A6B9ER56|A0A6B9ER56_IPOPU	58.303	271	75	4	1598	1867	69	302	3.93e-71	248
ANJ44937.1	tr|A0A6B9ERH8|A0A6B9ERH8_IPOPU	58.303	271	75	4	1598	1867	68	301	4.05e-71	248
ANJ44937.1	tr|A0A6B9EQ80|A0A6B9EQ80_IPOPU	58.303	271	75	4	1598	1867	69	302	4.27e-71	248
ANJ44937.1	tr|B3GGJ9|B3GGJ9_CONAR	57.778	270	78	4	1598	1867	91	324	5.66e-71	248
ANJ44937.1	tr|I1J7U9|I1J7U9_SOYBN	75.806	186	42	2	1	185	173	356	6.02e-71	248
ANJ44937.1	tr|A0A0B2QZU7|A0A0B2QZU7_GLYSO	75.806	186	42	2	1	185	173	356	6.02e-71	248
ANJ44937.1	tr|A0A2C9WQP6|A0A2C9WQP6_MANES	82.051	156	27	1	2	157	171	325	6.57e-71	248
ANJ44937.1	tr|A0A6B9F2T3|A0A6B9F2T3_IPOPU	58.303	271	75	4	1598	1867	69	302	7.32e-71	247
ANJ44937.1	tr|A0A6N2MUH1|A0A6N2MUH1_SALVM	54.035	285	82	8	66	347	84	322	8.82e-71	248
ANJ44937.1	tr|A0A6B9F2Z4|A0A6B9F2Z4_IPOPU	58.303	271	75	4	1598	1867	69	302	9.43e-71	246
ANJ44937.1	tr|A0A6B9ENH7|A0A6B9ENH7_IPOPU	58.303	271	75	4	1598	1867	69	302	9.63e-71	247
ANJ44937.1	tr|A0A6B9ENH8|A0A6B9ENH8_IPOPU	58.303	271	75	4	1598	1867	69	302	1.18e-70	246
ANJ44937.1	tr|A0A6N2LI84|A0A6N2LI84_SALVM	79.747	158	31	1	190	347	166	322	1.31e-70	247
ANJ44937.1	tr|A0A5N5NPD9|A0A5N5NPD9_9ROSI	80.255	157	30	1	1	157	167	322	1.83e-70	247
ANJ44937.1	tr|A0A4D8ZGC2|A0A4D8ZGC2_SALSN	57.778	270	78	4	1598	1867	87	320	1.90e-70	247
ANJ44937.1	tr|I1JKP7|I1JKP7_SOYBN	75.269	186	43	2	1	185	174	357	3.61e-70	246
ANJ44937.1	tr|A0A2U1KK14|A0A2U1KK14_ARTAN	57.746	284	75	5	1585	1867	86	325	4.23e-70	246
ANJ44937.1	tr|A0A5N5K689|A0A5N5K689_9ROSI	52.921	291	88	8	66	353	84	328	4.74e-70	246
ANJ44937.1	tr|A0A0B2RR79|A0A0B2RR79_GLYSO	74.731	186	44	2	1	185	174	357	5.81e-70	246
ANJ44937.1	tr|A0A445L6I2|A0A445L6I2_GLYSO	74.731	186	44	2	1	185	174	357	1.25e-69	246
ANJ44937.1	tr|A0A0N7FDV4|A0A0N7FDV4_VITVI	76.374	182	36	1	1129	1303	84	265	1.52e-69	242
ANJ44937.1	tr|A0A2K1XRJ2|A0A2K1XRJ2_POPTR	77.914	163	35	1	1	163	39	200	2.04e-69	239
ANJ44937.1	tr|W0FAR5|W0FAR5_MUSAC	86.620	142	19	0	22	163	1	142	2.51e-69	237
ANJ44937.1	tr|A0A2D2AP30|A0A2D2AP30_LOLMU	94.615	130	7	0	1140	1269	38	167	3.07e-69	230
ANJ44937.1	tr|A0A5A7RK44|A0A5A7RK44_STRAF	55.882	272	76	6	1586	1856	80	308	3.41e-69	243
ANJ44937.1	tr|A0A6A4KJY0|A0A6A4KJY0_9ERIC	58.519	270	76	5	78	347	94	327	3.74e-69	243
ANJ44937.1	tr|A0A4Y7L8J7|A0A4Y7L8J7_PAPSO	49.383	324	86	7	65	353	92	372	5.91e-69	244
ANJ44937.1	tr|A0A6A6K2D4|A0A6A6K2D4_HEVBR	83.544	158	25	1	190	347	691	847	6.28e-69	254
ANJ44937.1	tr|A0A6B9F029|A0A6B9F029_IPOPU	57.795	263	73	4	1218	1479	69	294	7.07e-69	234
ANJ44937.1	tr|A0A2D2AP54|A0A2D2AP54_LOLMU	93.846	130	8	0	1140	1269	38	167	1.43e-68	228
ANJ44937.1	tr|D8TBU1|D8TBU1_SELML	71.795	156	44	0	952	1107	102	257	1.75e-68	239
ANJ44937.1	tr|A0A0N7KLH2|A0A0N7KLH2_ORYSJ	93.939	132	8	0	32	163	1	132	3.64e-68	233
ANJ44937.1	tr|A0A453QJG0|A0A453QJG0_AEGTS	87.402	127	16	0	37	163	1	127	4.24e-68	233
ANJ44937.1	tr|A3B841|A3B841_ORYSJ	54.930	284	73	7	1586	1867	80	310	5.37e-68	239
ANJ44937.1	tr|D8RM43|D8RM43_SELML	71.154	156	45	0	952	1107	102	257	5.51e-68	238
ANJ44937.1	tr|A0A4D6MN12|A0A4D6MN12_VIGUN	80.368	163	32	0	1	163	173	335	6.66e-67	237
ANJ44937.1	tr|A0A0V0HWU1|A0A0V0HWU1_SOLCH	80.132	151	30	0	963	1113	1	151	1.36e-66	229
ANJ44937.1	tr|A0A443P9X4|A0A443P9X4_9MAGN	79.618	157	32	0	1141	1297	152	308	1.53e-66	235
ANJ44937.1	tr|A0A0S3SYD7|A0A0S3SYD7_PHAAN	79.755	163	33	0	1	163	173	335	2.02e-66	235
ANJ44937.1	tr|A0A0D6R807|A0A0D6R807_ARACU	64.467	197	59	2	928	1113	141	337	2.04e-66	235
ANJ44937.1	tr|Q6YH15|Q6YH15_VITVI	84.397	141	22	0	23	163	1	141	2.06e-66	228
ANJ44937.1	tr|A0A5J5NY11|A0A5J5NY11_GOSBA	63.743	171	55	1	179	342	20	190	3.65e-66	228
ANJ44937.1	tr|A0A6A1W176|A0A6A1W176_9ROSI	56.067	239	26	3	3	163	191	428	3.87e-66	237
ANJ44937.1	tr|A0A6B9EQB0|A0A6B9EQB0_IPOPU	57.143	259	73	4	1218	1475	69	290	4.58e-66	226
ANJ44937.1	tr|A0A5D2A7C1|A0A5D2A7C1_GOSDA	63.743	171	55	1	179	342	20	190	4.88e-66	227
ANJ44937.1	tr|A0A1S3V5Z0|A0A1S3V5Z0_VIGRR	79.141	163	34	0	1	163	173	335	7.00e-66	234
ANJ44937.1	tr|V7AMX2|V7AMX2_PHAVU	79.141	163	34	0	1	163	173	335	1.32e-65	233
ANJ44937.1	tr|A0A0L9T6P5|A0A0L9T6P5_PHAAN	79.755	163	33	0	1	163	173	335	1.40e-65	235
ANJ44937.1	tr|A0A0C9S9Q3|A0A0C9S9Q3_9SPER	67.213	183	52	1	939	1113	155	337	1.95e-65	233
ANJ44937.1	sp|P23281|AROA2_TOBAC	81.081	148	28	0	966	1113	1	148	1.09e-64	224
ANJ44937.1	tr|U5D9W1|U5D9W1_AMBTC	79.141	163	34	0	1	163	166	328	1.64e-63	226
ANJ44937.1	tr|A0A6A6LLL2|A0A6A6LLL2_HEVBR	54.182	275	80	6	1585	1858	713	942	1.98e-63	238
ANJ44937.1	tr|A0A6A6LTA2|A0A6A6LTA2_HEVBR	83.108	148	24	1	10	157	778	924	1.34e-62	235
ANJ44937.1	tr|A9SYF9|A9SYF9_PHYPA	51.071	280	101	5	1218	1495	40	285	2.84e-62	221
ANJ44937.1	tr|A0A2G5E2N7|A0A2G5E2N7_AQUCA	81.884	138	25	0	26	163	2	139	4.65e-62	216
ANJ44937.1	tr|A0A2K1IIY4|A0A2K1IIY4_PHYPA	73.333	165	43	1	952	1115	184	348	1.57e-61	221
ANJ44937.1	tr|A0A6U9R4W2|A0A6U9R4W2_9CHLO	67.901	162	50	2	2	163	119	278	2.46e-61	218
ANJ44937.1	tr|A0A0D2PSX1|A0A0D2PSX1_GOSRA	67.320	153	50	0	190	342	38	190	2.91e-61	214
ANJ44937.1	tr|A0A6U1UQ80|A0A6U1UQ80_9CHLO	59.551	178	68	3	180	355	73	248	3.32e-61	212
ANJ44937.1	tr|A0A176WSA0|A0A176WSA0_MARPO	62.703	185	65	3	952	1135	177	358	2.61e-60	218
ANJ44937.1	tr|A0A2R6X5Y9|A0A2R6X5Y9_MARPO	62.703	185	65	3	952	1135	177	358	2.61e-60	218
ANJ44937.1	tr|A0A089VKW6|A0A089VKW6_LOTCO	89.600	125	13	0	1	125	107	231	5.12e-60	206
ANJ44937.1	tr|A0A2P2J2K4|A0A2P2J2K4_RHIMU	51.333	300	103	9	78	375	96	354	7.40e-60	216
ANJ44937.1	tr|A0A6B9ENK1|A0A6B9ENK1_IPOPU	56.225	249	71	4	1218	1465	69	280	1.86e-59	206
ANJ44937.1	tr|A0A427BBW3|A0A427BBW3_ENSVE	80.952	147	16	1	190	324	179	325	1.87e-59	214
ANJ44937.1	tr|A0A6B9F054|A0A6B9F054_IPOPU	56.225	249	71	4	1218	1465	69	280	2.69e-59	206
ANJ44937.1	tr|A0A6U2C220|A0A6U2C220_MICPS	57.865	178	71	3	180	355	116	291	5.31e-59	212
ANJ44937.1	tr|A0A6T8IXI5|A0A6T8IXI5_9CHLO	59.218	179	71	2	175	353	147	323	7.16e-59	211
ANJ44937.1	tr|A0A6U0FVR0|A0A6U0FVR0_MICPS	60.227	176	66	3	180	353	158	331	7.73e-59	213
ANJ44937.1	tr|A0A6U0EB75|A0A6U0EB75_9CHLO	65.217	161	54	2	3	163	98	256	8.39e-59	211
ANJ44937.1	tr|A0A6U0E7Y6|A0A6U0E7Y6_MICPS	63.975	161	56	2	3	163	139	297	9.21e-59	211
ANJ44937.1	tr|F6I398|F6I398_VITVI	80.000	155	30	1	1139	1292	167	321	1.09e-58	212
ANJ44937.1	tr|A0A6U0R1V3|A0A6U0R1V3_MICPS	57.865	178	71	3	180	355	116	291	1.56e-58	211
ANJ44937.1	tr|A4SB81|A4SB81_OSTLU	65.217	161	54	2	3	163	88	246	1.69e-58	209
ANJ44937.1	tr|A0A6U0HB86|A0A6U0HB86_MICPS	58.427	178	70	3	180	355	114	289	2.24e-58	210
ANJ44937.1	tr|A0A6T5Y2N5|A0A6T5Y2N5_9CHLO	65.217	161	54	2	3	163	146	304	2.49e-58	211
ANJ44937.1	tr|A0A6U0BZ85|A0A6U0BZ85_9CHLO	65.217	161	54	2	3	163	152	310	2.53e-58	211
ANJ44937.1	tr|A0A454Y093|A0A454Y093_OSTTA	65.839	161	53	2	3	163	126	284	2.55e-58	210
ANJ44937.1	tr|A0A096PBR2|A0A096PBR2_OSTTA	65.839	161	53	2	3	163	126	284	2.55e-58	210
ANJ44937.1	tr|C1MWX5|C1MWX5_MICPC	58.427	178	70	3	180	355	100	275	2.75e-58	209
ANJ44937.1	tr|A0A6T8IVC1|A0A6T8IVC1_9CHLO	59.218	179	71	2	935	1113	147	323	2.91e-58	211
ANJ44937.1	tr|A0A6U0BMC2|A0A6U0BMC2_9CHLO	63.636	165	58	2	189	353	124	286	3.76e-58	209
ANJ44937.1	tr|A0A103XEB4|A0A103XEB4_CYNCS	44.637	289	90	6	65	353	83	301	8.51e-58	209
ANJ44937.1	tr|A0A6B9ER25|A0A6B9ER25_IPOPU	56.327	245	69	4	1218	1461	69	276	1.37e-57	201
ANJ44937.1	tr|A0A2K1IVJ1|A0A2K1IVJ1_PHYPA	49.825	285	100	6	1218	1493	60	310	1.75e-57	208
ANJ44937.1	tr|A0A6U3G6Y3|A0A6U3G6Y3_9CHLO	60.479	167	64	2	189	355	126	290	3.59e-57	207
