AZV23903.1	tr|A0AR17|A0AR17_ELEIN	100.000	445	0	0	31156	31600	1	445	0.0	905
AZV23903.1	tr|Q95AK0|Q95AK0_ELEIN	100.000	445	0	0	117513	117957	1	445	0.0	905
AZV23903.1	tr|Q95AK1|Q95AK1_ELEIN	100.000	445	0	0	117007	117451	1	445	0.0	905
AZV23903.1	tr|A0AR18|A0AR18_ELEIN	100.000	445	0	0	30650	31094	1	445	0.0	904
AZV23903.1	tr|A0A089WYN0|A0A089WYN0_ELEIN	100.000	445	0	0	54563	55007	1	445	0.0	904
AZV23903.1	tr|G8FH00|G8FH00_ELEIN	100.000	443	0	0	114454	114896	1	443	0.0	901
AZV23903.1	tr|G8FH01|G8FH01_ELEIN	100.000	443	0	0	113943	114385	1	443	0.0	901
AZV23903.1	tr|A0A5J9TN54|A0A5J9TN54_9POAL	98.876	445	5	0	117513	117957	70	514	0.0	901
AZV23903.1	tr|A0A2T7E3E4|A0A2T7E3E4_9POAL	97.303	445	12	0	117513	117957	65	509	0.0	893
AZV23903.1	tr|A0A4U6UXI9|A0A4U6UXI9_SETVI	97.753	445	10	0	117513	117957	66	510	0.0	892
AZV23903.1	tr|A0A1E5W859|A0A1E5W859_9POAL	97.528	445	11	0	117513	117957	64	508	0.0	892
AZV23903.1	tr|A0A2S3HM17|A0A2S3HM17_9POAL	97.303	445	12	0	117513	117957	64	508	0.0	892
AZV23903.1	tr|A0A3L6PJ42|A0A3L6PJ42_PANMI	97.303	445	12	0	117513	117957	63	507	0.0	892
AZV23903.1	tr|A0A3L6S0G6|A0A3L6S0G6_PANMI	97.079	445	13	0	117513	117957	64	508	0.0	889
AZV23903.1	tr|A0A3L6D9R8|A0A3L6D9R8_MAIZE	97.978	445	8	1	117513	117957	63	506	0.0	888
AZV23903.1	tr|A0A1D6NVZ6|A0A1D6NVZ6_MAIZE	97.753	445	9	1	117513	117957	63	506	0.0	887
AZV23903.1	tr|O24566|O24566_MAIZE	97.978	445	8	1	117513	117957	1	444	0.0	886
AZV23903.1	tr|A0A5B9T7B3|A0A5B9T7B3_SORHL	97.303	445	11	1	117513	117957	63	506	0.0	885
AZV23903.1	tr|C5Z3D1|C5Z3D1_SORBI	97.079	445	12	1	117513	117957	63	506	0.0	884
AZV23903.1	tr|H6T5X2|H6T5X2_SORHL	97.303	445	11	1	117513	117957	1	444	0.0	882
AZV23903.1	tr|A0A368QQK4|A0A368QQK4_SETIT	95.506	445	10	1	117513	117957	67	501	0.0	863
AZV23903.1	tr|K3XWI8|K3XWI8_SETIT	95.506	445	10	1	117513	117957	64	498	0.0	863
AZV23903.1	tr|I1H1V3|I1H1V3_BRADI	94.118	442	26	0	114455	114896	69	510	0.0	858
AZV23903.1	tr|A0A0D3GCF5|A0A0D3GCF5_9ORYZ	95.711	443	19	0	114454	114896	67	509	0.0	848
AZV23903.1	tr|H6T5X1|H6T5X1_SORHL	95.730	445	18	1	117513	117957	1	444	0.0	846
AZV23903.1	tr|A0A0E0L7E6|A0A0E0L7E6_ORYPU	95.928	442	18	0	114455	114896	96	537	0.0	846
AZV23903.1	tr|Q93VK6|Q93VK6_ORYSA	95.701	442	19	0	114455	114896	70	511	0.0	846
AZV23903.1	tr|I1PZA1|I1PZA1_ORYGL	95.701	442	19	0	114455	114896	70	511	0.0	846
AZV23903.1	tr|A0A0E0PT33|A0A0E0PT33_ORYRU	95.701	442	19	0	114455	114896	74	515	0.0	845
AZV23903.1	tr|A2Y8X9|A2Y8X9_ORYSI	95.701	442	19	0	114455	114896	74	515	0.0	845
AZV23903.1	tr|A0A0E0HKI5|A0A0E0HKI5_ORYNI	95.701	442	19	0	114455	114896	74	515	0.0	845
AZV23903.1	tr|A0A0E0DW90|A0A0E0DW90_9ORYZ	95.701	442	19	0	114455	114896	74	515	0.0	845
AZV23903.1	tr|Q5VNW0|Q5VNW0_ORYSJ	95.701	442	19	0	114455	114896	74	515	0.0	845
AZV23903.1	tr|A0A0E0A4L5|A0A0E0A4L5_9ORYZ	95.701	442	19	0	114455	114896	70	511	0.0	845
AZV23903.1	tr|A0A0E0L7E8|A0A0E0L7E8_ORYPU	95.928	442	18	0	114455	114896	22	463	0.0	845
AZV23903.1	tr|A0A0D9WLG7|A0A0D9WLG7_9ORYZ	96.364	440	16	0	114457	114896	71	510	0.0	845
AZV23903.1	tr|A0A0E0L7E7|A0A0E0L7E7_ORYPU	95.928	442	18	0	114455	114896	58	499	0.0	844
AZV23903.1	tr|V5NFH4|V5NFH4_SORHL	94.382	445	25	0	117513	117957	1	445	0.0	844
AZV23903.1	tr|A0A5B9T5W8|A0A5B9T5W8_LOLRI	91.667	456	38	0	114441	114896	50	505	0.0	840
AZV23903.1	tr|A0A5B9T5S8|A0A5B9T5S8_LOLRI	91.667	456	38	0	114441	114896	50	505	0.0	840
AZV23903.1	tr|A0A3B6TCN7|A0A3B6TCN7_WHEAT	86.094	489	68	0	135506	135994	22	510	0.0	833
AZV23903.1	tr|A0A5B9T603|A0A5B9T603_BROTE	93.439	442	29	0	114455	114896	67	508	0.0	833
AZV23903.1	tr|B5M6A1|B5M6A1_WHEAT	85.685	489	70	0	135506	135994	22	510	0.0	831
AZV23903.1	tr|A0A453QJP6|A0A453QJP6_AEGTS	88.445	476	48	2	117489	117957	37	512	0.0	830
AZV23903.1	tr|A0A446RID0|A0A446RID0_TRITD	92.809	445	32	0	117513	117957	66	510	0.0	830
AZV23903.1	tr|A0A6G1CPC4|A0A6G1CPC4_9ORYZ	94.545	440	24	0	114457	114896	68	507	0.0	829
AZV23903.1	tr|A0A446RIC4|A0A446RIC4_TRITD	92.809	445	32	0	117513	117957	70	514	0.0	829
AZV23903.1	tr|A0A3B6U4K5|A0A3B6U4K5_WHEAT	88.025	476	57	0	135519	135994	40	515	0.0	829
AZV23903.1	tr|A0A446RID2|A0A446RID2_TRITD	92.809	445	32	0	117513	117957	71	515	0.0	829
AZV23903.1	tr|A0A3B6R885|A0A3B6R885_WHEAT	93.213	442	30	0	114455	114896	69	510	0.0	828
AZV23903.1	tr|A0A446WZV3|A0A446WZV3_TRITD	93.213	442	30	0	114455	114896	69	510	0.0	828
AZV23903.1	tr|A0A0P0K3B8|A0A0P0K3B8_WHEAT	92.986	442	31	0	114455	114896	69	510	0.0	826
AZV23903.1	tr|A0A0A1C3J0|A0A0A1C3J0_ELEIN	100.000	403	0	0	52679	53081	1	403	0.0	826
AZV23903.1	tr|A0A0A1C3V2|A0A0A1C3V2_ELEIN	100.000	403	0	0	54092	54494	1	403	0.0	825
AZV23903.1	tr|A0A0A1C4R9|A0A0A1C4R9_ELEIN	100.000	403	0	0	53621	54023	1	403	0.0	824
AZV23903.1	tr|Q3Y6S2|Q3Y6S2_LOLMU	93.593	437	28	0	114460	114896	1	437	0.0	823
AZV23903.1	tr|A0A6I9RYL5|A0A6I9RYL5_ELAGV	87.359	443	56	0	114454	114896	80	522	0.0	803
AZV23903.1	tr|A0A1U8ABI8|A0A1U8ABI8_NELNU	85.088	456	68	0	114441	114896	70	525	0.0	803
AZV23903.1	tr|W0FFD6|W0FFD6_MUSAC	87.387	444	56	0	114453	114896	71	514	0.0	801
AZV23903.1	tr|F5A529|F5A529_ELEIN	100.000	391	0	0	29940	30330	1	391	0.0	800
AZV23903.1	tr|F5A530|F5A530_ELEIN	100.000	391	0	0	29488	29878	1	391	0.0	799
AZV23903.1	tr|A0A4S8IKF3|A0A4S8IKF3_MUSBA	86.937	444	58	0	114453	114896	75	518	0.0	798
AZV23903.1	tr|M0U232|M0U232_MUSAM	86.712	444	59	0	114453	114896	75	518	0.0	798
AZV23903.1	tr|A0A2U1MP09|A0A2U1MP09_ARTAN	86.621	441	59	0	114456	114896	76	516	0.0	795
AZV23903.1	tr|A0A2U1QK72|A0A2U1QK72_ARTAN	86.591	440	59	0	114456	114895	74	513	0.0	792
AZV23903.1	tr|A0A2I0WBU8|A0A2I0WBU8_9ASPA	86.591	440	59	0	114456	114895	89	528	0.0	790
AZV23903.1	tr|A0A2I4DKQ7|A0A2I4DKQ7_JUGRE	75.534	515	116	2	114382	114896	18	522	0.0	789
AZV23903.1	tr|A0A2P6SFY3|A0A2P6SFY3_ROSCH	81.489	470	87	0	114427	114896	52	521	0.0	789
AZV23903.1	tr|A0A2H3YUT8|A0A2H3YUT8_PHODC	85.779	443	63	0	114454	114896	80	522	0.0	787
AZV23903.1	tr|A0A172QP98|A0A172QP98_FRAAN	82.251	462	82	0	114435	114896	59	520	0.0	786
AZV23903.1	tr|A3B841|A3B841_ORYSJ	90.271	442	34	1	114455	114896	74	506	0.0	786
AZV23903.1	tr|D3JPP9|D3JPP9_9POAL	98.465	391	6	0	52691	53081	1	391	0.0	786
AZV23903.1	tr|A0A2H9ZZR4|A0A2H9ZZR4_9ASPA	86.136	440	61	0	114456	114895	86	525	0.0	785
AZV23903.1	tr|Q30CZ8|Q30CZ8_FAGSY	81.425	463	86	0	114434	114896	58	520	0.0	785
AZV23903.1	tr|A0A345N8Y2|A0A345N8Y2_9ASTR	84.459	444	69	0	114453	114896	77	520	0.0	783
AZV23903.1	tr|A0A345N8X4|A0A345N8X4_9ASTR	84.459	444	69	0	114453	114896	77	520	0.0	783
AZV23903.1	tr|A0A345N8W9|A0A345N8W9_9ASTR	84.009	444	71	0	114453	114896	80	523	0.0	782
AZV23903.1	tr|A0A345N8Y0|A0A345N8Y0_9ASTR	84.459	444	69	0	114453	114896	77	520	0.0	782
AZV23903.1	tr|A0A345N8X0|A0A345N8X0_9ASTR	84.009	444	71	0	114453	114896	80	523	0.0	782
AZV23903.1	tr|D3JPQ0|D3JPQ0_9POAL	97.954	391	8	0	52691	53081	1	391	0.0	781
AZV23903.1	tr|A0A345N8W8|A0A345N8W8_9ASTR	84.009	444	71	0	114453	114896	80	523	0.0	781
AZV23903.1	tr|A0A140DN07|A0A140DN07_9POAL	85.941	441	60	2	114456	114895	75	514	0.0	781
AZV23903.1	tr|A0A345N8Y1|A0A345N8Y1_9ASTR	84.009	444	71	0	114453	114896	77	520	0.0	781
AZV23903.1	tr|G4U4J5|G4U4J5_CONCD	84.009	444	71	0	114453	114896	80	523	0.0	781
AZV23903.1	tr|A0A126SNX5|A0A126SNX5_9POAL	85.941	441	60	2	114456	114895	74	513	0.0	781
AZV23903.1	tr|A0A2I6QQM5|A0A2I6QQM5_PHRAU	97.187	391	11	0	52691	53081	1	391	0.0	780
AZV23903.1	tr|Q6E6L4|Q6E6L4_CONCD	83.784	444	72	0	114453	114896	80	523	0.0	780
AZV23903.1	tr|M0S4R3|M0S4R3_MUSAM	87.613	444	55	0	114453	114896	75	518	0.0	779
AZV23903.1	tr|A0A140DN06|A0A140DN06_9POAL	85.714	441	61	2	114456	114895	74	513	0.0	779
AZV23903.1	tr|A0A089VH80|A0A089VH80_9POAL	85.941	441	60	2	114456	114895	69	508	0.0	779
AZV23903.1	tr|A0A2R6RCQ6|A0A2R6RCQ6_ACTCC	87.528	441	55	0	114456	114896	82	522	0.0	778
AZV23903.1	tr|D2CIU2|D2CIU2_9ASTR	83.784	444	72	0	114453	114896	3	446	0.0	778
AZV23903.1	tr|A0A6L5B9B8|A0A6L5B9B8_APIGR	82.735	446	77	0	114451	114896	80	525	0.0	778
AZV23903.1	tr|A0A6I9SCZ8|A0A6I9SCZ8_ELAGV	87.133	443	57	0	114454	114896	80	522	0.0	777
AZV23903.1	tr|A0A4S8I8K9|A0A4S8I8K9_MUSBA	87.387	444	56	0	114453	114896	75	518	0.0	777
AZV23903.1	tr|D2CIU6|D2CIU6_9ASTR	84.459	444	69	0	114453	114896	3	446	0.0	777
AZV23903.1	tr|O80428|O80428_ORYSJ	96.419	391	14	0	52691	53081	1	391	0.0	776
AZV23903.1	tr|M1K439|M1K439_AMAPA	82.391	460	75	1	117504	117957	51	510	0.0	776
AZV23903.1	tr|A0A059CIR5|A0A059CIR5_EUCGR	83.673	441	72	0	114456	114896	73	513	0.0	776
AZV23903.1	tr|C8YXI6|C8YXI6_AMAPA	81.957	460	77	1	117504	117957	59	518	0.0	776
AZV23903.1	tr|A8YTA7|A8YTA7_9ASTR	84.009	444	71	0	114453	114896	3	446	0.0	776
AZV23903.1	tr|M1K5H3|M1K5H3_AMAPA	82.174	460	76	1	117504	117957	51	510	0.0	775
AZV23903.1	tr|A0A089VKV2|A0A089VKV2_9POAL	86.667	435	56	2	114456	114889	60	493	0.0	775
AZV23903.1	tr|A0A089VFD1|A0A089VFD1_9POAL	86.667	435	56	2	114456	114889	59	492	0.0	775
AZV23903.1	tr|C8YXI5|C8YXI5_AMAPA	81.957	460	77	1	117504	117957	59	518	0.0	775
AZV23903.1	tr|A0A0E0DW91|A0A0E0DW91_9ORYZ	91.800	439	17	1	114455	114893	74	493	0.0	774
AZV23903.1	tr|A0A142K486|A0A142K486_AMAVI	81.957	460	77	1	117504	117957	58	517	0.0	774
AZV23903.1	tr|D2CIU7|D2CIU7_9ASTR	84.234	444	70	0	114453	114896	3	446	0.0	774
AZV23903.1	tr|A0A142K487|A0A142K487_AMARE	82.174	460	76	1	117504	117957	19	478	0.0	774
AZV23903.1	tr|A0A166FFB0|A0A166FFB0_DAUCS	83.447	441	73	0	114456	114896	85	525	0.0	773
AZV23903.1	tr|A0A287VK38|A0A287VK38_HORVV	94.118	408	24	0	114489	114896	20	427	0.0	773
AZV23903.1	tr|A0A6P6AZB2|A0A6P6AZB2_DURZI	83.747	443	72	0	114454	114896	79	521	0.0	773
AZV23903.1	tr|A0A6I9SBM8|A0A6I9SBM8_ELAGV	86.742	445	57	1	114454	114896	80	524	0.0	773
AZV23903.1	tr|A0A1J3E0I6|A0A1J3E0I6_NOCCA	83.973	443	71	0	114454	114896	85	527	0.0	773
AZV23903.1	tr|C8YYL6|C8YYL6_AMATU	81.739	460	78	1	117504	117957	59	518	0.0	772
AZV23903.1	tr|A0A2R6QPH7|A0A2R6QPH7_ACTCC	83.188	458	77	0	114439	114896	65	522	0.0	772
AZV23903.1	tr|A0A2H3ZFH7|A0A2H3ZFH7_PHODC	87.104	442	56	1	114454	114895	80	520	0.0	771
AZV23903.1	tr|A0A1J3HBZ8|A0A1J3HBZ8_NOCCA	83.973	443	71	0	114454	114896	85	527	0.0	771
AZV23903.1	tr|C8YYL7|C8YYL7_AMATU	81.957	460	77	1	117504	117957	59	518	0.0	771
AZV23903.1	tr|A0A2G9H2R6|A0A2G9H2R6_9LAMI	83.406	458	76	0	114439	114896	62	519	0.0	771
AZV23903.1	tr|A0A089VLU1|A0A089VLU1_9POAL	86.605	433	56	2	114456	114887	59	490	0.0	771
AZV23903.1	tr|A0A7C9CHK7|A0A7C9CHK7_OPUST	83.973	443	71	0	114454	114896	76	518	0.0	770
AZV23903.1	tr|A0A0K9RIA3|A0A0K9RIA3_SPIOL	82.405	449	76	1	114451	114896	66	514	0.0	770
AZV23903.1	tr|A0A3G9EL19|A0A3G9EL19_9LILI	84.009	444	71	0	114453	114896	69	512	0.0	770
AZV23903.1	tr|A0A1J3J5B9|A0A1J3J5B9_NOCCA	83.747	443	72	0	114454	114896	85	527	0.0	770
AZV23903.1	tr|A0A089X599|A0A089X599_9POAL	86.374	433	57	2	114456	114887	60	491	0.0	770
AZV23903.1	tr|A0A6P5GNZ8|A0A6P5GNZ8_ANACO	87.302	441	56	0	114456	114896	80	520	0.0	769
AZV23903.1	tr|A0A199UTR0|A0A199UTR0_ANACO	87.302	441	56	0	114456	114896	80	520	0.0	769
AZV23903.1	tr|A0A1J3F4M4|A0A1J3F4M4_NOCCA	83.747	443	72	0	114454	114896	85	527	0.0	769
AZV23903.1	tr|Q946V0|Q946V0_9LAMI	82.609	460	79	1	114434	114893	55	513	0.0	768
AZV23903.1	tr|Q1M157|Q1M157_CAMAC	83.043	460	78	0	114437	114896	60	519	0.0	768
AZV23903.1	tr|A0A5J4ZAW2|A0A5J4ZAW2_9ASTE	84.633	436	67	0	114460	114895	1040	1475	0.0	768
AZV23903.1	tr|A0A0P0KT88|A0A0P0KT88_WHEAT	93.612	407	26	0	114490	114896	1	407	0.0	768
AZV23903.1	tr|A0A3S3MQP3|A0A3S3MQP3_9MAGN	81.289	481	90	0	114413	114893	35	515	0.0	768
AZV23903.1	tr|A0A2Z7CLX6|A0A2Z7CLX6_9LAMI	85.845	438	62	0	114456	114893	78	515	0.0	767
AZV23903.1	tr|A0A6P4AJ93|A0A6P4AJ93_ZIZJJ	83.151	457	77	0	114439	114895	69	525	0.0	767
AZV23903.1	tr|Q946U9|Q946U9_9LAMI	82.391	460	80	1	114434	114893	55	513	0.0	767
AZV23903.1	tr|M5X3W8|M5X3W8_PRUPE	82.366	465	81	1	114432	114896	61	524	0.0	766
AZV23903.1	tr|A0A6A4LV35|A0A6A4LV35_9ERIC	82.516	469	82	0	114428	114896	44	512	0.0	766
AZV23903.1	tr|A0A0P0KDX1|A0A0P0KDX1_WHEAT	93.366	407	27	0	114490	114896	1	407	0.0	766
AZV23903.1	tr|A0A251S0N3|A0A251S0N3_HELAN	85.360	444	65	0	114453	114896	75	518	0.0	766
AZV23903.1	tr|A0A200R9Y2|A0A200R9Y2_9MAGN	85.941	441	62	0	114456	114896	80	520	0.0	765
AZV23903.1	tr|A0A078J1K1|A0A078J1K1_BRANA	82.287	446	79	0	117512	117957	70	515	0.0	765
AZV23903.1	tr|D2CIU5|D2CIU5_9ASTR	85.488	441	64	0	114456	114896	6	446	0.0	765
AZV23903.1	tr|D2CIU4|D2CIU4_9ASTR	85.488	441	64	0	114456	114896	6	446	0.0	765
AZV23903.1	tr|H6U643|H6U643_9ASTR	82.789	459	79	0	114438	114896	62	520	0.0	765
AZV23903.1	tr|W9RXC5|W9RXC5_9ROSA	81.857	463	84	0	114434	114896	63	525	0.0	764
AZV23903.1	tr|A0A2R6R6G0|A0A2R6R6G0_ACTCC	83.442	459	73	1	114441	114896	54	512	0.0	764
AZV23903.1	tr|A0A5S9X766|A0A5S9X766_ARATH	82.063	446	80	0	117512	117957	75	520	0.0	763
AZV23903.1	tr|A0A0N7E509|A0A0N7E509_9ASPA	82.581	465	80	1	114432	114896	53	516	0.0	763
AZV23903.1	sp|P05466|AROA_ARATH	82.063	446	80	0	117512	117957	75	520	0.0	763
AZV23903.1	tr|A0A5N6QG01|A0A5N6QG01_9ROSI	81.818	462	84	0	114435	114896	60	521	0.0	763
AZV23903.1	tr|A0A314ZJW2|A0A314ZJW2_PRUYE	82.151	465	82	1	114432	114896	61	524	0.0	763
AZV23903.1	tr|G1FBT6|G1FBT6_CAPAN	82.207	444	79	0	114453	114896	73	516	0.0	762
AZV23903.1	tr|A0A6S7N1K5|A0A6S7N1K5_LACSI	85.455	440	64	0	114453	114892	74	513	0.0	762
AZV23903.1	tr|A0A142K488|A0A142K488_AMABL	81.304	460	79	2	117504	117957	19	477	0.0	762
AZV23903.1	tr|A0A4S4DR40|A0A4S4DR40_CAMSI	82.314	458	81	0	114439	114896	126	583	0.0	762
AZV23903.1	tr|A0A2P5ADN8|A0A2P5ADN8_PARAD	85.261	441	65	0	114456	114896	85	525	0.0	762
AZV23903.1	tr|A0A1P8B1E5|A0A1P8B1E5_ARATH	81.982	444	80	0	117512	117955	75	518	0.0	762
AZV23903.1	tr|D2CIU3|D2CIU3_9ASTR	85.261	441	65	0	114456	114896	6	446	0.0	762
AZV23903.1	tr|A0A6P5RNW7|A0A6P5RNW7_PRUAV	81.935	465	83	1	114432	114896	61	524	0.0	762
AZV23903.1	tr|A0A5E4FH79|A0A5E4FH79_PRUDU	82.969	458	77	1	114439	114896	68	524	0.0	762
AZV23903.1	tr|A0A6D2JXJ5|A0A6D2JXJ5_9BRAS	82.619	443	77	0	114454	114896	85	527	0.0	762
AZV23903.1	tr|A0A2G3DDT4|A0A2G3DDT4_CAPCH	82.207	444	79	0	114453	114896	78	521	0.0	761
AZV23903.1	tr|A0A654F3G7|A0A654F3G7_ARATH	81.839	446	81	0	117512	117957	75	520	0.0	761
AZV23903.1	tr|A0A5B7ANL6|A0A5B7ANL6_DAVIN	82.713	457	79	0	114439	114895	65	521	0.0	761
AZV23903.1	tr|A0A2J6KQQ6|A0A2J6KQQ6_LACSA	85.714	441	63	0	114456	114896	78	518	0.0	761
AZV23903.1	tr|A0A0K9NRE7|A0A0K9NRE7_ZOSMR	83.596	445	71	2	117513	117957	73	515	0.0	761
AZV23903.1	tr|D0VBC7|D0VBC7_VITVI	85.327	443	65	0	114454	114896	79	521	0.0	761
AZV23903.1	tr|A0A251V1I3|A0A251V1I3_HELAN	86.168	441	61	0	114456	114896	69	509	0.0	761
AZV23903.1	tr|A0A2P5CCC8|A0A2P5CCC8_TREOI	85.034	441	66	0	114456	114896	85	525	0.0	761
AZV23903.1	tr|A0A2G3AHD0|A0A2G3AHD0_CAPAN	81.982	444	80	0	114453	114896	78	521	0.0	760
AZV23903.1	tr|A0A1U8GVU4|A0A1U8GVU4_CAPAN	81.982	444	80	0	114453	114896	78	521	0.0	760
AZV23903.1	tr|Q6E6L5|Q6E6L5_CONCD	85.941	441	62	0	114456	114896	79	519	0.0	760
AZV23903.1	tr|A0A2G2XNQ6|A0A2G2XNQ6_CAPBA	81.982	444	80	0	114453	114896	78	521	0.0	760
AZV23903.1	tr|A0A178VT19|A0A178VT19_ARATH	81.614	446	82	0	117512	117957	75	520	0.0	760
AZV23903.1	tr|A0A4P8PSL9|A0A4P8PSL9_AMBAR	81.602	462	82	1	114435	114896	54	512	0.0	759
AZV23903.1	tr|G4U4J4|G4U4J4_CONCD	86.168	441	61	0	114456	114896	79	519	0.0	759
AZV23903.1	tr|A0A345N8V8|A0A345N8V8_9ASTR	86.168	441	61	0	114456	114896	79	519	0.0	759
AZV23903.1	tr|A0A5N6NPZ5|A0A5N6NPZ5_9ASTR	85.261	441	65	0	114455	114895	77	517	0.0	759
AZV23903.1	tr|A0A2G5E2Q7|A0A2G5E2Q7_AQUCA	85.682	440	63	0	114456	114895	86	525	0.0	759
AZV23903.1	tr|A0A498JHI7|A0A498JHI7_MALDO	83.333	456	76	0	114435	114890	64	519	0.0	758
AZV23903.1	tr|A0A0N9BED7|A0A0N9BED7_LIRMU	83.114	456	76	1	114438	114893	61	515	0.0	758
AZV23903.1	tr|A0A6A4PNT7|A0A6A4PNT7_LUPAL	81.659	458	84	0	114439	114896	68	525	0.0	758
AZV23903.1	tr|A0A345N8U8|A0A345N8U8_9ASTR	85.941	441	62	0	114456	114896	79	519	0.0	758
AZV23903.1	tr|A0A0N9BED5|A0A0N9BED5_9ASPA	83.114	456	76	1	114438	114893	61	515	0.0	758
AZV23903.1	tr|A0A5E4FCY7|A0A5E4FCY7_PRUDU	82.969	458	77	1	114439	114896	21	477	0.0	758
AZV23903.1	tr|A0A371FL00|A0A371FL00_MUCPR	77.970	463	102	0	114434	114896	63	525	0.0	758
AZV23903.1	tr|A0A345N8V7|A0A345N8V7_9ASTR	85.941	441	62	0	114456	114896	79	519	0.0	758
AZV23903.1	tr|A0A345N8V9|A0A345N8V9_9ASTR	85.941	441	62	0	114456	114896	79	519	0.0	757
AZV23903.1	tr|A0A6J5WEC5|A0A6J5WEC5_PRUAR	80.638	470	90	1	114427	114896	56	524	0.0	757
AZV23903.1	tr|A0A345N8V1|A0A345N8V1_9ASTR	85.714	441	63	0	114456	114896	79	519	0.0	756
AZV23903.1	tr|Q6E6L3|Q6E6L3_CONCD	82.127	442	79	0	31159	31600	13	454	0.0	756
AZV23903.1	tr|A8YTA6|A8YTA6_9ASTR	86.168	441	61	0	114456	114896	7	447	0.0	756
AZV23903.1	tr|A0A6I9TZG3|A0A6I9TZG3_SESIN	83.550	462	76	0	114435	114896	58	519	0.0	756
AZV23903.1	tr|A0A6P8DN04|A0A6P8DN04_PUNGR	78.632	468	100	0	114429	114896	55	522	0.0	755
AZV23903.1	tr|A0A5D3D3C3|A0A5D3D3C3_CUCME	81.529	471	86	1	114427	114896	56	526	0.0	755
AZV23903.1	sp|P11043|AROA_PETHY	81.250	464	84	1	114436	114896	53	516	0.0	754
AZV23903.1	tr|A0A067HD33|A0A067HD33_CITSI	79.574	470	96	0	114426	114895	49	518	0.0	754
AZV23903.1	tr|A0A6S7NS83|A0A6S7NS83_LACSI	84.807	441	67	0	114456	114896	78	518	0.0	754
AZV23903.1	tr|A0A1S3AVE7|A0A1S3AVE7_CUCME	81.316	471	87	1	114427	114896	56	526	0.0	754
AZV23903.1	tr|A0A5A7U401|A0A5A7U401_CUCME	81.316	471	87	1	114427	114896	56	526	0.0	754
AZV23903.1	tr|A8YTA8|A8YTA8_9ASTR	81.081	444	84	0	113942	114385	3	446	0.0	754
AZV23903.1	tr|A0A5D2WSS2|A0A5D2WSS2_GOSMU	81.699	459	84	0	114438	114896	63	521	0.0	753
AZV23903.1	tr|A7Y7Y2|A7Y7Y2_GOSHI	81.699	459	84	0	114438	114896	63	521	0.0	753
AZV23903.1	tr|A0A6J1E9L2|A0A6J1E9L2_CUCMO	85.747	442	62	1	114456	114896	87	528	0.0	753
AZV23903.1	tr|A0A5D2E8P9|A0A5D2E8P9_GOSDA	81.699	459	84	0	114438	114896	63	521	0.0	753
AZV23903.1	tr|A0A1Q3CEV3|A0A1Q3CEV3_CEPFO	82.844	443	76	0	114454	114896	78	520	0.0	753
AZV23903.1	tr|A0A445E6M8|A0A445E6M8_ARAHY	82.057	457	82	0	114439	114895	69	525	0.0	753
AZV23903.1	tr|A0A5J5T9R9|A0A5J5T9R9_GOSBA	81.699	459	84	0	114438	114896	63	521	0.0	753
AZV23903.1	tr|A0A2P5WGR5|A0A2P5WGR5_GOSBA	81.699	459	84	0	114438	114896	63	521	0.0	753
AZV23903.1	tr|A0A445E9D3|A0A445E9D3_ARAHY	81.838	457	83	0	114439	114895	69	525	0.0	753
AZV23903.1	tr|Q1KPV4|Q1KPV4_9ASPA	83.370	451	75	0	114446	114896	72	522	0.0	753
AZV23903.1	tr|A0A1U8N867|A0A1U8N867_GOSHI	81.481	459	85	0	114438	114896	63	521	0.0	753
AZV23903.1	tr|A0A1J7IWW3|A0A1J7IWW3_LUPAN	83.747	443	72	0	114454	114896	25	467	0.0	753
AZV23903.1	tr|B2C1I9|B2C1I9_GOSHI	81.481	459	85	0	114438	114896	63	521	0.0	753
AZV23903.1	tr|A0A2H5NP74|A0A2H5NP74_CITUN	79.362	470	97	0	114426	114895	49	518	0.0	752
AZV23903.1	tr|A0A5D2MVQ5|A0A5D2MVQ5_GOSTO	81.481	459	85	0	114438	114896	63	521	0.0	752
AZV23903.1	tr|A0A0A0L4E4|A0A0A0L4E4_CUCSA	81.104	471	88	1	114427	114896	56	526	0.0	752
AZV23903.1	tr|V4U8J1|V4U8J1_CITCL	79.362	470	97	0	114426	114895	49	518	0.0	752
AZV23903.1	tr|A0A5D2SCP1|A0A5D2SCP1_GOSMU	81.264	459	86	0	114438	114896	63	521	0.0	751
AZV23903.1	tr|A0A6J1FWK9|A0A6J1FWK9_CUCMO	85.520	442	63	1	114456	114896	85	526	0.0	751
AZV23903.1	tr|A0A0B0MKL1|A0A0B0MKL1_GOSAR	81.264	459	86	0	114438	114896	63	521	0.0	751
AZV23903.1	tr|A0A6J1IGL2|A0A6J1IGL2_CUCMA	85.520	442	63	1	114456	114896	85	526	0.0	750
AZV23903.1	tr|A0A0M8KSM3|A0A0M8KSM3_NICAT	84.807	441	67	0	114456	114896	66	506	0.0	750
AZV23903.1	tr|A0A6J1D1H2|A0A6J1D1H2_MOMCH	80.892	471	89	1	114427	114896	59	529	0.0	750
AZV23903.1	tr|A0A6J1A1W0|A0A6J1A1W0_9ROSI	81.659	458	84	0	114439	114896	64	521	0.0	750
AZV23903.1	tr|A0A0D2RDI7|A0A0D2RDI7_GOSRA	81.264	459	86	0	114438	114896	63	521	0.0	749
AZV23903.1	tr|A0A5C7I2M9|A0A5C7I2M9_9ROSI	80.860	465	83	1	114438	114896	61	525	0.0	749
AZV23903.1	tr|A0A5D2AA30|A0A5D2AA30_GOSDA	81.046	459	87	0	114438	114896	63	521	0.0	749
AZV23903.1	tr|A0A5J5NXG7|A0A5J5NXG7_GOSBA	81.046	459	87	0	114438	114896	63	521	0.0	749
AZV23903.1	tr|A0A6P6VTQ7|A0A6P6VTQ7_COFAR	84.580	441	68	0	114456	114896	75	515	0.0	749
AZV23903.1	tr|A0A6P4CG93|A0A6P4CG93_ARADU	81.838	457	83	0	114439	114895	69	525	0.0	749
AZV23903.1	tr|A0A4D8Y0K7|A0A4D8Y0K7_SALSN	82.468	462	81	0	114435	114896	58	519	0.0	749
AZV23903.1	tr|A8YTA5|A8YTA5_9ASTR	85.714	441	63	0	114456	114896	7	447	0.0	749
AZV23903.1	tr|A0A6J1IYT9|A0A6J1IYT9_CUCMA	83.664	453	73	1	117506	117957	76	528	0.0	748
AZV23903.1	tr|A0A6N2B2Z6|A0A6N2B2Z6_SOLCI	84.127	441	70	0	114456	114896	78	518	0.0	748
AZV23903.1	tr|A0A5D2I9Q4|A0A5D2I9Q4_GOSTO	81.046	459	87	0	114438	114896	63	521	0.0	747
AZV23903.1	tr|A0A1U7WR75|A0A1U7WR75_NICSY	84.580	441	68	0	114456	114896	72	512	0.0	747
AZV23903.1	tr|A0A3Q7GLX3|A0A3Q7GLX3_SOLLC	84.127	441	70	0	114456	114896	78	518	0.0	747
AZV23903.1	tr|A0A068TN19|A0A068TN19_COFCA	84.580	441	68	0	114456	114896	26	466	0.0	746
AZV23903.1	tr|M1A9Z3|M1A9Z3_SOLTU	84.127	441	70	0	114456	114896	78	518	0.0	746
AZV23903.1	tr|A0A078HH62|A0A078HH62_BRANA	82.960	446	76	0	117512	117957	71	516	0.0	746
AZV23903.1	tr|A0A061DTZ2|A0A061DTZ2_THECC	83.784	444	72	0	114453	114896	78	521	0.0	746
AZV23903.1	tr|A0A4D8ZUB6|A0A4D8ZUB6_SALSN	82.251	462	82	0	114435	114896	58	519	0.0	746
AZV23903.1	tr|J3MB12|J3MB12_ORYBR	96.164	391	15	0	52691	53081	1	391	0.0	746
AZV23903.1	tr|A0A4Y7KMY3|A0A4Y7KMY3_PAPSO	78.586	481	93	3	114424	114896	56	534	0.0	746
AZV23903.1	tr|A0A142J9E4|A0A142J9E4_TRITU	93.418	395	26	0	52687	53081	1	395	0.0	745
AZV23903.1	tr|A0A397ZPX8|A0A397ZPX8_BRACM	82.735	446	77	0	117512	117957	71	516	0.0	745
AZV23903.1	tr|A0A6P5ZW89|A0A6P5ZW89_DURZI	83.747	443	72	0	114454	114896	78	520	0.0	744
AZV23903.1	tr|A0A2H5NPD9|A0A2H5NPD9_CITUN	78.033	478	97	1	114426	114895	49	526	0.0	744
AZV23903.1	tr|A0A1J7H2T7|A0A1J7H2T7_LUPAN	81.004	458	86	1	114439	114896	68	524	0.0	744
AZV23903.1	tr|A0A6P5ZWD4|A0A6P5ZWD4_DURZI	83.747	443	72	0	114454	114896	78	520	0.0	744
AZV23903.1	tr|A0A2R6R9C4|A0A2R6R9C4_ACTCC	84.318	440	69	0	114457	114896	1	440	0.0	744
AZV23903.1	tr|A0A151UC41|A0A151UC41_CAJCA	82.393	443	78	0	114454	114896	83	525	0.0	744
AZV23903.1	tr|A0A142J9E5|A0A142J9E5_TRIMO	93.418	395	26	0	52687	53081	1	395	0.0	744
AZV23903.1	tr|A0A142J9E7|A0A142J9E7_AEGTA	93.418	395	26	0	52687	53081	1	395	0.0	744
AZV23903.1	tr|A0A5N6LK10|A0A5N6LK10_9ASTR	84.828	435	66	0	114456	114890	76	510	0.0	744
AZV23903.1	tr|A0A0D3C6D1|A0A0D3C6D1_BRAOL	83.296	443	74	0	114454	114896	74	516	0.0	744
AZV23903.1	tr|A0A3P6DB61|A0A3P6DB61_BRAOL	83.296	443	74	0	114454	114896	74	516	0.0	744
AZV23903.1	tr|A0A6A5MWN1|A0A6A5MWN1_LUPAL	81.004	458	86	1	114439	114896	68	524	0.0	744
AZV23903.1	tr|A0A540LEB6|A0A540LEB6_MALBA	82.684	462	80	0	114435	114896	64	525	0.0	743
AZV23903.1	tr|A0A1J3HGA8|A0A1J3HGA8_NOCCA	82.960	446	76	0	117512	117957	72	517	0.0	743
AZV23903.1	tr|A0A3P6D0R6|A0A3P6D0R6_BRACM	82.735	446	77	0	117512	117957	71	516	0.0	743
AZV23903.1	tr|A0A6J0NIE3|A0A6J0NIE3_RAPSA	72.328	524	126	2	135471	135994	10	514	0.0	743
AZV23903.1	sp|P17688|AROA_BRANA	83.070	443	75	0	114454	114896	74	516	0.0	743
AZV23903.1	tr|A0A3P6A8B6|A0A3P6A8B6_BRACM	82.735	446	77	0	117512	117957	76	521	0.0	743
AZV23903.1	tr|A0A4D8ZGC2|A0A4D8ZGC2_SALSN	82.251	462	82	0	114435	114896	55	516	0.0	743
AZV23903.1	tr|A0A078JSU1|A0A078JSU1_BRANA	82.735	446	77	0	117512	117957	76	521	0.0	743
AZV23903.1	tr|A0A1J3FYC3|A0A1J3FYC3_NOCCA	82.735	446	77	0	117512	117957	72	517	0.0	742
AZV23903.1	tr|Q8W1M5|Q8W1M5_ORYVI	82.735	446	77	0	117512	117957	73	518	0.0	742
AZV23903.1	tr|A0A498KI81|A0A498KI81_MALDO	82.684	462	80	0	114435	114896	64	525	0.0	742
AZV23903.1	tr|A0A0D2QRR3|A0A0D2QRR3_GOSRA	83.973	443	71	0	114454	114896	79	521	0.0	742
AZV23903.1	tr|A0A5B6UNE0|A0A5B6UNE0_9ROSI	83.973	443	71	0	114454	114896	79	521	0.0	742
AZV23903.1	tr|B2CM20|B2CM20_9ASTE	84.459	444	69	0	114453	114896	77	520	0.0	742
AZV23903.1	tr|A0A142J9E6|A0A142J9E6_AEGSP	93.165	395	27	0	52687	53081	1	395	0.0	742
AZV23903.1	tr|M4C856|M4C856_BRARP	82.735	446	77	0	117512	117957	69	514	0.0	742
AZV23903.1	tr|A0A287VJQ7|A0A287VJQ7_HORVV	94.118	391	23	0	52691	53081	1	391	0.0	741
AZV23903.1	tr|A0A0D3B6U5|A0A0D3B6U5_BRAOL	82.063	446	80	0	117512	117957	64	509	0.0	741
AZV23903.1	tr|D7KD66|D7KD66_ARALL	82.063	446	80	0	117512	117957	78	523	0.0	741
AZV23903.1	tr|A0A565BP76|A0A565BP76_9BRAS	82.735	446	77	0	117512	117957	71	516	0.0	741
AZV23903.1	tr|A0A5B6UZZ8|A0A5B6UZZ8_9ROSI	80.828	459	88	0	114438	114896	63	521	0.0	741
AZV23903.1	tr|A0A1J3E699|A0A1J3E699_NOCCA	82.735	446	77	0	117512	117957	77	522	0.0	741
AZV23903.1	tr|A0A6D2KT97|A0A6D2KT97_9BRAS	82.287	446	79	0	117512	117957	76	521	0.0	741
AZV23903.1	tr|A0A5N5F2I1|A0A5N5F2I1_9ROSA	82.468	462	81	0	114435	114896	64	525	0.0	740
AZV23903.1	tr|A0A1U8NX97|A0A1U8NX97_GOSHI	83.747	443	72	0	114454	114896	79	521	0.0	740
AZV23903.1	tr|M4FGU1|M4FGU1_BRARP	82.511	446	78	0	117512	117957	71	516	0.0	740
AZV23903.1	tr|A0A5D2PTD5|A0A5D2PTD5_GOSTO	83.747	443	72	0	114454	114896	79	521	0.0	740
AZV23903.1	tr|R0FVF7|R0FVF7_9BRAS	82.511	446	78	0	117512	117957	74	519	0.0	740
AZV23903.1	tr|W8R3N7|W8R3N7_AMASP	82.045	440	73	1	117504	117937	58	497	0.0	740
AZV23903.1	tr|V4L9W7|V4L9W7_EUTSA	82.735	446	77	0	117512	117957	73	518	0.0	740
AZV23903.1	tr|W8Q9H2|W8Q9H2_AMASP	82.045	440	73	1	117504	117937	58	497	0.0	739
AZV23903.1	tr|B3GGJ9|B3GGJ9_CONAR	84.685	444	68	0	114453	114896	77	520	0.0	739
AZV23903.1	tr|A0A1J3JRC8|A0A1J3JRC8_NOCCA	82.511	446	78	0	117512	117957	72	517	0.0	739
AZV23903.1	tr|B9RDA3|B9RDA3_RICCO	80.519	462	89	1	114435	114896	58	518	0.0	739
AZV23903.1	tr|A0A654ESJ0|A0A654ESJ0_ARATH	82.063	446	80	0	117512	117957	76	521	0.0	739
AZV23903.1	tr|W8Q8I3|W8Q8I3_AMASP	81.818	440	74	1	117504	117937	58	497	0.0	739
AZV23903.1	tr|A0A0B0PQG1|A0A0B0PQG1_GOSAR	83.521	443	73	0	114454	114896	79	521	0.0	739
AZV23903.1	sp|P23981|AROA1_TOBAC	81.920	448	81	0	117510	117957	71	518	0.0	739
AZV23903.1	tr|A0A1U7YG45|A0A1U7YG45_NICSY	81.920	448	81	0	117510	117957	71	518	0.0	739
AZV23903.1	tr|A0A484M6T4|A0A484M6T4_9ASTE	82.432	444	78	0	114453	114896	80	523	0.0	739
AZV23903.1	tr|A0A438FU78|A0A438FU78_VITVI	77.893	484	66	1	114454	114896	79	562	0.0	739
AZV23903.1	tr|A0A5D2YPM1|A0A5D2YPM1_GOSMU	83.521	443	73	0	114454	114896	79	521	0.0	738
AZV23903.1	tr|A0A4D9ALU6|A0A4D9ALU6_SALSN	78.344	471	93	2	114435	114896	58	528	0.0	738
AZV23903.1	tr|A8YTA9|A8YTA9_9ASTR	79.955	444	87	1	113942	114385	3	444	0.0	738
AZV23903.1	tr|A0A1S2YLL6|A0A1S2YLL6_CICAR	79.913	458	92	0	114439	114896	68	525	0.0	738
AZV23903.1	tr|A0A5N6M5M3|A0A5N6M5M3_9ASTR	83.908	435	70	0	114456	114890	76	510	0.0	738
AZV23903.1	tr|A0A2P5X9W2|A0A2P5X9W2_GOSBA	83.521	443	73	0	114454	114896	79	521	0.0	738
AZV23903.1	tr|A0A6B9MN81|A0A6B9MN81_9LILI	84.234	444	70	0	114453	114896	79	522	0.0	738
AZV23903.1	tr|A0A6A4KJY0|A0A6A4KJY0_9ERIC	80.802	474	89	2	114424	114896	51	523	0.0	738
AZV23903.1	tr|Q9FVP6|Q9FVP6_ARATH	82.063	446	80	0	117512	117957	76	521	0.0	738
AZV23903.1	tr|D7LCH4|D7LCH4_ARALL	82.287	446	79	0	117512	117957	71	516	0.0	738
AZV23903.1	tr|A0A178WDZ9|A0A178WDZ9_ARATH	82.167	443	79	0	114454	114896	79	521	0.0	738
AZV23903.1	tr|Q6JDV0|Q6JDV0_BRACM	82.063	446	80	0	117512	117957	69	514	0.0	738
AZV23903.1	tr|A0A5D2UA94|A0A5D2UA94_GOSMU	83.521	443	73	0	114454	114896	79	521	0.0	738
AZV23903.1	tr|A0A1S4C0K4|A0A1S4C0K4_TOBAC	82.993	441	75	0	114456	114896	78	518	0.0	738
AZV23903.1	tr|A0A1U8P5S7|A0A1U8P5S7_GOSHI	83.521	443	73	0	114454	114896	79	521	0.0	737
AZV23903.1	tr|A0A6P6VVB1|A0A6P6VVB1_COFAR	80.388	464	68	1	114456	114896	75	538	0.0	736
AZV23903.1	tr|A0A2U1KK14|A0A2U1KK14_ARTAN	83.188	458	77	0	117500	117957	64	521	0.0	736
AZV23903.1	tr|Q8LC97|Q8LC97_ARATH	81.839	446	81	0	117512	117957	76	521	0.0	736
AZV23903.1	tr|A0A087H5C4|A0A087H5C4_ARAAL	82.287	446	79	0	117512	117957	70	515	0.0	736
AZV23903.1	tr|A0A1R3K0M4|A0A1R3K0M4_9ROSI	83.070	443	74	1	114454	114896	81	522	0.0	736
AZV23903.1	tr|A0A067K174|A0A067K174_JATCU	80.087	462	91	1	114435	114896	59	519	0.0	736
AZV23903.1	tr|A0A6N2LI84|A0A6N2LI84_SALVM	82.500	440	76	1	114456	114895	79	517	0.0	736
AZV23903.1	tr|M1CGC9|M1CGC9_SOLTU	83.220	441	74	0	114456	114896	79	519	0.0	736
AZV23903.1	tr|A0A5S9WKB0|A0A5S9WKB0_ARATH	82.063	446	80	0	117512	117957	76	521	0.0	735
AZV23903.1	tr|A0A2C9VT94|A0A2C9VT94_MANES	80.087	462	91	1	114435	114896	62	522	0.0	735
AZV23903.1	tr|A0A5N5NPD9|A0A5N5NPD9_9ROSI	82.500	440	76	1	114456	114895	79	517	0.0	734
AZV23903.1	tr|A0A5D2K8E4|A0A5D2K8E4_GOSTO	83.296	443	74	0	114454	114896	10	452	0.0	734
AZV23903.1	tr|B9GPE8|B9GPE8_POPTR	79.694	458	92	1	114439	114896	62	518	0.0	734
AZV23903.1	tr|A0A3Q7EKI7|A0A3Q7EKI7_SOLLC	82.993	441	75	0	114456	114896	80	520	0.0	734
AZV23903.1	tr|A0A1R3I7K5|A0A1R3I7K5_COCAP	82.619	443	76	1	114454	114896	81	522	0.0	734
AZV23903.1	tr|N1QQC8|N1QQC8_AEGTA	93.095	391	27	0	52691	53081	1	391	0.0	733
AZV23903.1	tr|A0A5D2BWR2|A0A5D2BWR2_GOSDA	83.296	443	74	0	114454	114896	79	521	0.0	733
AZV23903.1	tr|A0A5J5QTD1|A0A5J5QTD1_GOSBA	83.296	443	74	0	114454	114896	79	521	0.0	733
AZV23903.1	tr|A0A446WZV5|A0A446WZV5_TRITD	93.095	391	27	0	52691	53081	1	391	0.0	733
AZV23903.1	tr|A0A1D1Z1F2|A0A1D1Z1F2_9ARAE	82.511	446	77	1	114451	114896	127	571	0.0	733
AZV23903.1	tr|A0A4Y7L8J7|A0A4Y7L8J7_PAPSO	74.653	505	91	2	114427	114896	60	562	0.0	733
AZV23903.1	tr|A0A0A6Z9T0|A0A0A6Z9T0_HEVBR	82.658	444	76	1	114453	114896	81	523	0.0	733
AZV23903.1	tr|Q0PKR0|Q0PKR0_PHAVU	81.406	441	81	1	114456	114896	83	522	0.0	732
AZV23903.1	sp|P10748|AROA_SOLLC	82.766	441	76	0	114456	114896	80	520	0.0	732
AZV23903.1	tr|A0A1S4AEH4|A0A1S4AEH4_TOBAC	83.220	441	73	1	114456	114896	78	517	0.0	731
AZV23903.1	tr|A0A2C9WQP6|A0A2C9WQP6_MANES	80.303	462	89	2	114435	114896	62	521	0.0	731
AZV23903.1	tr|A0A6N2BGA3|A0A6N2BGA3_SOLCI	82.540	441	77	0	114456	114896	80	520	0.0	731
AZV23903.1	tr|A0A0V0IJ85|A0A0V0IJ85_SOLCH	82.805	442	75	1	114456	114896	80	521	0.0	729
AZV23903.1	tr|A0A4U5MYM8|A0A4U5MYM8_POPAL	81.859	441	79	1	114456	114896	28	467	0.0	729
AZV23903.1	tr|A0A3P6AFC9|A0A3P6AFC9_BRAOL	78.252	469	79	1	117512	117957	64	532	0.0	729
AZV23903.1	tr|A0A6N2MUH1|A0A6N2MUH1_SALVM	80.131	458	90	1	114439	114896	62	518	0.0	728
AZV23903.1	tr|G7JEN4|G7JEN4_MEDTR	78.834	463	95	1	114434	114896	63	522	0.0	728
AZV23903.1	tr|A0A5D2FWA0|A0A5D2FWA0_GOSDA	82.844	443	74	1	114454	114896	79	519	0.0	728
AZV23903.1	tr|A0A446WZT9|A0A446WZT9_TRITD	92.327	391	30	0	52691	53081	1	391	0.0	728
AZV23903.1	tr|A0A6B9EWY2|A0A6B9EWY2_IPOPU	84.828	435	66	0	114453	114887	41	475	0.0	727
AZV23903.1	tr|A0A6B9EQ80|A0A6B9EQ80_IPOPU	84.633	436	67	0	114453	114888	55	490	0.0	727
AZV23903.1	tr|A0A6B9ER56|A0A6B9ER56_IPOPU	84.633	436	67	0	114453	114888	55	490	0.0	727
AZV23903.1	tr|A0A6B9ESB5|A0A6B9ESB5_IPOPU	84.828	435	66	0	114453	114887	55	489	0.0	727
AZV23903.1	tr|A0A6B9ENH7|A0A6B9ENH7_IPOPU	84.633	436	67	0	114453	114888	55	490	0.0	726
AZV23903.1	tr|A0A6P6VX69|A0A6P6VX69_COFAR	79.654	462	73	1	114456	114896	75	536	0.0	726
AZV23903.1	tr|A0A6B9ENH8|A0A6B9ENH8_IPOPU	84.828	435	66	0	114453	114887	55	489	0.0	726
AZV23903.1	tr|A0A5N5K689|A0A5N5K689_9ROSI	79.913	458	91	1	114439	114896	62	518	0.0	725
AZV23903.1	tr|A0A0N7FDV4|A0A0N7FDV4_VITVI	84.199	443	70	0	113943	114385	13	455	0.0	725
AZV23903.1	tr|A0A6B9EWQ0|A0A6B9EWQ0_IPOPU	84.793	434	66	0	114453	114886	55	488	0.0	724
AZV23903.1	tr|A0A6A3C2Z7|A0A6A3C2Z7_HIBSY	80.710	451	74	1	114459	114896	52	502	0.0	724
AZV23903.1	tr|A0A6B9ENI7|A0A6B9ENI7_IPOPU	84.758	433	66	0	114453	114885	55	487	0.0	722
AZV23903.1	tr|F4I035|F4I035_ARATH	77.707	471	80	1	117512	117957	19	489	0.0	722
AZV23903.1	tr|A0A6B9F314|A0A6B9F314_IPOPU	84.722	432	66	0	114453	114884	72	503	0.0	721
AZV23903.1	tr|M7Z0L8|M7Z0L8_TRIUA	87.740	416	26	1	52691	53081	1	416	0.0	721
AZV23903.1	tr|I1J7U9|I1J7U9_SOYBN	79.913	458	92	0	114439	114896	68	525	0.0	721
AZV23903.1	tr|A0A446WZU5|A0A446WZU5_TRITD	87.740	416	26	1	52691	53081	1	416	0.0	721
AZV23903.1	tr|A0A0B2QZU7|A0A0B2QZU7_GLYSO	79.913	458	92	0	114439	114896	68	525	0.0	721
AZV23903.1	tr|A0A6B9ENN8|A0A6B9ENN8_IPOPU	84.722	432	66	0	114453	114884	60	491	0.0	719
AZV23903.1	tr|A0A6B9ERL8|A0A6B9ERL8_IPOPU	84.722	432	66	0	114453	114884	58	489	0.0	719
AZV23903.1	tr|A0A6B9ENL3|A0A6B9ENL3_IPOPU	84.722	432	66	0	114453	114884	55	486	0.0	719
AZV23903.1	tr|A0A6B9ERH8|A0A6B9ERH8_IPOPU	84.722	432	66	0	114453	114884	54	485	0.0	719
AZV23903.1	tr|A0A6B9ENN7|A0A6B9ENN7_IPOPU	84.722	432	66	0	114453	114884	57	488	0.0	719
AZV23903.1	tr|A0A328DPQ3|A0A328DPQ3_9ASTE	83.108	444	75	0	114453	114896	78	521	0.0	719
AZV23903.1	tr|A0A6B9ESI0|A0A6B9ESI0_IPOPU	84.722	432	66	0	114453	114884	59	490	0.0	719
AZV23903.1	tr|A0A6B9F2Z4|A0A6B9F2Z4_IPOPU	84.722	432	66	0	114453	114884	55	486	0.0	718
AZV23903.1	tr|A0A1S3V5Z0|A0A1S3V5Z0_VIGRR	77.801	473	102	1	114424	114896	56	525	0.0	717
AZV23903.1	tr|A0A4D6MN12|A0A4D6MN12_VIGUN	79.694	458	93	0	114439	114896	68	525	0.0	717
AZV23903.1	tr|A0A6B9ERJ0|A0A6B9ERJ0_IPOPU	84.687	431	66	0	114453	114883	57	487	0.0	717
AZV23903.1	tr|I1JKP7|I1JKP7_SOYBN	82.167	443	79	0	114454	114896	84	526	0.0	717
AZV23903.1	tr|A0A0S3SYD7|A0A0S3SYD7_PHAAN	79.694	458	93	0	114439	114896	68	525	0.0	717
AZV23903.1	tr|A0A6B9ER37|A0A6B9ER37_IPOPU	84.687	431	66	0	114453	114883	55	485	0.0	717
AZV23903.1	tr|A0A0B2RR79|A0A0B2RR79_GLYSO	81.941	443	80	0	114454	114896	84	526	0.0	716
AZV23903.1	tr|A0A6B9F2X6|A0A6B9F2X6_IPOPU	84.651	430	66	0	114453	114882	57	486	0.0	714
AZV23903.1	tr|A0A6B9ENM6|A0A6B9ENM6_IPOPU	84.651	430	66	0	114453	114882	54	483	0.0	714
AZV23903.1	tr|A0A6B9F2T3|A0A6B9F2T3_IPOPU	84.651	430	66	0	114453	114882	55	484	0.0	713
AZV23903.1	tr|I1H1V4|I1H1V4_BRADI	94.070	371	22	0	114455	114825	69	439	0.0	713
AZV23903.1	tr|A0A5A7PEX9|A0A5A7PEX9_STRAF	81.881	436	76	1	114435	114870	56	488	0.0	712
AZV23903.1	tr|A0A453QJX8|A0A453QJX8_AEGTS	87.560	418	45	2	117489	117899	37	454	0.0	711
AZV23903.1	tr|U5D9W1|U5D9W1_AMBTC	82.540	441	77	0	114455	114895	77	517	0.0	711
AZV23903.1	tr|A0A6A1W176|A0A6A1W176_9ROSI	66.904	562	85	5	114434	114896	59	618	0.0	710
AZV23903.1	tr|V7AMX2|V7AMX2_PHAVU	82.086	441	79	0	114456	114896	85	525	0.0	710
AZV23903.1	tr|A0A7G2DZ66|A0A7G2DZ66_ARATH	79.372	446	89	1	114454	114896	79	524	0.0	709
AZV23903.1	tr|A0A5P1FPS9|A0A5P1FPS9_ASPOF	86.486	407	55	0	114490	114896	66	472	0.0	707
AZV23903.1	tr|A0A2J6L5V5|A0A2J6L5V5_LACSA	80.313	447	80	2	114453	114896	32	473	0.0	705
AZV23903.1	tr|A0A103XEB4|A0A103XEB4_CYNCS	77.778	441	71	1	114456	114896	78	491	0.0	703
AZV23903.1	tr|A0A2U1MP62|A0A2U1MP62_ARTAN	86.445	391	53	0	52691	53081	1	391	0.0	701
AZV23903.1	tr|A0A443P9X4|A0A443P9X4_9MAGN	79.138	441	92	0	113944	114384	63	503	0.0	701
AZV23903.1	tr|A0A445L6I2|A0A445L6I2_GLYSO	77.070	471	80	1	114454	114896	84	554	0.0	700
AZV23903.1	tr|A0A0D6R807|A0A0D6R807_ARACU	77.143	455	103	1	114443	114896	73	527	0.0	699
AZV23903.1	tr|A0A540MX42|A0A540MX42_MALBA	85.819	409	58	0	114486	114894	12	420	0.0	698
AZV23903.1	tr|A0A2Z6M669|A0A2Z6M669_TRISU	76.026	463	100	1	114434	114896	63	514	0.0	696
AZV23903.1	tr|A0A067H4F9|A0A067H4F9_CITSI	83.495	412	68	0	114484	114895	62	473	0.0	694
AZV23903.1	tr|A0A6M3YRY5|A0A6M3YRY5_AMBAR	84.521	407	63	0	114490	114896	1	407	0.0	694
AZV23903.1	tr|A0A6B9F2V5|A0A6B9F2V5_IPOPU	84.524	420	65	0	114453	114872	14	433	0.0	692
AZV23903.1	tr|A0A0C9S9Q3|A0A0C9S9Q3_9SPER	78.104	443	96	1	114455	114896	85	527	0.0	691
AZV23903.1	tr|A0A6A6LLL2|A0A6A6LLL2_HEVBR	79.007	443	76	3	114454	114896	706	1131	0.0	684
AZV23903.1	tr|A0A2P2J2K4|A0A2P2J2K4_RHIMU	77.223	461	103	2	114436	114896	65	523	0.0	684
AZV23903.1	tr|A0A5A7RK44|A0A5A7RK44_STRAF	80.698	430	77	3	114456	114884	75	499	0.0	679
AZV23903.1	tr|A0A6B9ERG6|A0A6B9ERG6_IPOPU	84.504	413	64	0	114453	114865	55	467	0.0	679
AZV23903.1	tr|A0A6A6K2D4|A0A6A6K2D4_HEVBR	81.643	414	75	1	114483	114896	631	1043	0.0	678
AZV23903.1	tr|A0A218X6Q7|A0A218X6Q7_PUNGR	72.009	468	97	1	114429	114896	55	488	0.0	677
AZV23903.1	tr|A0A6B9EQF2|A0A6B9EQF2_IPOPU	84.314	408	64	0	114453	114860	55	462	0.0	671
AZV23903.1	tr|A0A453QKA8|A0A453QKA8_AEGTS	87.121	396	44	2	117489	117877	24	419	0.0	670
AZV23903.1	tr|A0A103XUI5|A0A103XUI5_CYNCS	74.292	459	85	2	114438	114896	62	487	0.0	670
AZV23903.1	tr|A0A6B9EQC6|A0A6B9EQC6_IPOPU	84.275	407	64	0	114453	114859	56	462	0.0	670
AZV23903.1	tr|D8TBU1|D8TBU1_SELML	74.260	439	113	0	114455	114893	12	450	0.0	667
AZV23903.1	tr|A0A4D9BLW8|A0A4D9BLW8_SALSN	77.056	462	89	3	114435	114896	52	496	0.0	666
AZV23903.1	tr|D8RM43|D8RM43_SELML	74.032	439	114	0	114455	114893	12	450	0.0	666
AZV23903.1	tr|A0A2G5E2Q8|A0A2G5E2Q8_AQUCA	85.128	390	58	0	52691	53080	1	390	0.0	663
AZV23903.1	tr|A0A6B9ER69|A0A6B9ER69_IPOPU	83.960	399	64	0	114453	114851	59	457	0.0	650
AZV23903.1	tr|Q9AT37|Q9AT37_LOLRI	94.220	346	20	0	52700	53045	2	347	0.0	650
AZV23903.1	tr|F6I398|F6I398_VITVI	76.854	445	89	2	113930	114373	66	497	0.0	649
AZV23903.1	tr|A0A0N7KLH2|A0A0N7KLH2_ORYSJ	96.584	322	11	0	52760	53081	1	322	0.0	647
AZV23903.1	tr|A0A022QVU2|A0A022QVU2_ERYGU	80.612	392	75	1	114435	114825	57	448	0.0	647
AZV23903.1	tr|A0A446RIE4|A0A446RIE4_TRITD	92.962	341	24	0	52741	53081	1	341	0.0	640
AZV23903.1	tr|Q6E6M1|Q6E6M1_ERIAN	84.167	360	57	0	52680	53039	1	360	0.0	631
AZV23903.1	tr|A9SYF9|A9SYF9_PHYPA	72.222	450	121	2	117512	117957	24	473	0.0	630
AZV23903.1	tr|A0A2K1IIY4|A0A2K1IIY4_PHYPA	72.222	450	121	2	117512	117957	87	536	0.0	630
AZV23903.1	tr|A0A176WSA0|A0A176WSA0_MARPO	73.121	439	116	2	114455	114893	88	524	0.0	630
AZV23903.1	tr|A0A2R6X5Y9|A0A2R6X5Y9_MARPO	73.121	439	116	2	114455	114893	88	524	0.0	630
AZV23903.1	tr|A0A453QJG0|A0A453QJG0_AEGTS	93.691	317	20	0	52765	53081	1	317	0.0	620
AZV23903.1	tr|A0A2K1IVJ1|A0A2K1IVJ1_PHYPA	71.523	453	118	3	114455	114896	48	500	0.0	620
AZV23903.1	tr|Q6E6M4|Q6E6M4_AMATU	83.473	357	59	0	52682	53038	1	357	0.0	617
AZV23903.1	tr|A0A6A6LTA2|A0A6A6LTA2_HEVBR	73.423	444	86	3	114453	114896	701	1112	0.0	614
AZV23903.1	tr|A0A0D2T491|A0A0D2T491_GOSRA	80.155	388	77	0	114438	114825	63	450	0.0	613
AZV23903.1	tr|Q6E6M2|Q6E6M2_ERIAN	86.592	358	48	0	52682	53039	1	358	0.0	611
AZV23903.1	tr|A0A2N9ISJ6|A0A2N9ISJ6_FAGSY	70.975	441	100	4	114456	114896	80	492	0.0	607
AZV23903.1	tr|A0A2K1XRJ2|A0A2K1XRJ2_POPTR	78.772	391	82	1	52691	53081	1	390	0.0	606
AZV23903.1	tr|A0A5B7BT38|A0A5B7BT38_DAVIN	87.097	341	44	0	52741	53081	1	341	0.0	598
AZV23903.1	tr|D0VMR9|D0VMR9_GINBI	83.143	350	59	0	52732	53081	1	350	0.0	597
AZV23903.1	tr|A0A6U9R4W2|A0A6U9R4W2_9CHLO	69.074	443	126	5	117512	117954	29	460	0.0	597
AZV23903.1	tr|W0FAR5|W0FAR5_MUSAC	89.157	332	36	0	52750	53081	1	332	0.0	594
AZV23903.1	tr|A0A1Y1IKX4|A0A1Y1IKX4_KLENI	65.859	454	149	1	114448	114895	96	549	0.0	593
AZV23903.1	tr|A0A023NMA5|A0A023NMA5_BASSC	81.897	348	63	0	114456	114803	62	409	0.0	588
AZV23903.1	tr|A0A6T5Y2N5|A0A6T5Y2N5_9CHLO	67.038	449	128	5	114453	114894	58	493	0.0	587
AZV23903.1	tr|A0A2G9GJ58|A0A2G9GJ58_9LAMI	80.874	366	70	0	114438	114803	61	426	0.0	586
AZV23903.1	tr|A0A6U0EB75|A0A6U0EB75_9CHLO	67.038	449	128	5	114453	114894	10	445	0.0	586
AZV23903.1	tr|A0A067H1D8|A0A067H1D8_CITSI	78.042	378	83	0	114426	114803	49	426	0.0	585
AZV23903.1	tr|A0A6U0BZ85|A0A6U0BZ85_9CHLO	67.038	449	128	5	114453	114894	64	499	0.0	585
AZV23903.1	tr|A0A445M2V9|A0A445M2V9_GLYSO	78.553	387	83	0	114439	114825	68	454	0.0	583
AZV23903.1	tr|A0A0V0HWU1|A0A0V0HWU1_SOLCH	85.337	341	50	0	52741	53081	1	341	0.0	582
AZV23903.1	tr|A0A454Y093|A0A454Y093_OSTTA	66.444	450	131	5	114453	114895	38	474	0.0	581
AZV23903.1	tr|A0A096PBR2|A0A096PBR2_OSTTA	66.444	450	131	5	114453	114895	38	474	0.0	581
AZV23903.1	tr|K8FBR9|K8FBR9_9CHLO	65.991	444	140	5	114455	114896	61	495	0.0	579
AZV23903.1	tr|A0A0D2U155|A0A0D2U155_GOSRA	80.055	366	73	0	114438	114803	63	428	0.0	578
AZV23903.1	tr|A0A388L719|A0A388L719_CHABU	71.076	446	118	2	114456	114890	175	620	0.0	578
AZV23903.1	tr|A0A6U0FVR0|A0A6U0FVR0_MICPS	66.287	439	132	6	114455	114890	87	512	0.0	577
AZV23903.1	tr|A0A061DU57|A0A061DU57_THECC	82.720	353	61	0	114453	114805	78	430	0.0	576
AZV23903.1	tr|A0A6U0BMC2|A0A6U0BMC2_9CHLO	66.000	450	133	5	114453	114895	40	476	0.0	576
AZV23903.1	tr|A0A6U2C220|A0A6U2C220_MICPS	66.136	440	133	7	114455	114891	45	471	0.0	575
AZV23903.1	tr|A0A6T7VDJ8|A0A6T7VDJ8_9CHLO	66.368	446	130	7	114455	114896	83	512	0.0	575
AZV23903.1	tr|A4SB81|A4SB81_OSTLU	66.071	448	132	5	114455	114895	2	436	0.0	574
AZV23903.1	sp|P23281|AROA2_TOBAC	85.503	338	49	0	52744	53081	1	338	0.0	573
AZV23903.1	tr|A0A4U5QUA8|A0A4U5QUA8_POPAL	72.365	427	85	4	114468	114894	35	428	0.0	572
AZV23903.1	tr|A0A6U0E7Y6|A0A6U0E7Y6_MICPS	64.588	449	139	6	117516	117961	53	484	0.0	572
AZV23903.1	tr|A0A6U0R1V3|A0A6U0R1V3_MICPS	65.227	440	137	7	114455	114891	45	471	0.0	569
AZV23903.1	tr|A0A6U0KNC0|A0A6U0KNC0_9CHLO	65.011	443	142	5	114455	114897	53	482	0.0	569
AZV23903.1	tr|Q6YH15|Q6YH15_VITVI	86.103	331	45	1	52751	53081	1	330	0.0	568
AZV23903.1	tr|A0A2G5E2N7|A0A2G5E2N7_AQUCA	86.850	327	43	0	52754	53080	2	328	0.0	568
AZV23903.1	tr|A0A6V2W337|A0A6V2W337_9CHLO	67.111	450	125	8	114454	114896	47	480	1.47e-180	567
AZV23903.1	tr|I0YXJ4|I0YXJ4_COCSC	65.843	445	138	5	114455	114897	2	434	1.62e-180	565
AZV23903.1	tr|A0A6M2E9C7|A0A6M2E9C7_9ROSI	78.082	365	79	1	114439	114803	62	425	1.72e-180	565
AZV23903.1	tr|A0A383V5Z1|A0A383V5Z1_TETOB	66.742	445	135	7	114455	114896	13	447	2.33e-180	565
AZV23903.1	tr|Q6VVA4|Q6VVA4_ORYSJ	96.309	298	11	0	29488	29785	1	298	2.97e-180	560
AZV23903.1	tr|A0A6U0HB86|A0A6U0HB86_MICPS	65.227	440	137	5	114455	114891	43	469	9.68e-179	562
AZV23903.1	tr|C1MWX5|C1MWX5_MICPC	65.227	440	137	5	114455	114891	29	455	4.00e-178	560
AZV23903.1	tr|A0A6T8IVC1|A0A6T8IVC1_9CHLO	66.744	433	138	5	114455	114884	72	501	5.33e-178	562
AZV23903.1	tr|A0A438FU52|A0A438FU52_VITVI	64.032	506	110	5	113903	114373	22	490	5.65e-178	560
AZV23903.1	tr|A0A6U3G6Y3|A0A6U3G6Y3_9CHLO	62.939	456	153	5	114438	114890	27	469	2.00e-176	555
AZV23903.1	tr|A0A6T6U360|A0A6T6U360_9CHLO	65.315	444	139	7	114455	114894	45	477	5.56e-176	554
AZV23903.1	tr|A0A427BBW3|A0A427BBW3_ENSVE	64.503	493	68	7	114453	114896	74	508	5.68e-176	555
AZV23903.1	tr|A0A453QJ88|A0A453QJ88_AEGTS	85.714	336	41	2	117489	117817	34	369	5.73e-176	549
AZV23903.1	tr|A6MZG3|A6MZG3_ORYSI	97.070	273	8	0	29529	29801	1	273	5.94e-176	545
AZV23903.1	tr|A0A6T8RHE9|A0A6T8RHE9_9CHLO	66.295	448	135	9	114453	114896	67	502	9.94e-176	555
AZV23903.1	tr|A0A250WXJ6|A0A250WXJ6_9CHLO	64.045	445	147	7	114455	114896	37	471	1.16e-175	553
AZV23903.1	tr|A0A6S8J6M5|A0A6S8J6M5_DUNTE	64.126	446	148	6	114453	114896	79	514	2.11e-175	554
AZV23903.1	tr|A2T9R8|A2T9R8_DUNSA	64.126	446	148	6	114453	114896	79	514	2.11e-175	554
AZV23903.1	tr|A0A5J4YFN8|A0A5J4YFN8_9CHLO	63.111	450	150	6	117511	117956	68	505	5.57e-175	553
AZV23903.1	tr|A0A6U0EK84|A0A6U0EK84_9CHLO	63.956	455	141	7	117516	117960	49	490	1.21e-174	551
AZV23903.1	tr|A0A6U1IPV7|A0A6U1IPV7_9CHLO	65.333	450	135	9	135553	135997	79	512	1.43e-174	551
AZV23903.1	tr|A0A150H430|A0A150H430_GONPE	65.342	453	134	9	114455	114895	69	510	1.49e-173	549
AZV23903.1	tr|A0A6P6FU04|A0A6P6FU04_ZIZJJ	85.625	320	46	0	29488	29807	1	320	3.14e-173	539
AZV23903.1	tr|A0A5B8MP74|A0A5B8MP74_9CHLO	64.108	443	145	7	114453	114891	74	506	6.75e-173	547
AZV23903.1	tr|D8TKT2|D8TKT2_VOLCA	64.537	454	138	8	114455	114896	67	509	1.05e-172	546
AZV23903.1	tr|A8JH48|A8JH48_CHLRE	64.317	454	139	9	114455	114896	70	512	1.22e-172	546
AZV23903.1	tr|A0A6T8UBB9|A0A6T8UBB9_9CHLO	65.217	437	137	7	114455	114888	82	506	1.60e-172	546
AZV23903.1	tr|A0A6U2JF88|A0A6U2JF88_9CHLO	64.365	449	147	7	117512	117957	31	469	7.95e-172	542
AZV23903.1	tr|A0A1S4C7G2|A0A1S4C7G2_TOBAC	82.622	328	57	0	114456	114783	72	399	2.93e-171	537
