AZV23903.1	tr|A0A1R3JZA1|A0A1R3JZA1_COCAP	53.623	138	64	0	115459	115596	490	627	1.42e-40	164
AZV23903.1	tr|A0A6P5Y2X1|A0A6P5Y2X1_DURZI	55.072	138	62	0	115459	115596	542	679	1.46e-40	164
AZV23903.1	tr|A0A1R3I5L9|A0A1R3I5L9_9ROSI	53.623	138	64	0	115459	115596	490	627	1.66e-40	164
AZV23903.1	tr|A0A061FB72|A0A061FB72_THECC	54.348	138	63	0	115459	115596	538	675	2.26e-40	164
AZV23903.1	tr|A0A6J1BMG1|A0A6J1BMG1_9ROSI	53.623	138	64	0	115459	115596	524	661	1.47e-39	161
AZV23903.1	tr|A0A6J1BJJ9|A0A6J1BJJ9_9ROSI	53.623	138	64	0	115459	115596	557	694	1.51e-39	161
AZV23903.1	tr|A0A6J1BJ26|A0A6J1BJ26_9ROSI	53.623	138	64	0	115459	115596	538	675	1.71e-39	161
AZV23903.1	tr|A0A1U8L0G2|A0A1U8L0G2_GOSHI	50.000	138	69	0	115459	115596	406	543	7.06e-37	151
AZV23903.1	tr|A0A1U8KGL4|A0A1U8KGL4_GOSHI	50.000	138	69	0	115459	115596	494	631	8.74e-37	152
AZV23903.1	tr|A0A0F6P1F4|A0A0F6P1F4_GOSHI	50.000	138	69	0	115459	115596	532	669	1.30e-36	152
AZV23903.1	tr|A0A5D2M7V5|A0A5D2M7V5_GOSTO	50.000	138	69	0	115459	115596	532	669	1.40e-36	152
AZV23903.1	tr|A0A5J5SM30|A0A5J5SM30_GOSBA	50.000	138	69	0	115459	115596	532	669	1.46e-36	152
AZV23903.1	tr|A0A5D2DNV7|A0A5D2DNV7_GOSDA	50.000	138	69	0	115459	115596	532	669	1.46e-36	152
AZV23903.1	tr|A0A5J5SP36|A0A5J5SP36_GOSBA	50.000	138	69	0	115459	115596	531	668	1.46e-36	152
AZV23903.1	tr|A0A5D2W609|A0A5D2W609_GOSMU	50.000	138	69	0	115459	115596	532	669	1.50e-36	152
AZV23903.1	tr|A0A0D2NL89|A0A0D2NL89_GOSRA	50.000	138	69	0	115459	115596	532	669	1.54e-36	152
AZV23903.1	tr|A0A6P4P8H3|A0A6P4P8H3_GOSAR	50.000	138	69	0	115459	115596	406	543	1.67e-36	150
AZV23903.1	tr|A0A5D2RT53|A0A5D2RT53_GOSTO	50.725	138	68	0	115459	115596	532	669	2.02e-36	151
AZV23903.1	tr|A0A1U8KZL8|A0A1U8KZL8_GOSHI	50.000	138	69	0	115459	115596	531	668	2.11e-36	151
AZV23903.1	tr|A0A1U8KVQ8|A0A1U8KVQ8_GOSHI	50.000	138	69	0	115459	115596	532	669	2.14e-36	151
AZV23903.1	tr|A0A5D3AFA5|A0A5D3AFA5_GOSMU	50.725	138	68	0	115459	115596	532	669	2.28e-36	151
AZV23903.1	tr|A0A0B0NPR1|A0A0B0NPR1_GOSAR	50.000	138	69	0	115459	115596	487	624	4.60e-36	150
AZV23903.1	tr|A0A5D2HL30|A0A5D2HL30_GOSDA	50.000	138	69	0	115459	115596	532	669	5.06e-36	150
AZV23903.1	tr|A0A5J5WY97|A0A5J5WY97_GOSBA	50.000	138	69	0	115459	115596	532	669	5.06e-36	150
AZV23903.1	tr|A0A2P5YL47|A0A2P5YL47_GOSBA	50.000	138	69	0	115459	115596	532	669	5.06e-36	150
AZV23903.1	tr|A0A6P4NJJ4|A0A6P4NJJ4_GOSAR	50.000	138	69	0	115459	115596	532	669	5.11e-36	150
AZV23903.1	tr|A0A5D2HLR1|A0A5D2HLR1_GOSDA	50.000	138	69	0	115459	115596	516	653	5.14e-36	150
AZV23903.1	tr|A0A6P4Q6U7|A0A6P4Q6U7_GOSAR	50.000	138	69	0	115459	115596	531	668	5.49e-36	150
AZV23903.1	tr|A0A6A2WWJ3|A0A6A2WWJ3_HIBSY	47.101	138	73	0	115459	115596	1070	1207	8.12e-35	148
AZV23903.1	tr|A0A5B6X5U0|A0A5B6X5U0_9ROSI	34.815	135	82	2	115459	115591	210	340	2.45e-14	79.3
AZV23903.1	tr|A0A5J5REZ3|A0A5J5REZ3_GOSBA	34.815	135	82	2	115459	115591	325	455	7.05e-14	78.6
AZV23903.1	tr|A0A0D2QHU6|A0A0D2QHU6_GOSRA	34.074	135	83	2	115459	115591	526	656	9.13e-14	78.6
AZV23903.1	tr|A0A5J5RE67|A0A5J5RE67_GOSBA	34.815	135	82	2	115459	115591	526	656	1.31e-13	78.2
AZV23903.1	tr|A0A5J5REK4|A0A5J5REK4_GOSBA	34.815	135	82	2	115459	115591	527	657	1.32e-13	78.2
AZV23903.1	tr|A0A5D2CGW5|A0A5D2CGW5_GOSDA	34.074	135	83	2	115459	115591	325	455	1.53e-13	77.4
AZV23903.1	tr|A0A2P5X3M1|A0A2P5X3M1_GOSBA	33.333	135	84	2	115459	115591	483	613	1.54e-13	77.8
AZV23903.1	tr|A0A6P4MDV3|A0A6P4MDV3_GOSAR	33.333	135	84	2	115459	115591	524	654	1.90e-13	77.4
AZV23903.1	tr|A0A5D2QH00|A0A5D2QH00_GOSTO	33.333	135	84	2	115459	115591	524	654	2.04e-13	77.4
AZV23903.1	tr|A0A1U8K7B2|A0A1U8K7B2_GOSHI	33.333	135	84	2	115459	115591	524	654	2.06e-13	77.4
AZV23903.1	tr|A0A2I4U4A7|A0A2I4U4A7_GOSHI	33.333	135	84	2	115459	115591	526	656	2.06e-13	77.4
AZV23903.1	tr|A0A5D2GIF6|A0A5D2GIF6_GOSDA	33.333	135	84	2	115459	115591	524	654	2.09e-13	77.4
AZV23903.1	tr|A0A5D2Z9I0|A0A5D2Z9I0_GOSMU	33.333	135	84	2	115459	115591	524	654	2.63e-13	77.0
AZV23903.1	tr|A0A5D2UWD7|A0A5D2UWD7_GOSMU	34.074	135	83	2	115459	115591	526	656	2.66e-13	77.0
AZV23903.1	tr|A0A5D2KWI5|A0A5D2KWI5_GOSTO	34.074	135	83	2	115459	115591	526	656	2.77e-13	77.0
AZV23903.1	tr|A0A5J5VSL3|A0A5J5VSL3_GOSBA	34.109	129	79	2	115459	115585	524	648	5.59e-13	75.9
AZV23903.1	tr|A0A1R3GCS7|A0A1R3GCS7_COCAP	25.510	196	128	5	115439	115629	335	517	8.10e-13	75.1
AZV23903.1	tr|A0A061GEP1|A0A061GEP1_THECC	30.216	139	83	2	115459	115592	532	661	5.09e-12	72.8
AZV23903.1	tr|A0A6P5WKF2|A0A6P5WKF2_DURZI	29.496	139	84	2	115459	115592	527	656	1.58e-11	71.2
AZV23903.1	tr|A0A5J5RLT5|A0A5J5RLT5_GOSBA	30.935	139	88	4	115450	115586	341	473	2.89e-11	70.1
AZV23903.1	tr|A0A5D2CS06|A0A5D2CS06_GOSDA	30.935	139	88	4	115450	115586	343	475	2.95e-11	70.1
AZV23903.1	tr|A0A5D2V5W8|A0A5D2V5W8_GOSMU	30.935	139	88	4	115450	115586	169	301	3.03e-11	69.3
AZV23903.1	tr|A0A5J5RUN6|A0A5J5RUN6_GOSBA	30.935	139	88	4	115450	115586	343	475	3.05e-11	70.1
AZV23903.1	tr|A0A1R3L002|A0A1R3L002_9ROSI	31.884	138	89	4	115450	115586	286	419	3.56e-11	69.7
AZV23903.1	tr|A0A5D2V5J1|A0A5D2V5J1_GOSMU	32.031	128	83	3	115450	115577	344	467	3.79e-11	69.7
AZV23903.1	tr|A0A1N7T9S4|A0A1N7T9S4_GOSHI	32.031	128	83	3	115450	115577	344	467	3.95e-11	69.7
AZV23903.1	tr|A0A1U8J614|A0A1U8J614_GOSHI	30.935	139	88	4	115450	115586	248	380	3.96e-11	69.3
AZV23903.1	tr|A0A5D2V5S4|A0A5D2V5S4_GOSMU	32.031	128	83	3	115450	115577	344	467	3.98e-11	69.7
AZV23903.1	tr|A0A1U8JC35|A0A1U8JC35_GOSHI	32.031	128	83	3	115450	115577	344	467	3.98e-11	69.7
AZV23903.1	tr|A0A5D2CT76|A0A5D2CT76_GOSDA	32.031	128	83	3	115450	115577	344	467	3.99e-11	69.7
AZV23903.1	tr|A0A6A3ATB9|A0A6A3ATB9_HIBSY	31.111	135	87	2	115459	115591	275	405	4.10e-11	69.3
AZV23903.1	tr|A0A5J5NBK6|A0A5J5NBK6_GOSBA	32.031	128	83	3	115450	115577	344	467	4.17e-11	69.3
AZV23903.1	tr|A0A0D2SEE1|A0A0D2SEE1_GOSRA	32.031	128	83	3	115450	115577	346	469	4.36e-11	69.3
AZV23903.1	tr|A0A5D2J0B6|A0A5D2J0B6_GOSTO	35.833	120	68	5	115450	115564	242	357	4.86e-11	68.9
AZV23903.1	tr|A0A5D2V621|A0A5D2V621_GOSMU	32.031	128	83	3	115450	115577	301	424	6.20e-11	68.9
AZV23903.1	tr|A0A5B6V3C9|A0A5B6V3C9_9ROSI	27.273	143	100	3	115453	115594	355	494	6.34e-11	68.9
AZV23903.1	tr|A0A5B6U770|A0A5B6U770_9ROSI	29.054	148	101	3	115439	115586	333	476	7.18e-11	68.9
AZV23903.1	tr|A0A061DQZ8|A0A061DQZ8_THECC	29.197	137	93	3	115439	115575	364	496	7.70e-11	68.9
AZV23903.1	tr|A0A5D2T408|A0A5D2T408_GOSMU	35.833	120	68	5	115450	115564	242	357	8.61e-11	68.2
AZV23903.1	tr|A0A061DIG8|A0A061DIG8_THECC	29.197	137	93	3	115439	115575	326	458	8.64e-11	68.6
AZV23903.1	tr|A0A5D2AV88|A0A5D2AV88_GOSDA	35.833	120	68	5	115450	115564	242	357	8.66e-11	68.2
AZV23903.1	tr|A0A5J5PN21|A0A5J5PN21_GOSBA	35.833	120	68	5	115450	115564	242	357	8.66e-11	68.2
AZV23903.1	tr|A0A6A2ZYQ3|A0A6A2ZYQ3_HIBSY	33.871	124	75	3	115441	115564	310	426	9.78e-11	68.2
AZV23903.1	tr|A0A061GGQ0|A0A061GGQ0_THECC	29.851	134	90	1	115459	115592	533	662	9.84e-11	68.6
AZV23903.1	tr|A0A0B0P3D8|A0A0B0P3D8_GOSAR	28.378	148	102	3	115439	115586	333	476	1.00e-10	68.2
AZV23903.1	tr|A0A6P4PWF1|A0A6P4PWF1_GOSAR	28.378	148	102	3	115439	115586	333	476	1.08e-10	68.2
AZV23903.1	tr|A0A0A7DNH6|A0A0A7DNH6_GOSHI	28.378	148	102	3	115439	115586	333	476	1.09e-10	68.2
AZV23903.1	tr|A0A5B6U5A2|A0A5B6U5A2_9ROSI	30.216	139	89	4	115450	115586	344	476	1.10e-10	68.2
AZV23903.1	tr|A0A5D2QVM8|A0A5D2QVM8_GOSTO	28.378	148	102	3	115439	115586	333	476	1.10e-10	68.2
AZV23903.1	tr|A0A0D2RFK1|A0A0D2RFK1_GOSRA	35.000	120	69	5	115450	115564	242	357	1.12e-10	67.8
AZV23903.1	tr|A0A6A3AVR3|A0A6A3AVR3_HIBSY	30.370	135	88	2	115459	115591	527	657	1.35e-10	68.2
AZV23903.1	tr|A0A6A3C2E1|A0A6A3C2E1_HIBSY	37.391	115	67	4	115450	115564	333	442	1.48e-10	67.4
AZV23903.1	tr|A0A061G6I3|A0A061G6I3_THECC	26.590	173	115	5	115440	115604	319	487	1.71e-10	67.4
AZV23903.1	tr|A0A1R3GCY9|A0A1R3GCY9_COCAP	28.313	166	114	4	115432	115596	676	837	1.82e-10	67.8
AZV23903.1	tr|A0A6J1B685|A0A6J1B685_9ROSI	30.216	139	83	2	115459	115592	507	636	2.08e-10	67.8
AZV23903.1	tr|A0A5D2V5M6|A0A5D2V5M6_GOSMU	31.250	128	84	3	115450	115577	344	467	2.29e-10	67.0
AZV23903.1	tr|A0A6J1B6G5|A0A6J1B6G5_9ROSI	30.216	139	83	2	115459	115592	532	661	2.42e-10	67.4
AZV23903.1	tr|A0A6J1AS35|A0A6J1AS35_9ROSI	27.517	149	105	2	115440	115588	297	442	2.45e-10	67.0
AZV23903.1	tr|A0A1R3I1N0|A0A1R3I1N0_COCAP	32.593	135	86	2	115459	115592	1484	1614	3.43e-10	67.4
AZV23903.1	tr|A0A5D2CTG9|A0A5D2CTG9_GOSDA	27.338	139	97	3	115439	115577	304	438	3.52e-10	66.2
AZV23903.1	tr|A0A5J5PYN2|A0A5J5PYN2_GOSBA	26.619	139	98	3	115439	115577	333	467	3.58e-10	66.6
AZV23903.1	tr|A0A5D2TF46|A0A5D2TF46_GOSMU	26.619	139	98	3	115439	115577	333	467	3.70e-10	66.6
AZV23903.1	tr|A0A1U8I3E6|A0A1U8I3E6_GOSHI	26.619	139	98	3	115439	115577	333	467	3.80e-10	66.6
AZV23903.1	tr|A0A0D2NLB7|A0A0D2NLB7_GOSRA	26.619	139	98	3	115439	115577	333	467	3.83e-10	66.6
AZV23903.1	tr|A0A1R3H441|A0A1R3H441_9ROSI	27.612	134	93	1	115459	115592	502	631	4.64e-10	66.6
AZV23903.1	tr|A0A5D2B8Z9|A0A5D2B8Z9_GOSDA	26.619	139	98	3	115439	115577	370	504	4.82e-10	66.2
AZV23903.1	tr|A0A6P5X9V3|A0A6P5X9V3_DURZI	29.104	134	91	1	115459	115592	528	657	6.99e-10	65.9
AZV23903.1	tr|A0A6J0ZIX7|A0A6J0ZIX7_9ROSI	30.303	132	88	3	115439	115570	326	453	7.75e-10	65.5
AZV23903.1	tr|A0A5B6U6W5|A0A5B6U6W5_9ROSI	28.906	128	87	3	115450	115577	344	467	9.21e-10	65.1
AZV23903.1	tr|A0A6P5YKR6|A0A6P5YKR6_DURZI	30.303	132	88	3	115439	115570	330	457	1.12e-09	65.1
AZV23903.1	tr|A0A2P5YP66|A0A2P5YP66_GOSBA	29.508	122	82	3	115450	115571	334	451	1.46e-09	64.3
AZV23903.1	tr|A0A5D2CQ00|A0A5D2CQ00_GOSDA	30.328	122	81	3	115450	115571	315	432	1.64e-09	64.3
AZV23903.1	tr|A0A5D2V6W6|A0A5D2V6W6_GOSMU	26.136	176	117	5	115432	115598	327	498	1.65e-09	64.3
AZV23903.1	tr|A0A5B6V3Q9|A0A5B6V3Q9_9ROSI	27.273	143	100	3	115453	115594	341	480	1.65e-09	64.3
AZV23903.1	tr|A0A0D2TYY9|A0A0D2TYY9_GOSRA	26.136	176	117	5	115432	115598	327	498	1.66e-09	64.3
AZV23903.1	tr|A0A0B0PA12|A0A0B0PA12_GOSAR	26.619	139	98	3	115439	115577	333	467	1.79e-09	64.3
AZV23903.1	tr|A0A061G5X5|A0A061G5X5_THECC	27.273	132	92	3	115440	115571	327	454	2.12e-09	63.9
AZV23903.1	tr|A0A1U8HV92|A0A1U8HV92_GOSHI	28.030	132	91	3	115439	115570	441	568	2.19e-09	64.3
AZV23903.1	tr|A0A5D2GY12|A0A5D2GY12_GOSDA	26.573	143	101	3	115453	115594	355	494	2.30e-09	63.9
AZV23903.1	tr|A0A5J5W5B2|A0A5J5W5B2_GOSBA	26.573	143	101	3	115453	115594	355	494	2.32e-09	63.9
AZV23903.1	tr|A0A6P4MVN1|A0A6P4MVN1_GOSAR	26.573	143	101	3	115453	115594	355	494	2.32e-09	63.9
AZV23903.1	tr|A0A5D2QY41|A0A5D2QY41_GOSTO	26.573	143	101	3	115453	115594	355	494	2.36e-09	63.9
AZV23903.1	tr|A0A5D2TG86|A0A5D2TG86_GOSMU	29.545	132	89	3	115439	115570	330	457	2.39e-09	63.9
AZV23903.1	tr|A0A0D2SQ70|A0A0D2SQ70_GOSRA	29.545	132	89	3	115439	115570	330	457	2.39e-09	63.9
AZV23903.1	tr|A0A5J5PZ80|A0A5J5PZ80_GOSBA	29.545	132	89	3	115439	115570	330	457	2.39e-09	63.9
AZV23903.1	tr|U5N0S4|U5N0S4_GOSHI	29.545	132	89	3	115439	115570	330	457	2.41e-09	63.9
AZV23903.1	tr|A0A1R3IM52|A0A1R3IM52_9ROSI	27.711	166	115	4	115432	115596	292	453	2.41e-09	63.9
AZV23903.1	tr|A0A1U8NJ93|A0A1U8NJ93_GOSHI	26.573	143	101	3	115453	115594	355	494	2.42e-09	63.9
AZV23903.1	tr|A0A5J5RN57|A0A5J5RN57_GOSBA	30.579	121	80	3	115450	115570	315	431	2.42e-09	63.5
AZV23903.1	tr|A0A5D2ZQP5|A0A5D2ZQP5_GOSMU	26.573	143	101	3	115453	115594	355	494	2.42e-09	63.9
AZV23903.1	tr|A0A1U8J7B0|A0A1U8J7B0_GOSHI	30.579	121	80	3	115450	115570	344	460	2.46e-09	63.9
AZV23903.1	tr|A0A5D2L691|A0A5D2L691_GOSTO	26.136	176	117	5	115432	115598	151	322	2.50e-09	63.2
AZV23903.1	tr|A0A5D2CU73|A0A5D2CU73_GOSDA	26.136	176	117	5	115432	115598	327	498	2.52e-09	63.9
AZV23903.1	tr|A0A5D2VEY7|A0A5D2VEY7_GOSMU	25.874	143	102	3	115453	115594	356	495	2.77e-09	63.5
AZV23903.1	tr|A0A5J5UAD2|A0A5J5UAD2_GOSBA	26.619	139	98	3	115439	115577	307	441	2.81e-09	63.5
AZV23903.1	tr|A0A5B6UGH9|A0A5B6UGH9_9ROSI	28.058	139	96	3	115439	115577	333	467	3.01e-09	63.5
AZV23903.1	tr|A0A0D2V4U8|A0A0D2V4U8_GOSRA	25.874	143	102	3	115453	115594	356	495	3.10e-09	63.5
AZV23903.1	tr|A0A6P5ZGZ2|A0A6P5ZGZ2_DURZI	30.534	131	87	3	115440	115570	291	417	3.28e-09	63.2
AZV23903.1	tr|A0A0D2SRJ3|A0A0D2SRJ3_GOSRA	28.058	139	96	3	115439	115577	333	467	3.31e-09	63.5
AZV23903.1	tr|A0A5J5RXK3|A0A5J5RXK3_GOSBA	25.874	143	102	3	115453	115594	356	495	3.35e-09	63.2
AZV23903.1	tr|A0A5D2V6U1|A0A5D2V6U1_GOSMU	26.163	172	114	5	115436	115598	330	497	3.40e-09	63.5
AZV23903.1	tr|A0A5D2D1D4|A0A5D2D1D4_GOSDA	25.874	143	102	3	115453	115594	356	495	3.40e-09	63.2
AZV23903.1	tr|A0A5D2THI1|A0A5D2THI1_GOSMU	28.058	139	96	3	115439	115577	333	467	3.70e-09	63.2
AZV23903.1	tr|A0A5D2B8E2|A0A5D2B8E2_GOSDA	28.058	139	96	3	115439	115577	333	467	3.70e-09	63.2
AZV23903.1	tr|A0A6A3D0F6|A0A6A3D0F6_HIBSY	29.630	162	110	3	115450	115610	302	460	3.80e-09	62.8
AZV23903.1	tr|A0A5D2F7J8|A0A5D2F7J8_GOSDA	26.619	139	98	3	115439	115577	307	441	3.88e-09	63.2
AZV23903.1	tr|A0A5D2B5C8|A0A5D2B5C8_GOSDA	28.058	139	96	3	115439	115577	324	458	4.05e-09	63.2
AZV23903.1	tr|A0A6P4LS10|A0A6P4LS10_GOSAR	31.967	122	76	3	115453	115572	330	446	4.44e-09	62.8
AZV23903.1	tr|A0A6A2Z6X5|A0A6A2Z6X5_HIBSY	25.170	147	98	4	115453	115594	347	486	4.93e-09	62.8
AZV23903.1	tr|A0A5D2XSW6|A0A5D2XSW6_GOSMU	25.899	139	99	3	115439	115577	333	467	4.98e-09	62.8
AZV23903.1	tr|A0A6J1B5A6|A0A6J1B5A6_9ROSI	29.231	130	87	3	115453	115580	318	444	5.50e-09	62.8
AZV23903.1	tr|A0A5J5RN61|A0A5J5RN61_GOSBA	26.012	173	115	5	115435	115598	329	497	5.66e-09	62.8
AZV23903.1	tr|A0A5J5Q1D3|A0A5J5Q1D3_GOSBA	28.058	139	96	3	115439	115577	333	467	5.76e-09	62.8
AZV23903.1	tr|A0A5D2V6S3|A0A5D2V6S3_GOSMU	26.012	173	115	5	115435	115598	329	497	5.86e-09	62.8
AZV23903.1	tr|A0A6P4M5D2|A0A6P4M5D2_GOSAR	31.967	122	76	3	115453	115572	297	413	6.10e-09	62.4
AZV23903.1	tr|A0A5B6UG67|A0A5B6UG67_9ROSI	25.899	139	99	3	115439	115577	332	466	6.11e-09	62.4
AZV23903.1	tr|A0A6A2ZME0|A0A6A2ZME0_HIBSY	26.056	142	95	4	115453	115590	348	483	7.19e-09	62.4
AZV23903.1	tr|A0A5D2QGY5|A0A5D2QGY5_GOSTO	26.923	156	93	4	115430	115580	516	655	7.19e-09	62.8
AZV23903.1	tr|A0A2P5XNV9|A0A2P5XNV9_GOSBA	28.058	139	96	3	115439	115577	333	467	8.72e-09	62.0
AZV23903.1	tr|A0A1U8ISG1|A0A1U8ISG1_GOSHI	25.175	143	103	3	115453	115594	356	495	8.75e-09	62.0
AZV23903.1	tr|A0A0B0PFK4|A0A0B0PFK4_GOSAR	28.058	139	96	3	115439	115577	333	467	9.36e-09	62.0
AZV23903.1	tr|A0A1U8HQR9|A0A1U8HQR9_GOSHI	28.058	139	96	3	115439	115577	333	467	1.00e-08	62.0
AZV23903.1	tr|A0A6C0THX3|A0A6C0THX3_TAICR	32.609	92	57	1	115498	115589	372	458	1.00e-08	61.6
AZV23903.1	tr|A0A6P4ME08|A0A6P4ME08_GOSAR	28.058	139	96	3	115439	115577	324	458	1.02e-08	61.6
AZV23903.1	tr|A0A5D2F536|A0A5D2F536_GOSDA	28.058	139	96	3	115439	115577	237	371	1.02e-08	61.6
AZV23903.1	tr|A0A1U8HWT0|A0A1U8HWT0_GOSHI	28.058	139	96	3	115439	115577	324	458	1.08e-08	61.6
AZV23903.1	tr|A0A5D2F5E3|A0A5D2F5E3_GOSDA	28.058	139	96	3	115439	115577	228	362	1.20e-08	61.2
AZV23903.1	tr|A0A0D2RWL1|A0A0D2RWL1_GOSRA	28.099	121	83	3	115450	115570	340	456	1.21e-08	61.6
AZV23903.1	tr|A0A5D2TF64|A0A5D2TF64_GOSMU	30.000	120	80	3	115450	115569	340	455	1.23e-08	61.6
AZV23903.1	tr|A0A5J5Q0M2|A0A5J5Q0M2_GOSBA	30.000	120	80	3	115450	115569	340	455	1.32e-08	61.6
AZV23903.1	tr|A0A1N7T9S7|A0A1N7T9S7_GOSHI	30.000	120	80	3	115450	115569	340	455	1.33e-08	61.6
AZV23903.1	tr|A0A0B0P3E5|A0A0B0P3E5_GOSAR	28.926	121	82	3	115450	115570	340	456	1.37e-08	61.2
AZV23903.1	tr|A0A5B6WL97|A0A5B6WL97_9ROSI	27.338	139	97	3	115439	115577	326	460	1.37e-08	61.2
AZV23903.1	tr|A0A5D2JCM9|A0A5D2JCM9_GOSTO	30.000	120	80	3	115450	115569	340	455	1.40e-08	61.2
AZV23903.1	tr|A0A0D2NLB2|A0A0D2NLB2_GOSRA	30.000	120	80	3	115450	115569	340	455	1.48e-08	61.2
AZV23903.1	tr|A0A061FPW3|A0A061FPW3_THECC	31.933	119	77	3	115448	115565	300	415	1.74e-08	60.8
AZV23903.1	tr|A0A6J1B7I3|A0A6J1B7I3_9ROSI	29.286	140	84	3	115459	115592	533	663	1.75e-08	61.2
AZV23903.1	tr|A0A5D2ZL48|A0A5D2ZL48_GOSMU	22.807	171	113	5	115472	115627	289	455	1.81e-08	60.8
AZV23903.1	tr|A0A6P5XDF4|A0A6P5XDF4_DURZI	23.944	142	104	3	115450	115590	347	485	1.91e-08	60.8
AZV23903.1	tr|A0A6A2ZZT3|A0A6A2ZZT3_HIBSY	25.874	143	102	3	115453	115594	347	486	1.94e-08	60.8
AZV23903.1	tr|A0A6P5ZDR1|A0A6P5ZDR1_DURZI	29.771	131	88	3	115440	115570	291	417	2.01e-08	60.8
AZV23903.1	tr|A0A5D2CHE9|A0A5D2CHE9_GOSDA	26.282	156	94	4	115430	115580	309	448	2.03e-08	60.8
AZV23903.1	tr|A0A5B6WLK2|A0A5B6WLK2_9ROSI	27.338	139	97	3	115439	115577	311	445	2.10e-08	60.8
AZV23903.1	tr|A0A5D2TEE1|A0A5D2TEE1_GOSMU	28.099	121	83	3	115450	115570	340	456	2.28e-08	60.8
AZV23903.1	tr|A0A1U8I3D8|A0A1U8I3D8_GOSHI	28.099	121	83	3	115450	115570	340	456	2.28e-08	60.8
AZV23903.1	tr|A0A5J5PYH2|A0A5J5PYH2_GOSBA	28.099	121	83	3	115450	115570	340	456	2.38e-08	60.5
AZV23903.1	tr|A0A5D2LFZ2|A0A5D2LFZ2_GOSTO	25.175	143	103	3	115453	115594	355	494	2.58e-08	60.5
AZV23903.1	tr|A0A6P6BJU8|A0A6P6BJU8_DURZI	29.032	124	85	2	115459	115580	323	445	2.65e-08	60.5
AZV23903.1	tr|A0A5D2VF03|A0A5D2VF03_GOSMU	25.175	143	103	3	115453	115594	355	494	2.74e-08	60.5
AZV23903.1	tr|A0A5D2BA93|A0A5D2BA93_GOSDA	28.099	121	83	3	115450	115570	340	456	2.87e-08	60.5
AZV23903.1	tr|A0A0D2S2T8|A0A0D2S2T8_GOSRA	26.282	156	94	4	115430	115580	514	653	2.87e-08	60.5
AZV23903.1	tr|A0A5D2CJC6|A0A5D2CJC6_GOSDA	26.282	156	94	4	115430	115580	514	653	3.05e-08	60.5
AZV23903.1	tr|A0A5D2KW13|A0A5D2KW13_GOSTO	26.282	156	94	4	115430	115580	514	653	3.05e-08	60.5
AZV23903.1	tr|A0A5J5RJ25|A0A5J5RJ25_GOSBA	26.282	156	94	4	115430	115580	514	653	3.07e-08	60.5
AZV23903.1	tr|A0A061GFZ6|A0A061GFZ6_THECC	28.889	135	91	2	115459	115592	533	663	3.09e-08	60.5
AZV23903.1	tr|A0A0B0MY22|A0A0B0MY22_GOSAR	29.167	120	81	3	115450	115569	388	503	3.10e-08	60.1
AZV23903.1	tr|A0A5D2UWM5|A0A5D2UWM5_GOSMU	26.282	156	94	4	115430	115580	514	653	3.12e-08	60.5
AZV23903.1	tr|A0A5D2NZN8|A0A5D2NZN8_GOSTO	25.731	171	121	4	115439	115607	327	493	3.16e-08	60.1
AZV23903.1	tr|A0A2I4U6U0|A0A2I4U6U0_GOSHI	26.282	156	94	4	115430	115580	514	653	3.26e-08	60.5
AZV23903.1	tr|A0A1U8I0E4|A0A1U8I0E4_GOSHI	28.369	141	93	4	115439	115577	333	467	3.42e-08	60.1
AZV23903.1	tr|A0A5B6U921|A0A5B6U921_9ROSI	24.855	173	117	5	115435	115598	329	497	3.56e-08	60.1
AZV23903.1	tr|A0A6P5ZDS0|A0A6P5ZDS0_DURZI	29.771	131	88	3	115440	115570	290	416	3.61e-08	60.1
AZV23903.1	tr|A0A0D2U105|A0A0D2U105_GOSRA	29.204	113	78	2	115466	115578	305	415	3.68e-08	60.1
AZV23903.1	tr|A0A5D2XTA6|A0A5D2XTA6_GOSMU	29.167	120	81	3	115450	115569	340	455	3.72e-08	60.1
AZV23903.1	tr|A0A0A7DNP0|A0A0A7DNP0_GOSHI	29.167	120	81	3	115450	115569	340	455	3.72e-08	60.1
AZV23903.1	tr|A0A5D2NKQ2|A0A5D2NKQ2_GOSTO	30.833	120	80	2	115453	115572	330	446	4.27e-08	59.7
AZV23903.1	tr|A0A5D2XSU8|A0A5D2XSU8_GOSMU	29.167	120	81	3	115450	115569	340	455	4.30e-08	59.7
AZV23903.1	tr|A0A6P4N1W7|A0A6P4N1W7_GOSAR	29.167	120	81	3	115450	115569	340	455	4.49e-08	59.7
AZV23903.1	tr|A0A061F9A8|A0A061F9A8_THECC	31.429	105	70	1	115453	115557	291	393	4.97e-08	59.3
AZV23903.1	tr|A0A5D2XRU8|A0A5D2XRU8_GOSMU	28.030	132	91	3	115439	115570	330	457	5.00e-08	59.7
AZV23903.1	tr|A0A6P4M8H9|A0A6P4M8H9_GOSAR	28.030	132	91	3	115439	115570	330	457	5.00e-08	59.7
AZV23903.1	tr|A0A2P5X3K2|A0A2P5X3K2_GOSBA	26.282	156	94	4	115430	115580	516	655	5.14e-08	59.7
AZV23903.1	tr|A0A1U8KDY5|A0A1U8KDY5_GOSHI	26.282	156	94	4	115430	115580	516	655	5.14e-08	59.7
AZV23903.1	tr|A0A5D2GIF0|A0A5D2GIF0_GOSDA	26.282	156	94	4	115430	115580	516	655	5.28e-08	59.7
AZV23903.1	tr|A0A5D2Z786|A0A5D2Z786_GOSMU	26.282	156	94	4	115430	115580	510	649	5.40e-08	59.7
AZV23903.1	tr|A0A6P6B9I6|A0A6P6B9I6_DURZI	26.619	139	98	3	115439	115577	331	465	5.44e-08	59.3
AZV23903.1	tr|A0A1R3IM35|A0A1R3IM35_9ROSI	26.984	126	89	3	115472	115596	256	379	7.09e-08	58.9
AZV23903.1	tr|A0A0D2S2F9|A0A0D2S2F9_GOSRA	25.175	143	103	3	115453	115594	355	494	7.10e-08	58.9
AZV23903.1	tr|A0A5J5W3V9|A0A5J5W3V9_GOSBA	27.966	118	79	3	115472	115587	289	402	7.60e-08	58.5
AZV23903.1	tr|A0A5D2XG69|A0A5D2XG69_GOSMU	30.000	120	81	2	115453	115572	330	446	8.59e-08	58.9
AZV23903.1	tr|A0A1U8L8V1|A0A1U8L8V1_GOSHI	30.000	120	81	2	115453	115572	330	446	9.12e-08	58.5
AZV23903.1	tr|A0A5D2IZ93|A0A5D2IZ93_GOSTO	29.167	120	82	2	115453	115572	331	447	9.29e-08	58.5
AZV23903.1	tr|A0A5D2V438|A0A5D2V438_GOSMU	31.092	119	78	3	115448	115565	222	337	9.46e-08	58.5
AZV23903.1	tr|A0A5J5PLH7|A0A5J5PLH7_GOSBA	29.167	120	82	2	115453	115572	331	447	1.03e-07	58.5
AZV23903.1	tr|A0A1U8J5P4|A0A1U8J5P4_GOSHI	31.092	119	78	3	115448	115565	222	337	1.03e-07	58.2
AZV23903.1	tr|A0A5D2T4K3|A0A5D2T4K3_GOSMU	29.167	120	82	2	115453	115572	331	447	1.05e-07	58.5
AZV23903.1	tr|A0A1N7T9S5|A0A1N7T9S5_GOSHI	29.167	120	82	2	115453	115572	331	447	1.05e-07	58.5
AZV23903.1	tr|A0A0F6SCZ9|A0A0F6SCZ9_GOSBA	29.167	120	82	2	115453	115572	331	447	1.06e-07	58.5
AZV23903.1	tr|A0A0D2T0X4|A0A0D2T0X4_GOSRA	29.167	120	82	2	115453	115572	331	447	1.07e-07	58.5
AZV23903.1	tr|A0A5D2AVF5|A0A5D2AVF5_GOSDA	29.167	120	82	2	115453	115572	331	447	1.12e-07	58.5
AZV23903.1	tr|A0A5D2L3R0|A0A5D2L3R0_GOSTO	31.092	119	78	3	115448	115565	222	337	1.16e-07	58.2
AZV23903.1	tr|A0A2P5W608|A0A2P5W608_GOSBA	30.000	120	81	2	115453	115572	297	413	1.17e-07	58.2
AZV23903.1	tr|A0A6A2YJZ6|A0A6A2YJZ6_HIBSY	31.250	112	70	3	115450	115559	311	417	1.19e-07	58.2
AZV23903.1	tr|A0A5D2NZJ9|A0A5D2NZJ9_GOSTO	29.167	120	81	3	115450	115569	340	455	1.24e-07	58.2
AZV23903.1	tr|A0A5D2P0S7|A0A5D2P0S7_GOSTO	29.167	120	81	3	115450	115569	340	455	1.37e-07	57.8
AZV23903.1	tr|A0A5B6UDK6|A0A5B6UDK6_9ROSI	31.092	119	78	3	115448	115565	292	407	1.38e-07	58.2
AZV23903.1	tr|A0A5J5TWT5|A0A5J5TWT5_GOSBA	29.268	123	82	3	115453	115573	314	433	1.39e-07	58.2
AZV23903.1	tr|A0A061GH82|A0A061GH82_THECC	27.692	130	89	3	115453	115580	417	543	1.39e-07	58.2
AZV23903.1	tr|A0A1U8J637|A0A1U8J637_GOSHI	25.180	139	100	3	115439	115577	468	602	1.42e-07	58.2
AZV23903.1	tr|A0A5D2EVQ4|A0A5D2EVQ4_GOSDA	30.000	120	81	2	115453	115572	237	353	1.42e-07	57.8
AZV23903.1	tr|A0A5J5PKD1|A0A5J5PKD1_GOSBA	30.081	123	81	3	115453	115573	242	361	1.53e-07	57.8
AZV23903.1	tr|A0A2P5W639|A0A2P5W639_GOSBA	29.268	123	82	3	115453	115573	259	378	1.79e-07	57.8
AZV23903.1	tr|A0A2P5XPX0|A0A2P5XPX0_GOSBA	26.812	138	87	4	115450	115587	317	440	1.86e-07	57.8
AZV23903.1	tr|A0A1U8MTH3|A0A1U8MTH3_GOSHI	30.081	123	81	3	115453	115573	314	433	1.88e-07	57.8
AZV23903.1	tr|A0A6P4LPW9|A0A6P4LPW9_GOSAR	29.268	123	82	3	115453	115573	314	433	1.89e-07	57.8
AZV23903.1	tr|A0A5D2AX48|A0A5D2AX48_GOSDA	30.081	123	81	3	115453	115573	314	433	1.90e-07	57.8
AZV23903.1	tr|A0A5D2T1X9|A0A5D2T1X9_GOSMU	30.081	123	81	3	115453	115573	314	433	1.90e-07	57.8
AZV23903.1	tr|A0A1N7T9S3|A0A1N7T9S3_GOSHI	30.081	123	81	3	115453	115573	314	433	1.90e-07	57.8
AZV23903.1	tr|A0A5D2XGF9|A0A5D2XGF9_GOSMU	29.268	123	82	3	115453	115573	300	419	1.95e-07	57.4
AZV23903.1	tr|A0A0D2VH21|A0A0D2VH21_GOSRA	30.081	123	81	3	115453	115573	300	419	2.02e-07	57.4
AZV23903.1	tr|A0A6A2ZD11|A0A6A2ZD11_HIBSY	26.984	126	88	3	115440	115565	323	444	2.05e-07	57.4
AZV23903.1	tr|A0A0D2U103|A0A0D2U103_GOSRA	25.899	139	88	3	115439	115577	254	377	2.39e-07	57.0
AZV23903.1	tr|A0A5D2EVA4|A0A5D2EVA4_GOSDA	29.268	123	82	3	115453	115573	314	433	2.44e-07	57.4
AZV23903.1	tr|A0A5D2NJZ1|A0A5D2NJZ1_GOSTO	29.268	123	82	3	115453	115573	314	433	2.55e-07	57.4
AZV23903.1	tr|A0A1U8I924|A0A1U8I924_GOSHI	26.619	139	98	3	115439	115577	333	467	2.68e-07	57.4
AZV23903.1	tr|A0A0D2SCH8|A0A0D2SCH8_GOSRA	31.092	119	78	3	115448	115565	222	337	2.77e-07	57.0
AZV23903.1	tr|A0A1U8IAF4|A0A1U8IAF4_GOSHI	26.619	139	98	3	115439	115577	324	458	2.79e-07	57.0
AZV23903.1	tr|A0A2P5XU84|A0A2P5XU84_GOSBA	31.092	119	78	3	115448	115565	291	406	3.05e-07	57.0
AZV23903.1	tr|A0A5D2IZK8|A0A5D2IZK8_GOSTO	29.661	118	80	2	115458	115573	317	433	3.25e-07	57.0
AZV23903.1	tr|A0A1R3GCU4|A0A1R3GCU4_COCAP	28.099	121	83	3	115450	115570	346	462	3.48e-07	57.0
AZV23903.1	tr|A0A5D2GUR6|A0A5D2GUR6_GOSDA	26.351	148	105	3	115439	115586	237	380	3.49e-07	56.6
AZV23903.1	tr|A0A5J5VWB4|A0A5J5VWB4_GOSBA	31.092	119	78	3	115448	115565	222	337	3.52e-07	56.6
AZV23903.1	tr|A0A6P5WYQ1|A0A6P5WYQ1_DURZI	25.806	186	116	6	115453	115628	321	494	3.70e-07	56.6
AZV23903.1	tr|A0A1N7T9S6|A0A1N7T9S6_GOSHI	31.092	119	78	3	115448	115565	292	407	3.88e-07	56.6
AZV23903.1	tr|A0A5D2GLK0|A0A5D2GLK0_GOSDA	31.092	119	78	3	115448	115565	222	337	4.15e-07	56.2
AZV23903.1	tr|A0A5D2ZFM6|A0A5D2ZFM6_GOSMU	31.092	119	78	3	115448	115565	292	407	4.16e-07	56.6
AZV23903.1	tr|A0A2P5YMQ3|A0A2P5YMQ3_GOSBA	28.333	120	82	3	115450	115569	399	514	4.16e-07	56.6
AZV23903.1	tr|A0A6P5Z281|A0A6P5Z281_DURZI	29.134	127	86	3	115440	115565	291	414	4.49e-07	56.2
AZV23903.1	tr|A0A5D2LEJ8|A0A5D2LEJ8_GOSTO	28.448	116	79	3	115453	115568	367	478	4.73e-07	56.2
AZV23903.1	tr|A0A6A2Z4G3|A0A6A2Z4G3_HIBSY	25.600	125	90	2	115473	115594	266	390	4.98e-07	56.2
AZV23903.1	tr|A0A1U8J740|A0A1U8J740_GOSHI	31.092	119	78	3	115448	115565	292	407	5.06e-07	56.2
AZV23903.1	tr|A0A6J1B7L1|A0A6J1B7L1_9ROSI	28.235	170	90	6	115458	115610	448	602	5.68e-07	56.2
AZV23903.1	tr|A0A6P6ACE3|A0A6P6ACE3_DURZI	25.191	131	93	4	115448	115577	342	468	6.00e-07	56.2
AZV23903.1	tr|A0A5J5UDA8|A0A5J5UDA8_GOSBA	28.333	120	82	3	115450	115569	340	455	6.12e-07	55.8
AZV23903.1	tr|A0A6J1B9H2|A0A6J1B9H2_9ROSI	30.252	119	79	3	115448	115565	300	415	7.67e-07	55.5
AZV23903.1	tr|A0A1R3KL23|A0A1R3KL23_9ROSI	27.586	145	92	5	115448	115582	289	430	9.45e-07	55.1
AZV23903.1	tr|A0A0B0NBZ9|A0A0B0NBZ9_GOSAR	27.778	126	87	3	115453	115578	326	447	1.03e-06	55.1
AZV23903.1	tr|A0A6A3CM11|A0A6A3CM11_HIBSY	30.702	114	73	4	115453	115564	202	311	1.04e-06	55.1
AZV23903.1	tr|A0A5B6UF80|A0A5B6UF80_9ROSI	31.858	113	66	4	115450	115562	315	416	1.11e-06	55.1
AZV23903.1	tr|A0A6P6BJR6|A0A6P6BJR6_DURZI	26.667	135	94	2	115459	115592	530	660	1.14e-06	55.5
AZV23903.1	tr|A0A6P4LR90|A0A6P4LR90_GOSAR	28.000	125	86	3	115453	115577	347	467	1.15e-06	55.1
AZV23903.1	tr|A0A0D2TXW5|A0A0D2TXW5_GOSRA	30.252	119	79	3	115448	115565	292	407	1.28e-06	54.7
AZV23903.1	tr|A0A5D2CMC5|A0A5D2CMC5_GOSDA	30.252	119	79	3	115448	115565	279	394	1.33e-06	54.7
AZV23903.1	tr|A0A5J5RRR2|A0A5J5RRR2_GOSBA	30.252	119	79	3	115448	115565	279	394	1.33e-06	54.7
AZV23903.1	tr|A0A5D2V383|A0A5D2V383_GOSMU	30.252	119	79	3	115448	115565	292	407	1.44e-06	54.7
AZV23903.1	tr|A0A1U8JCJ3|A0A1U8JCJ3_GOSHI	30.252	119	79	3	115448	115565	292	407	1.44e-06	54.7
AZV23903.1	tr|A0A6P5X903|A0A6P5X903_DURZI	26.667	120	85	2	115453	115572	325	441	1.49e-06	54.7
AZV23903.1	tr|A0A5D2L2R0|A0A5D2L2R0_GOSTO	30.252	119	79	3	115448	115565	292	407	1.53e-06	54.7
AZV23903.1	tr|A0A6A3CHA5|A0A6A3CHA5_HIBSY	30.702	114	73	4	115453	115564	243	352	1.54e-06	54.7
AZV23903.1	tr|A0A5D2QVE5|A0A5D2QVE5_GOSTO	27.200	125	87	3	115453	115577	347	467	1.62e-06	54.7
AZV23903.1	tr|A0A6P4LHL9|A0A6P4LHL9_GOSAR	27.273	154	102	5	115440	115589	284	431	2.16e-06	53.9
AZV23903.1	tr|A0A1U8I314|A0A1U8I314_GOSHI	28.333	120	82	3	115450	115569	340	455	2.17e-06	54.3
AZV23903.1	tr|A0A1U8I929|A0A1U8I929_GOSHI	28.333	120	82	3	115450	115569	340	455	2.33e-06	54.3
AZV23903.1	tr|A0A6A2X678|A0A6A2X678_HIBSY	28.972	107	71	3	115453	115557	292	395	2.33e-06	53.9
AZV23903.1	tr|A0A5J5VPM2|A0A5J5VPM2_GOSBA	25.641	156	95	4	115430	115580	516	655	2.33e-06	54.3
AZV23903.1	tr|A0A5D2ZKD2|A0A5D2ZKD2_GOSMU	26.984	126	88	3	115453	115578	251	372	2.52e-06	53.9
AZV23903.1	tr|A0A1U8I8R2|A0A1U8I8R2_GOSHI	28.333	120	82	3	115450	115569	340	455	2.56e-06	53.9
AZV23903.1	tr|A0A6A3C1Q2|A0A6A3C1Q2_HIBSY	27.500	120	84	2	115453	115572	329	445	2.56e-06	53.9
AZV23903.1	tr|A0A5D2ZBR4|A0A5D2ZBR4_GOSMU	27.273	154	102	5	115440	115589	284	431	2.81e-06	53.5
AZV23903.1	tr|A0A6A2Y6M9|A0A6A2Y6M9_HIBSY	29.412	119	80	3	115448	115565	289	404	2.85e-06	53.9
AZV23903.1	tr|A0A6P5WPQ7|A0A6P5WPQ7_DURZI	26.923	104	75	1	115458	115561	295	397	3.08e-06	53.5
AZV23903.1	tr|A0A5D2NY35|A0A5D2NY35_GOSTO	25.000	112	82	2	115466	115577	317	426	3.10e-06	53.5
AZV23903.1	tr|A0A6P5WPL1|A0A6P5WPL1_DURZI	24.742	194	130	6	115439	115626	295	478	4.12e-06	53.1
AZV23903.1	tr|A0A6J1ALW4|A0A6J1ALW4_9ROSI	25.806	124	88	3	115448	115571	335	454	4.68e-06	53.1
AZV23903.1	tr|A0A5D2QQE0|A0A5D2QQE0_GOSTO	30.000	110	74	2	115448	115557	292	398	5.41e-06	52.8
AZV23903.1	tr|A0A5J5VXZ3|A0A5J5VXZ3_GOSBA	27.273	154	102	5	115440	115589	284	431	6.97e-06	52.4
AZV23903.1	tr|A0A1R3GGT4|A0A1R3GGT4_COCAP	26.984	126	88	3	115453	115577	301	423	9.05e-06	52.0
AZV23903.1	tr|A0A6P5X9I0|A0A6P5X9I0_DURZI	24.828	145	105	3	115450	115593	334	475	9.20e-06	52.0
AZV23903.1	tr|A0A5D2GT29|A0A5D2GT29_GOSDA	26.400	125	88	3	115453	115577	347	467	9.32e-06	52.0
