ACN54422.1	tr|E5KHV0|E5KHV0_9ASTR	86.585	164	22	0	66519	66682	10	173	6.76e-94	304
ACN54422.1	tr|E5KHV1|E5KHV1_9ASTR	86.585	164	22	0	66519	66682	10	173	6.76e-94	304
ACN54422.1	tr|E5KHU9|E5KHU9_9ASTR	86.585	164	22	0	66519	66682	10	173	6.76e-94	304
ACN54422.1	tr|E5KHV2|E5KHV2_9ASTR	86.585	164	22	0	66519	66682	10	173	6.76e-94	304
ACN54422.1	tr|E5KHU5|E5KHU5_9ASTR	85.976	164	23	0	66519	66682	10	173	2.67e-93	303
ACN54422.1	tr|E5KHU3|E5KHU3_9ASTR	85.976	164	23	0	66519	66682	10	173	2.67e-93	303
ACN54422.1	tr|E5KHU8|E5KHU8_9ASTR	85.976	164	23	0	66519	66682	10	173	4.09e-93	302
ACN54422.1	tr|A0A5N6PQF7|A0A5N6PQF7_9ASTR	75.897	195	42	1	66487	66676	96	290	1.85e-92	310
ACN54422.1	tr|A0A251THQ6|A0A251THQ6_HELAN	89.241	158	17	0	66519	66676	133	290	7.48e-92	309
ACN54422.1	tr|A0A6S7N2J1|A0A6S7N2J1_LACSI	89.873	158	16	0	66519	66676	133	290	1.20e-91	308
ACN54422.1	tr|A0A3G1SVQ0|A0A3G1SVQ0_TARKO	89.241	158	17	0	66519	66676	133	290	1.29e-91	308
ACN54422.1	tr|Q6SYC9|Q6SYC9_ARTAN	87.342	158	20	0	66519	66676	132	289	1.78e-90	305
ACN54422.1	tr|Q6SYC8|Q6SYC8_ARTAN	87.342	158	20	0	66519	66676	133	290	1.98e-90	305
ACN54422.1	tr|A0A103XTL9|A0A103XTL9_CYNCS	89.744	156	16	0	66521	66676	135	290	2.50e-90	304
ACN54422.1	tr|A0A247YZX7|A0A247YZX7_9ASTR	89.103	156	17	0	66521	66676	135	290	5.99e-90	303
ACN54422.1	tr|A0A247Z014|A0A247Z014_9ASTR	88.462	156	18	0	66521	66676	135	290	2.48e-89	301
ACN54422.1	tr|A0A5B8TZ31|A0A5B8TZ31_9DIPS	87.821	156	19	0	66521	66676	135	290	9.93e-88	296
ACN54422.1	tr|A0A022RCR5|A0A022RCR5_ERYGU	87.179	156	20	0	66521	66676	135	290	1.43e-87	293
ACN54422.1	tr|A0A0A1CLJ9|A0A0A1CLJ9_MATCR	85.443	158	23	0	66519	66676	133	290	1.50e-87	296
ACN54422.1	tr|A0A4Y1R0Y0|A0A4Y1R0Y0_PRUDU	85.256	156	23	0	66521	66676	27	182	5.53e-87	290
ACN54422.1	tr|A0A022RG21|A0A022RG21_ERYGU	87.179	156	20	0	66521	66676	135	290	5.55e-87	295
ACN54422.1	tr|A0A540MKV2|A0A540MKV2_MALBA	71.795	195	50	1	66487	66676	96	290	1.03e-86	292
ACN54422.1	tr|I1V8B3|I1V8B3_9ROSA	86.538	156	21	0	66521	66676	135	290	1.25e-86	293
ACN54422.1	tr|A0A5N5IAF1|A0A5N5IAF1_9ROSA	86.538	156	21	0	66521	66676	135	290	1.27e-86	293
ACN54422.1	tr|A0A1B0THI7|A0A1B0THI7_ARTAN	84.810	158	24	0	66519	66676	133	290	1.44e-86	293
ACN54422.1	tr|A2AWV9|A2AWV9_PANQU	83.436	163	27	0	66520	66682	134	296	1.44e-86	293
ACN54422.1	sp|C9E894|SQS2_PANGI	83.436	163	27	0	66520	66682	134	296	1.45e-86	293
ACN54422.1	tr|Q9FUK1|Q9FUK1_ARTAN	84.810	158	24	0	66519	66676	133	290	1.46e-86	293
ACN54422.1	tr|S5WCI7|S5WCI7_MALDO	86.538	156	21	0	66521	66676	135	290	1.55e-86	293
ACN54422.1	tr|S5VRK5|S5VRK5_MALDO	86.538	156	21	0	66521	66676	135	290	1.62e-86	293
ACN54422.1	tr|A0A6I9TZA3|A0A6I9TZA3_SESIN	85.987	157	22	0	66520	66676	134	290	1.69e-86	293
ACN54422.1	tr|C9WKP7|C9WKP7_DIOKA	86.538	156	21	0	66521	66676	135	290	1.74e-86	293
ACN54422.1	tr|A0A0M4BCB5|A0A0M4BCB5_9APIA	85.987	157	22	0	66520	66676	134	290	1.81e-86	293
ACN54422.1	tr|Q5S266|Q5S266_9APIA	85.987	157	22	0	66520	66676	134	290	1.98e-86	293
ACN54422.1	tr|F4YF86|F4YF86_PANQU	85.987	157	22	0	66520	66676	134	290	2.11e-86	293
ACN54422.1	tr|A0A6I9TRW8|A0A6I9TRW8_SESIN	86.538	156	21	0	66521	66676	135	290	2.76e-86	293
ACN54422.1	tr|A0A067DQQ1|A0A067DQQ1_CITSI	84.615	156	24	0	66521	66676	17	172	4.97e-86	287
ACN54422.1	tr|A0A0S2I7W7|A0A0S2I7W7_9APIA	86.538	156	21	0	66521	66676	135	290	5.02e-86	292
ACN54422.1	tr|Q3LRW9|Q3LRW9_9APIA	86.538	156	21	0	66521	66676	135	290	5.27e-86	292
ACN54422.1	tr|A0A3N7EY09|A0A3N7EY09_POPTR	86.538	156	21	0	66521	66676	135	290	5.50e-86	291
ACN54422.1	tr|A0A2L0V4L3|A0A2L0V4L3_TRAAM	86.538	156	21	0	66521	66676	135	290	7.35e-86	291
ACN54422.1	tr|A0A1R3HVU4|A0A1R3HVU4_COCAP	85.256	156	23	0	66521	66676	135	290	7.80e-86	290
ACN54422.1	tr|F2XG55|F2XG55_9APIA	82.822	163	28	0	66520	66682	134	296	1.02e-85	291
ACN54422.1	sp|D2K762|SQS3_PANGI	85.350	157	23	0	66520	66676	134	290	1.09e-85	291
ACN54422.1	tr|A0A0D2SN27|A0A0D2SN27_GOSRA	81.481	162	30	0	66521	66682	17	178	1.24e-85	286
ACN54422.1	tr|A0A2U8U7L3|A0A2U8U7L3_9LAMI	86.538	156	21	0	66521	66676	135	290	1.33e-85	291
ACN54422.1	tr|A0A2I0I3Q4|A0A2I0I3Q4_PUNGR	70.769	195	52	1	66487	66676	54	248	1.43e-85	286
ACN54422.1	tr|A0A5A7QY45|A0A5A7QY45_STRAF	86.538	156	21	0	66521	66676	142	297	1.72e-85	290
ACN54422.1	tr|A0A061DYM0|A0A061DYM0_THECC	84.615	156	24	0	66521	66676	93	248	1.77e-85	286
ACN54422.1	tr|A0A076V6U7|A0A076V6U7_9APIA	84.713	157	24	0	66520	66676	134	290	2.08e-85	290
ACN54422.1	tr|A0A6B7L8V7|A0A6B7L8V7_PRUVU	85.897	156	22	0	66521	66676	135	290	2.51e-85	290
ACN54422.1	tr|E9NX72|E9NX72_ASTME	85.256	156	23	0	66521	66676	135	290	2.53e-85	290
ACN54422.1	tr|A0A2J6K2K3|A0A2J6K2K3_LACSA	81.564	179	23	1	66519	66697	133	301	2.55e-85	310
ACN54422.1	tr|A0A0K2DSF0|A0A0K2DSF0_ASTME	85.256	156	23	0	66521	66676	135	290	2.76e-85	290
ACN54422.1	tr|M4WQU5|M4WQU5_9APIA	85.897	156	22	0	66521	66676	135	290	3.02e-85	290
ACN54422.1	tr|G0TEG7|G0TEG7_BACMN	76.966	178	31	1	66520	66697	134	301	3.26e-85	290
ACN54422.1	tr|E9NPB3|E9NPB3_ASTME	85.256	156	23	0	66521	66676	135	290	3.29e-85	289
ACN54422.1	tr|D0ETI8|D0ETI8_BUPCH	85.897	156	22	0	66521	66676	135	290	3.42e-85	289
ACN54422.1	tr|A0A5N5FNI5|A0A5N5FNI5_9ROSA	86.538	156	21	0	66521	66676	135	290	3.56e-85	289
ACN54422.1	tr|Q32R64|Q32R64_BUPFA	85.897	156	22	0	66521	66676	135	290	3.74e-85	289
ACN54422.1	tr|D0ETJ0|D0ETJ0_BUPCH	85.897	156	22	0	66521	66676	135	290	3.92e-85	289
ACN54422.1	tr|A0A2Z7ARQ0|A0A2Z7ARQ0_9LAMI	84.713	157	24	0	66520	66676	134	290	4.00e-85	289
ACN54422.1	tr|D0ETJ1|D0ETJ1_BUPCH	85.897	156	22	0	66521	66676	135	290	4.26e-85	289
ACN54422.1	tr|A0A1J7IKG7|A0A1J7IKG7_LUPAN	83.230	161	27	0	66522	66682	136	296	4.47e-85	288
ACN54422.1	tr|A0A6A1V3U3|A0A6A1V3U3_9ROSI	82.716	162	28	0	66521	66682	135	296	4.81e-85	289
ACN54422.1	tr|G8IGA2|G8IGA2_9APIA	84.713	157	24	0	66520	66676	134	290	5.74e-85	289
ACN54422.1	tr|A0A2P5BGQ9|A0A2P5BGQ9_PARAD	70.202	198	54	1	66486	66678	95	292	6.32e-85	284
ACN54422.1	tr|I1Z8B6|I1Z8B6_AZAIN	86.538	156	21	0	66521	66676	114	269	6.41e-85	288
ACN54422.1	sp|A0A1P7Y0A2|SQS10_PANGI	84.713	157	24	0	66520	66676	134	290	7.46e-85	288
ACN54422.1	tr|A0A5E4FSJ5|A0A5E4FSJ5_PRUDU	85.256	156	23	0	66521	66676	135	290	7.63e-85	288
ACN54422.1	tr|A0A4D8YHM6|A0A4D8YHM6_SALSN	85.897	156	22	0	66521	66676	152	307	8.14e-85	289
ACN54422.1	tr|A0A6J5VM73|A0A6J5VM73_PRUAR	84.615	156	24	0	66521	66676	135	290	8.24e-85	288
ACN54422.1	tr|D3K178|D3K178_ARAEL	84.713	157	24	0	66520	66676	134	290	8.76e-85	288
ACN54422.1	tr|M5VJU8|M5VJU8_PRUPE	85.256	156	23	0	66521	66676	135	290	8.98e-85	288
ACN54422.1	tr|A0A5E4EMI0|A0A5E4EMI0_PRUDU	85.256	156	23	0	66521	66676	135	290	9.33e-85	288
ACN54422.1	tr|F2XG56|F2XG56_9APIA	82.209	163	29	0	66520	66682	134	296	9.67e-85	288
ACN54422.1	sp|A0A1P7Y0D4|SQS11_PANGI	84.713	157	24	0	66520	66676	134	290	1.00e-84	288
ACN54422.1	tr|A0A1D8KVV7|A0A1D8KVV7_MORAL	83.333	162	27	0	66521	66682	135	296	1.01e-84	288
ACN54422.1	tr|A0A1Q3B357|A0A1Q3B357_CEPFO	85.897	156	22	0	66521	66676	135	290	1.02e-84	288
ACN54422.1	tr|A0A0M4KM52|A0A0M4KM52_MORAL	83.333	162	27	0	66521	66682	135	296	1.04e-84	288
ACN54422.1	tr|V4RQF7|V4RQF7_CITCL	84.615	156	24	0	66521	66676	78	233	1.05e-84	286
ACN54422.1	tr|A0A0D2QY54|A0A0D2QY54_GOSRA	75.706	177	33	1	66521	66697	17	183	1.11e-84	283
ACN54422.1	tr|A0A2N9FDA5|A0A2N9FDA5_FAGSY	75.141	177	34	1	66521	66697	17	183	1.14e-84	283
ACN54422.1	tr|A0A067DZ45|A0A067DZ45_CITSI	84.076	157	25	0	66521	66677	135	291	1.15e-84	283
ACN54422.1	tr|Q84LE3|Q84LE3_LOTJA	85.897	156	22	0	66521	66676	135	290	1.24e-84	288
ACN54422.1	sp|O48666|SQS1_PANGI	84.713	157	24	0	66520	66676	134	290	1.24e-84	288
ACN54422.1	tr|A0A0K0VHF1|A0A0K0VHF1_BETPL	86.538	156	21	0	66521	66676	135	290	1.25e-84	288
ACN54422.1	tr|A0A6P5TLU0|A0A6P5TLU0_PRUAV	84.615	156	24	0	66521	66676	135	290	1.28e-84	288
ACN54422.1	tr|A0A6H0DB90|A0A6H0DB90_TRIWF	77.966	177	29	1	66521	66697	135	301	1.31e-84	288
ACN54422.1	tr|A0A386AT65|A0A386AT65_GARJA	84.713	157	24	0	66520	66676	134	290	1.47e-84	288
ACN54422.1	tr|A0A6A3BJM3|A0A6A3BJM3_HIBSY	81.481	162	30	0	66521	66682	135	296	2.08e-84	287
ACN54422.1	tr|A2AWW0|A2AWW0_PANQU	81.595	163	30	0	66520	66682	134	296	2.13e-84	287
ACN54422.1	tr|A0A6J1AFD8|A0A6J1AFD8_9ROSI	85.256	156	23	0	66521	66676	135	290	2.16e-84	287
ACN54422.1	tr|A0A2Z5HTT9|A0A2Z5HTT9_CAMSI	85.256	156	23	0	66521	66676	135	290	2.33e-84	287
ACN54422.1	tr|A0A2P5FQ12|A0A2P5FQ12_TREOI	69.697	198	55	1	66486	66678	95	292	2.47e-84	282
ACN54422.1	tr|A0A1U8JS38|A0A1U8JS38_GOSHI	82.099	162	29	0	66521	66682	135	296	2.53e-84	287
ACN54422.1	tr|A0A445HKJ4|A0A445HKJ4_GLYSO	85.161	155	23	0	66522	66676	106	260	2.57e-84	286
ACN54422.1	tr|A0A5D2DJ18|A0A5D2DJ18_GOSDA	82.099	162	29	0	66521	66682	135	296	2.71e-84	287
ACN54422.1	tr|A0A5J5SHN8|A0A5J5SHN8_GOSBA	82.099	162	29	0	66521	66682	135	296	2.71e-84	287
ACN54422.1	tr|B9RHC3|B9RHC3_RICCO	85.256	156	23	0	66521	66676	135	290	2.96e-84	286
ACN54422.1	tr|A0A067DQQ7|A0A067DQQ7_CITSI	84.615	156	24	0	66521	66676	135	290	2.96e-84	284
ACN54422.1	tr|A0A142IKD0|A0A142IKD0_TRIWF	85.897	156	22	0	66521	66676	135	290	3.02e-84	286
ACN54422.1	tr|A0A5D2M2V9|A0A5D2M2V9_GOSTO	82.099	162	29	0	66521	66682	135	296	3.28e-84	286
ACN54422.1	tr|L0HR50|L0HR50_9ERIC	85.256	156	23	0	66521	66676	135	290	3.30e-84	286
ACN54422.1	tr|B6DUD0|B6DUD0_LINUS	83.333	156	26	0	66521	66676	109	264	3.51e-84	281
ACN54422.1	tr|A0A5N5N272|A0A5N5N272_9ROSI	85.256	156	23	0	66521	66676	135	290	3.65e-84	287
ACN54422.1	sp|A0A1P7Y0D0|SQS13_PANGI	84.076	157	25	0	66520	66676	134	290	3.75e-84	286
ACN54422.1	tr|A0A6P5XBC8|A0A6P5XBC8_DURZI	81.481	162	30	0	66521	66682	135	296	3.88e-84	286
ACN54422.1	tr|A0A6M6A9F8|A0A6M6A9F8_9ROSI	84.615	156	24	0	66521	66676	135	290	4.03e-84	286
ACN54422.1	tr|A0A5B7A4Z0|A0A5B7A4Z0_DAVIN	82.099	162	29	0	66521	66682	135	296	4.07e-84	286
ACN54422.1	tr|A0A5J5WIM2|A0A5J5WIM2_GOSBA	81.481	162	30	0	66521	66682	135	296	4.25e-84	286
ACN54422.1	tr|A0A2P6PPV8|A0A2P6PPV8_ROSCH	84.615	156	24	0	66521	66676	135	290	4.27e-84	286
ACN54422.1	tr|A0A6M6A586|A0A6M6A586_CITUN	84.615	156	24	0	66521	66676	135	290	4.31e-84	286
ACN54422.1	tr|C5I7U0|C5I7U0_SALMI	84.615	156	24	0	66521	66676	135	290	4.39e-84	286
ACN54422.1	tr|M4H273|M4H273_SALMI	84.615	156	24	0	66521	66676	135	290	4.39e-84	286
ACN54422.1	tr|A0A5D2W2D1|A0A5D2W2D1_GOSMU	82.099	162	29	0	66521	66682	135	296	4.43e-84	286
ACN54422.1	sp|A0A1P7Y0A8|SQS12_PANGI	84.076	157	25	0	66520	66676	134	290	4.49e-84	286
ACN54422.1	sp|A0A1P7Y0C9|SQS8_PANGI	84.076	157	25	0	66520	66676	134	290	4.59e-84	285
ACN54422.1	tr|A0A0R0HFK5|A0A0R0HFK5_SOYBN	84.615	156	24	0	66521	66676	135	290	4.75e-84	283
ACN54422.1	tr|A0A6M6A6I7|A0A6M6A6I7_9ROSI	84.615	156	24	0	66521	66676	135	290	4.79e-84	286
ACN54422.1	tr|A0A6M6A5X4|A0A6M6A5X4_9ROSI	84.615	156	24	0	66521	66676	135	290	4.93e-84	286
ACN54422.1	tr|A0A0D2PZA0|A0A0D2PZA0_GOSRA	81.481	162	30	0	66521	66682	129	290	4.95e-84	286
ACN54422.1	tr|A0A067DLM4|A0A067DLM4_CITSI	84.615	156	24	0	66521	66676	135	290	4.99e-84	285
ACN54422.1	tr|A0A5B7A2A6|A0A5B7A2A6_DAVIN	85.897	156	22	0	66521	66676	135	290	5.13e-84	286
ACN54422.1	tr|A0A2I4E7I3|A0A2I4E7I3_JUGRE	84.615	156	24	0	66521	66676	135	290	5.70e-84	286
ACN54422.1	tr|A0A6M6A8M9|A0A6M6A8M9_CITRE	84.615	156	24	0	66521	66676	135	290	5.86e-84	286
ACN54422.1	tr|A0A6M6A871|A0A6M6A871_CITAR	84.615	156	24	0	66521	66676	135	290	5.86e-84	286
ACN54422.1	tr|A0A6M6A815|A0A6M6A815_CITMA	84.615	156	24	0	66521	66676	135	290	5.91e-84	286
ACN54422.1	tr|A0A6M6A9F0|A0A6M6A9F0_CITUN	84.615	156	24	0	66521	66676	135	290	5.91e-84	286
ACN54422.1	tr|A0A067DLL9|A0A067DLL9_CITSI	84.615	156	24	0	66521	66676	135	290	5.91e-84	286
ACN54422.1	tr|A0A0B0N8L6|A0A0B0N8L6_GOSAR	81.481	162	30	0	66521	66682	135	296	6.19e-84	286
ACN54422.1	tr|A0A2I4GBT7|A0A2I4GBT7_JUGRE	84.615	156	24	0	66521	66676	135	290	6.20e-84	286
ACN54422.1	tr|A0A067DXZ8|A0A067DXZ8_CITSI	84.615	156	24	0	66521	66676	135	290	6.25e-84	285
ACN54422.1	tr|A0A6M6A575|A0A6M6A575_CITMA	84.615	156	24	0	66521	66676	135	290	6.33e-84	286
ACN54422.1	tr|A0A6P6AEA8|A0A6P6AEA8_DURZI	83.333	156	26	0	66521	66676	114	269	6.51e-84	285
ACN54422.1	tr|A0A5D2H9W7|A0A5D2H9W7_GOSDA	81.481	162	30	0	66521	66682	135	296	6.56e-84	286
ACN54422.1	tr|A0A5D2ZZ78|A0A5D2ZZ78_GOSMU	81.481	162	30	0	66521	66682	135	296	6.62e-84	286
ACN54422.1	tr|A0A3Q0I9C9|A0A3Q0I9C9_PHODC	81.529	157	29	0	66520	66676	16	172	6.67e-84	281
ACN54422.1	tr|A0A1U8LJ88|A0A1U8LJ88_GOSHI	81.481	162	30	0	66521	66682	135	296	6.88e-84	286
ACN54422.1	tr|A0A2P5YK26|A0A2P5YK26_GOSBA	81.481	162	30	0	66521	66682	135	296	6.88e-84	286
ACN54422.1	tr|A0A0D2NI28|A0A0D2NI28_GOSRA	74.860	179	35	1	66519	66697	109	277	6.89e-84	285
ACN54422.1	tr|A0A6M6A830|A0A6M6A830_9ROSI	84.615	156	24	0	66521	66676	135	290	7.38e-84	285
ACN54422.1	tr|A0A4Y1RZB7|A0A4Y1RZB7_PRUDU	85.256	156	23	0	66521	66676	210	365	7.48e-84	288
ACN54422.1	tr|A0A5J5BXM4|A0A5J5BXM4_9ASTE	87.179	156	20	0	66521	66676	17	172	7.56e-84	293
ACN54422.1	tr|A0A218X5T1|A0A218X5T1_PUNGR	85.256	156	23	0	66521	66676	129	284	7.64e-84	285
ACN54422.1	tr|A0A6P4NXK5|A0A6P4NXK5_GOSAR	81.481	162	30	0	66521	66682	135	296	7.87e-84	285
ACN54422.1	tr|A0A6M6A693|A0A6M6A693_CITMA	84.615	156	24	0	66521	66676	135	290	8.04e-84	285
ACN54422.1	tr|A0A6M6A6F5|A0A6M6A6F5_CITSI	84.615	156	24	0	66521	66676	135	290	8.04e-84	285
ACN54422.1	tr|A0A6M6A5W5|A0A6M6A5W5_CITRE	84.615	156	24	0	66521	66676	135	290	8.04e-84	285
ACN54422.1	tr|V4S8C8|V4S8C8_CITCL	84.615	156	24	0	66521	66676	135	290	8.04e-84	285
ACN54422.1	tr|A0A2P2LV76|A0A2P2LV76_RHIMU	80.247	162	32	0	66521	66682	17	178	8.73e-84	277
ACN54422.1	tr|A0A6P6W9N5|A0A6P6W9N5_COFAR	82.803	157	27	0	66520	66676	134	290	9.22e-84	285
ACN54422.1	tr|A0A2R6RBS9|A0A2R6RBS9_ACTCC	84.615	156	24	0	66521	66676	135	290	9.27e-84	285
ACN54422.1	tr|C6TGQ1|C6TGQ1_SOYBN	84.615	156	24	0	66521	66676	135	290	1.00e-83	285
ACN54422.1	tr|A0A6M2ESI4|A0A6M2ESI4_9ROSI	82.099	162	29	0	66521	66682	135	296	1.05e-83	285
ACN54422.1	tr|A0A0D2RSZ7|A0A0D2RSZ7_GOSRA	81.481	162	30	0	66521	66682	135	296	1.07e-83	285
ACN54422.1	tr|A0A6P8CDB8|A0A6P8CDB8_PUNGR	85.256	156	23	0	66521	66676	135	290	1.08e-83	285
ACN54422.1	tr|A0A059BD58|A0A059BD58_EUCGR	83.974	156	25	0	66521	66676	135	290	1.11e-83	285
ACN54422.1	tr|A0A0R4J4H6|A0A0R4J4H6_SOYBN	84.615	156	24	0	66521	66676	135	290	1.14e-83	285
ACN54422.1	tr|A0A6A4MT63|A0A6A4MT63_LUPAL	84.615	156	24	0	66521	66676	135	290	1.17e-83	285
ACN54422.1	tr|A0A5N6QNX9|A0A5N6QNX9_9ROSI	85.256	156	23	0	66521	66676	135	290	1.28e-83	285
ACN54422.1	tr|A0A022RUH8|A0A022RUH8_ERYGU	82.166	157	28	0	66520	66676	134	290	1.28e-83	285
ACN54422.1	tr|A0A445HKB9|A0A445HKB9_GLYSO	84.615	156	24	0	66521	66676	135	290	1.33e-83	285
ACN54422.1	tr|A0A5B7A2T2|A0A5B7A2T2_DAVIN	76.836	177	31	1	66521	66697	135	301	1.33e-83	285
ACN54422.1	tr|A0A0V0IHU7|A0A0V0IHU7_SOLCH	81.366	161	30	0	66522	66682	94	254	1.36e-83	283
ACN54422.1	tr|A0A061E6H8|A0A061E6H8_THECC	84.615	156	24	0	66521	66676	135	290	1.36e-83	285
ACN54422.1	tr|I1LJ81|I1LJ81_SOYBN	84.615	156	24	0	66521	66676	135	290	1.44e-83	285
ACN54422.1	tr|A0A445I192|A0A445I192_GLYSO	84.615	156	24	0	66521	66676	135	290	1.44e-83	285
ACN54422.1	tr|A0A445I052|A0A445I052_GLYSO	84.615	156	24	0	66521	66676	135	290	1.49e-83	285
ACN54422.1	tr|A0A200RCG2|A0A200RCG2_9MAGN	83.333	156	26	0	66521	66676	135	290	1.59e-83	284
ACN54422.1	tr|H9L9T8|H9L9T8_9SOLA	81.366	161	30	0	66522	66682	138	298	1.70e-83	285
ACN54422.1	tr|A0A6A5M3R5|A0A6A5M3R5_LUPAL	84.615	156	24	0	66521	66676	135	290	1.74e-83	284
ACN54422.1	tr|A0A6P6AE96|A0A6P6AE96_DURZI	83.333	156	26	0	66521	66676	135	290	1.75e-83	285
ACN54422.1	tr|A0A6P6AEG0|A0A6P6AEG0_DURZI	83.333	156	26	0	66521	66676	135	290	1.84e-83	284
ACN54422.1	tr|A0A0D2NG76|A0A0D2NG76_GOSRA	74.302	179	36	1	66519	66697	33	201	1.86e-83	280
ACN54422.1	tr|A0A2R6R1N1|A0A2R6R1N1_ACTCC	84.615	156	24	0	66521	66676	135	290	2.00e-83	284
ACN54422.1	tr|A0A1I9W041|A0A1I9W041_POPTO	81.481	162	30	0	66521	66682	135	296	2.00e-83	283
ACN54422.1	tr|A0A068VJH7|A0A068VJH7_COFCA	82.803	157	27	0	66520	66676	134	290	2.05e-83	285
ACN54422.1	tr|A0A484L699|A0A484L699_9ASTE	68.205	195	62	0	66482	66676	96	290	2.30e-83	283
ACN54422.1	tr|A0A6A3C5U9|A0A6A3C5U9_HIBSY	81.481	162	30	0	66521	66682	135	296	2.47e-83	287
ACN54422.1	tr|A0A6P4AXK1|A0A6P4AXK1_ARADU	82.099	162	29	0	66521	66682	135	296	2.51e-83	284
ACN54422.1	tr|A0A445CFL6|A0A445CFL6_ARAHY	82.099	162	29	0	66521	66682	135	296	2.51e-83	284
ACN54422.1	tr|A0A2Z2CDP0|A0A2Z2CDP0_9SOLA	81.366	161	30	0	66522	66682	136	296	2.76e-83	284
ACN54422.1	tr|A0A0E0KKE4|A0A0E0KKE4_ORYPU	79.755	163	33	0	66521	66683	101	263	2.85e-83	282
ACN54422.1	tr|A0A445CDW3|A0A445CDW3_ARAHY	82.099	162	29	0	66521	66682	135	296	2.91e-83	284
ACN54422.1	tr|O22107|O22107_SOYBN	84.615	156	24	0	66521	66676	135	290	3.03e-83	284
ACN54422.1	tr|A0A1S6Q8E9|A0A1S6Q8E9_9CARY	76.271	177	32	1	66521	66697	135	301	3.03e-83	284
ACN54422.1	tr|A0A4D8YU74|A0A4D8YU74_SALSN	83.333	156	26	0	66521	66676	135	290	3.12e-83	285
ACN54422.1	tr|A0A6B7L982|A0A6B7L982_PRUVU	83.439	157	26	0	66520	66676	134	290	3.14e-83	284
ACN54422.1	tr|A0A6M6A6A1|A0A6M6A6A1_CITME	83.974	156	25	0	66521	66676	135	290	3.21e-83	284
ACN54422.1	tr|K4AB52|K4AB52_SETIT	78.528	163	35	0	66521	66683	142	304	3.25e-83	283
ACN54422.1	tr|B9HRH0|B9HRH0_POPTR	82.099	162	29	0	66521	66682	135	296	3.30e-83	284
ACN54422.1	tr|H2BNL7|H2BNL7_SOLTU	76.136	176	32	1	66522	66697	136	301	3.58e-83	283
ACN54422.1	tr|A0A4U6T1T7|A0A4U6T1T7_SETVI	79.141	163	34	0	66521	66683	131	293	3.59e-83	283
ACN54422.1	tr|A0A2K3N490|A0A2K3N490_TRIPR	83.974	156	25	0	66521	66676	135	290	3.83e-83	278
ACN54422.1	tr|Q8LPN2|Q8LPN2_TOBAC	81.646	158	29	0	66519	66676	133	290	5.16e-83	278
ACN54422.1	tr|A0A0K0MGD8|A0A0K0MGD8_SALMI	83.974	156	25	0	66521	66676	135	290	5.19e-83	283
ACN54422.1	tr|M4H1H3|M4H1H3_SALMI	83.974	156	25	0	66521	66676	135	290	5.19e-83	283
ACN54422.1	tr|A0A2H5PKK4|A0A2H5PKK4_CITUN	84.615	156	24	0	66521	66676	135	290	5.39e-83	285
ACN54422.1	tr|A0A5J5B0H1|A0A5J5B0H1_9ASTE	82.716	162	28	0	66521	66682	177	338	5.99e-83	284
ACN54422.1	tr|A0A2H5PKJ8|A0A2H5PKJ8_CITUN	84.615	156	24	0	66521	66676	135	290	6.33e-83	285
ACN54422.1	tr|A0A0A6ZA44|A0A0A6ZA44_9ROSI	83.974	156	25	0	66521	66676	135	290	6.42e-83	283
ACN54422.1	tr|A0A144IM03|A0A144IM03_9APIA	81.595	163	30	0	66520	66682	134	296	6.81e-83	283
ACN54422.1	tr|A0A5J9WAV5|A0A5J9WAV5_9POAL	78.528	163	35	0	66521	66683	131	293	7.38e-83	282
ACN54422.1	tr|A0A5D2RDQ8|A0A5D2RDQ8_GOSTO	80.864	162	31	0	66521	66682	135	296	7.45e-83	283
ACN54422.1	tr|A0A4U5Q9I7|A0A4U5Q9I7_POPAL	82.099	162	29	0	66521	66682	135	296	8.05e-83	284
ACN54422.1	tr|A0A1J6IJ43|A0A1J6IJ43_NICAT	79.878	164	33	0	66519	66682	133	296	8.67e-83	282
ACN54422.1	tr|A0A4P1R166|A0A4P1R166_LUPAN	82.803	157	27	0	66520	66676	125	281	8.90e-83	282
ACN54422.1	tr|A0A453M5C9|A0A453M5C9_AEGTS	77.301	163	37	0	66521	66683	16	178	8.95e-83	276
ACN54422.1	tr|A0A2R2WEZ7|A0A2R2WEZ7_9ROSI	81.481	162	30	0	66521	66682	135	296	9.20e-83	283
ACN54422.1	tr|A0A2P2LV58|A0A2P2LV58_RHIMU	80.124	161	32	0	66522	66682	17	177	9.46e-83	274
ACN54422.1	tr|A0A5J5SIE4|A0A5J5SIE4_GOSBA	83.333	156	26	0	66521	66676	135	290	9.49e-83	282
ACN54422.1	tr|A0A2Z6NE73|A0A2Z6NE73_TRISU	82.609	161	28	0	66522	66682	136	296	9.62e-83	281
ACN54422.1	tr|A0A1S3ZVP7|A0A1S3ZVP7_TOBAC	79.878	164	33	0	66519	66682	133	296	1.00e-82	282
ACN54422.1	tr|A0A2U8J891|A0A2U8J891_TOBAC	79.878	164	33	0	66519	66682	133	296	1.00e-82	282
ACN54422.1	tr|A0A1U7YHG1|A0A1U7YHG1_NICSY	79.878	164	33	0	66519	66682	133	296	1.00e-82	282
ACN54422.1	tr|A0A6A4R487|A0A6A4R487_LUPAL	85.161	155	23	0	66522	66676	136	290	1.03e-82	282
ACN54422.1	tr|A0A5D2DIA1|A0A5D2DIA1_GOSDA	83.333	156	26	0	66521	66676	135	290	1.07e-82	282
ACN54422.1	tr|A0A1U8LR92|A0A1U8LR92_GOSHI	83.333	156	26	0	66521	66676	135	290	1.07e-82	282
ACN54422.1	tr|A0A5D2W1I2|A0A5D2W1I2_GOSMU	83.333	156	26	0	66521	66676	135	290	1.07e-82	282
ACN54422.1	tr|O24148|O24148_TOBAC	79.878	164	33	0	66519	66682	133	296	1.08e-82	282
ACN54422.1	tr|A0A0D2Q5Z3|A0A0D2Q5Z3_GOSRA	83.333	156	26	0	66521	66676	135	290	1.09e-82	282
ACN54422.1	tr|A0A2G3BW22|A0A2G3BW22_CAPCH	80.864	162	31	0	66521	66682	135	296	1.10e-82	282
ACN54422.1	tr|K4AAI5|K4AAI5_SETIT	78.528	163	35	0	66521	66683	142	304	1.11e-82	282
ACN54422.1	tr|A9XU48|A9XU48_GOSHI	80.864	162	31	0	66521	66682	135	296	1.15e-82	282
ACN54422.1	tr|A0A453M5E6|A0A453M5E6_AEGTS	77.301	163	37	0	66521	66683	17	179	1.23e-82	275
ACN54422.1	tr|A0A2Z6PE52|A0A2Z6PE52_TRISU	82.609	161	28	0	66522	66682	136	296	1.29e-82	281
ACN54422.1	tr|Q9XJ31|Q9XJ31_SOLTU	81.366	161	30	0	66522	66682	136	296	1.31e-82	282
ACN54422.1	tr|B9WZW7|B9WZW7_EUPTI	83.333	156	26	0	66521	66676	135	290	1.43e-82	282
ACN54422.1	tr|A0A0D2PYN9|A0A0D2PYN9_GOSRA	83.333	156	26	0	66521	66676	135	290	1.47e-82	282
ACN54422.1	tr|A0A1U8LQK8|A0A1U8LQK8_GOSHI	83.333	156	26	0	66521	66676	135	290	1.47e-82	282
ACN54422.1	tr|A0A1U8A906|A0A1U8A906_NELNU	75.141	177	34	1	66521	66697	135	301	1.65e-82	281
ACN54422.1	tr|H2BNL6|H2BNL6_SOLTU	81.366	161	30	0	66522	66682	136	296	1.68e-82	281
ACN54422.1	tr|A0A6P5Z4P7|A0A6P5Z4P7_DURZI	82.692	156	27	0	66521	66676	135	290	2.03e-82	281
ACN54422.1	tr|Q9XF02|Q9XF02_CAPAN	80.864	162	31	0	66521	66682	135	296	2.38e-82	281
ACN54422.1	tr|A0A1U8E082|A0A1U8E082_CAPAN	80.864	162	31	0	66521	66682	135	296	2.47e-82	281
ACN54422.1	tr|A0A6P5N6U0|A0A6P5N6U0_ARADU	76.836	177	31	1	66521	66697	114	280	2.50e-82	280
ACN54422.1	tr|Q506K2|Q506K2_DATIN	80.745	161	31	0	66522	66682	113	273	2.81e-82	280
ACN54422.1	tr|A0A6A3CMM9|A0A6A3CMM9_HIBSY	79.630	162	33	0	66521	66682	135	296	2.84e-82	281
ACN54422.1	tr|A0A446TJU4|A0A446TJU4_TRITD	77.914	163	36	0	66521	66683	93	255	2.97e-82	275
ACN54422.1	tr|A0A0B0MS53|A0A0B0MS53_GOSAR	82.051	156	28	0	66521	66676	135	290	3.03e-82	281
ACN54422.1	tr|O22105|O22105_ORYSJ	79.755	163	33	0	66521	66683	131	293	3.18e-82	280
ACN54422.1	tr|Q0DMJ9|Q0DMJ9_ORYSJ	79.755	163	33	0	66521	66683	131	293	3.18e-82	280
ACN54422.1	tr|I1PGH0|I1PGH0_ORYGL	79.755	163	33	0	66521	66683	131	293	3.18e-82	280
ACN54422.1	tr|A0A453M5E0|A0A453M5E0_AEGTS	77.301	163	37	0	66521	66683	17	179	3.49e-82	276
ACN54422.1	tr|A0A5D3A7L6|A0A5D3A7L6_GOSMU	82.051	156	28	0	66521	66676	135	290	3.50e-82	281
ACN54422.1	tr|A0A6P4NJG5|A0A6P4NJG5_GOSAR	82.051	156	28	0	66521	66676	135	290	3.50e-82	281
ACN54422.1	tr|A0A5J5WQT8|A0A5J5WQT8_GOSBA	82.051	156	28	0	66521	66676	135	290	3.50e-82	281
ACN54422.1	tr|A0A5D2HGX9|A0A5D2HGX9_GOSDA	82.051	156	28	0	66521	66676	135	290	3.50e-82	281
ACN54422.1	tr|A0A484L746|A0A484L746_9ASTE	68.205	195	62	0	66482	66676	171	365	3.83e-82	283
ACN54422.1	tr|U5KKM1|U5KKM1_SOLNI	81.366	161	30	0	66522	66682	136	296	4.03e-82	280
ACN54422.1	tr|A0A5B6VG05|A0A5B6VG05_9ROSI	82.692	156	27	0	66521	66676	135	290	4.08e-82	280
ACN54422.1	tr|A0A251SCQ3|A0A251SCQ3_HELAN	81.410	156	29	0	66521	66676	175	330	4.26e-82	282
ACN54422.1	tr|A0A1U8MEP5|A0A1U8MEP5_GOSHI	82.051	156	28	0	66521	66676	135	290	4.41e-82	280
ACN54422.1	tr|K4A9V1|K4A9V1_SETIT	78.528	163	35	0	66521	66683	142	304	4.66e-82	282
ACN54422.1	tr|A0A164VSZ2|A0A164VSZ2_DAUCS	82.692	156	27	0	66521	66676	74	229	4.85e-82	277
ACN54422.1	tr|A0A4Y7K3I4|A0A4Y7K3I4_PAPSO	82.692	156	27	0	66521	66676	135	290	5.01e-82	279
ACN54422.1	tr|A0A2R2WEV4|A0A2R2WEV4_TRIKI	80.864	162	31	0	66521	66682	135	296	5.03e-82	280
ACN54422.1	tr|A0A5B6WN50|A0A5B6WN50_9ROSI	68.500	200	51	1	66495	66682	109	308	5.19e-82	281
ACN54422.1	tr|A0A4Y7IBE6|A0A4Y7IBE6_PAPSO	82.692	156	27	0	66521	66676	135	290	5.73e-82	280
ACN54422.1	tr|A0A6M6A6G3|A0A6M6A6G3_CITJP	83.974	156	25	0	66521	66676	135	290	6.30e-82	280
ACN54422.1	tr|C0PE41|C0PE41_MAIZE	76.074	163	39	0	66521	66683	17	179	6.78e-82	274
ACN54422.1	tr|A0A4U5NN27|A0A4U5NN27_POPAL	83.974	156	25	0	66521	66676	135	290	6.85e-82	281
ACN54422.1	tr|A0A6P4ATA1|A0A6P4ATA1_ZIZJJ	81.098	164	29	1	66521	66682	135	298	7.02e-82	280
ACN54422.1	tr|A0A2P2LV69|A0A2P2LV69_RHIMU	80.247	162	32	0	66521	66682	135	296	7.96e-82	276
ACN54422.1	tr|D6QX55|D6QX55_GLYUR	83.871	155	25	0	66522	66676	136	290	8.54e-82	280
ACN54422.1	tr|A0A540K5U5|A0A540K5U5_MALBA	86.111	144	20	0	66533	66676	1	144	1.04e-81	273
ACN54422.1	tr|A0A5C7I5V5|A0A5C7I5V5_9ROSI	84.615	156	24	0	66521	66676	135	290	1.07e-81	280
ACN54422.1	tr|A0A151RIM0|A0A151RIM0_CAJCA	84.516	155	24	0	66522	66676	136	290	1.16e-81	276
ACN54422.1	tr|A0A445E2Z2|A0A445E2Z2_ARAHY	76.836	177	31	1	66521	66697	135	301	1.16e-81	279
ACN54422.1	tr|A0A2P5VVN0|A0A2P5VVN0_GOSBA	79.630	162	33	0	66521	66682	151	312	1.17e-81	280
ACN54422.1	tr|A0A2H3YAA1|A0A2H3YAA1_PHODC	81.529	157	29	0	66520	66676	134	290	1.17e-81	279
ACN54422.1	tr|A0A0K9QDU3|A0A0K9QDU3_SPIOL	80.864	162	31	0	66521	66682	135	296	1.18e-81	280
ACN54422.1	tr|V7AI48|V7AI48_PHAVU	83.974	156	25	0	66521	66676	135	290	1.22e-81	279
ACN54422.1	tr|J9VC95|J9VC95_9ERIC	81.595	163	23	1	66521	66676	135	297	1.24e-81	279
ACN54422.1	tr|H2BNL9|H2BNL9_SOLCH	80.745	161	31	0	66522	66682	136	296	1.46e-81	279
ACN54422.1	tr|A0A6A6LPC0|A0A6A6LPC0_HEVBR	80.247	162	32	0	66521	66682	135	296	1.52e-81	279
ACN54422.1	tr|A0A453M5E2|A0A453M5E2_AEGTS	77.160	162	37	0	66522	66683	2	163	1.53e-81	273
ACN54422.1	sp|P53800|FDFT_NICBE	79.268	164	34	0	66519	66682	133	296	1.59e-81	279
ACN54422.1	tr|A0A438DMJ1|A0A438DMJ1_VITVI	73.016	189	37	2	66509	66697	17	191	1.59e-81	277
ACN54422.1	tr|A4F3P0|A4F3P0_9FABA	82.692	156	27	0	66521	66676	135	290	1.66e-81	279
ACN54422.1	tr|A0A2R2WEV3|A0A2R2WEV3_9ROSI	83.333	156	26	0	66521	66676	135	290	1.67e-81	279
ACN54422.1	tr|A0A1S3ZXV5|A0A1S3ZXV5_TOBAC	80.124	161	32	0	66522	66682	136	296	1.68e-81	279
ACN54422.1	tr|A0A3Q7ETS2|A0A3Q7ETS2_SOLLC	80.745	161	31	0	66522	66682	136	296	1.73e-81	278
ACN54422.1	tr|A0A2C9W375|A0A2C9W375_MANES	83.974	156	25	0	66521	66676	135	290	1.77e-81	279
ACN54422.1	tr|A0A6N2BB81|A0A6N2BB81_SOLCI	80.745	161	31	0	66522	66682	136	296	1.82e-81	278
ACN54422.1	tr|A0A4D8YU32|A0A4D8YU32_SALSN	83.333	156	26	0	66521	66676	164	319	1.83e-81	281
ACN54422.1	tr|A0A2G2XNI8|A0A2G2XNI8_CAPBA	80.247	162	32	0	66521	66682	135	296	1.85e-81	278
ACN54422.1	tr|A0A142K3G9|A0A142K3G9_GLYGL	82.692	156	27	0	66521	66676	135	290	1.88e-81	278
ACN54422.1	tr|D6QX38|D6QX38_GLYUR	82.692	156	27	0	66521	66676	135	290	1.90e-81	278
ACN54422.1	tr|A0A6J1JGC1|A0A6J1JGC1_CUCMA	81.410	156	29	0	66521	66676	135	290	1.91e-81	279
ACN54422.1	sp|D0VFU8|SLSS_SOLLC	80.745	161	31	0	66522	66682	136	296	1.93e-81	278
ACN54422.1	tr|A0A067KZX7|A0A067KZX7_JATCU	82.692	156	27	0	66521	66676	135	290	1.93e-81	278
ACN54422.1	tr|A0A6M6A5L0|A0A6M6A5L0_CITJP	83.333	156	26	0	66521	66676	135	290	1.95e-81	279
ACN54422.1	tr|A0A2C9V1B0|A0A2C9V1B0_MANES	79.630	162	33	0	66521	66682	135	296	2.04e-81	275
ACN54422.1	tr|V5N8M3|V5N8M3_PHAVU	84.615	156	24	0	66521	66676	135	290	2.05e-81	278
ACN54422.1	tr|D4NYR1|D4NYR1_BRUGY	82.051	156	28	0	66521	66676	135	290	2.12e-81	278
ACN54422.1	tr|A0A6J1JEC3|A0A6J1JEC3_CUCMA	81.410	156	29	0	66521	66676	135	290	2.12e-81	278
ACN54422.1	tr|A4F3P1|A4F3P1_9FABA	83.226	155	26	0	66522	66676	136	290	2.17e-81	278
ACN54422.1	tr|A0A2R2WEW6|A0A2R2WEW6_LUFAC	82.692	156	27	0	66521	66676	135	290	2.21e-81	278
ACN54422.1	tr|C7EDC9|C7EDC9_GLYUR	83.226	155	26	0	66522	66676	136	290	2.27e-81	278
ACN54422.1	tr|C6KE07|C6KE07_GLYUR	83.226	155	26	0	66522	66676	136	290	2.34e-81	278
ACN54422.1	tr|A0A287SNY3|A0A287SNY3_HORVV	76.687	163	38	0	66521	66683	17	179	2.50e-81	273
ACN54422.1	tr|D6QX43|D6QX43_GLYUR	82.692	156	27	0	66521	66676	135	290	2.58e-81	278
ACN54422.1	tr|A4F3N8|A4F3N8_GLYUR	82.692	156	27	0	66521	66676	135	290	2.60e-81	278
ACN54422.1	tr|C7EDD0|C7EDD0_GLYUR	82.692	156	27	0	66521	66676	135	290	2.68e-81	278
ACN54422.1	tr|A0A1S3TJV8|A0A1S3TJV8_VIGRR	83.333	156	26	0	66521	66676	135	290	2.68e-81	278
ACN54422.1	tr|A0A438I999|A0A438I999_VITVI	72.487	189	38	2	66509	66697	17	191	2.69e-81	275
ACN54422.1	tr|D0ETI9|D0ETI9_BUPCH	82.692	156	27	0	66521	66676	135	290	2.72e-81	278
ACN54422.1	tr|A0A1L2EEC8|A0A1L2EEC8_GYNPE	80.247	162	32	0	66521	66682	135	296	2.75e-81	278
ACN54422.1	tr|A0A4D6LKM3|A0A4D6LKM3_VIGUN	83.333	156	26	0	66521	66676	135	290	2.81e-81	278
ACN54422.1	tr|M0ZV24|M0ZV24_SOLTU	77.640	161	36	0	66522	66682	6	166	2.85e-81	273
ACN54422.1	tr|K0E686|K0E686_9ROSI	82.051	156	28	0	66521	66676	135	290	3.21e-81	278
ACN54422.1	tr|D6QX35|D6QX35_GLYUR	82.692	156	27	0	66521	66676	135	290	3.34e-81	278
ACN54422.1	tr|A0A2H3YCB3|A0A2H3YCB3_PHODC	69.388	196	55	1	66486	66676	95	290	3.48e-81	277
ACN54422.1	tr|D6QX37|D6QX37_GLYUR	82.692	156	27	0	66521	66676	135	290	3.86e-81	278
ACN54422.1	tr|A0A2G5CP11|A0A2G5CP11_AQUCA	84.615	156	24	0	66521	66676	402	557	3.88e-81	286
ACN54422.1	tr|A0A2H3YCP3|A0A2H3YCP3_PHODC	69.388	196	55	1	66486	66676	95	290	3.98e-81	278
ACN54422.1	tr|A0A4D9AA07|A0A4D9AA07_SALSN	82.692	156	27	0	66521	66676	167	322	4.05e-81	281
ACN54422.1	tr|A0A445A8H9|A0A445A8H9_ARAHY	76.271	177	32	1	66521	66697	135	301	4.25e-81	277
ACN54422.1	tr|A0A6J5Y2Q2|A0A6J5Y2Q2_PRUAR	80.124	161	27	1	66521	66676	135	295	4.45e-81	278
ACN54422.1	tr|A0A1S3CD95|A0A1S3CD95_CUCME	82.051	156	28	0	66521	66676	135	290	4.71e-81	278
ACN54422.1	tr|A0A3L6TM23|A0A3L6TM23_PANMI	76.074	163	39	0	66521	66683	131	293	5.41e-81	275
ACN54422.1	tr|A0A0X9WHR6|A0A0X9WHR6_NIGSA	78.395	162	35	0	66521	66682	135	296	5.43e-81	277
ACN54422.1	tr|A0A0A0LIW1|A0A0A0LIW1_CUCSA	82.051	156	28	0	66521	66676	135	290	5.49e-81	277
ACN54422.1	tr|A0A3L6S9F8|A0A3L6S9F8_PANMI	77.301	163	37	0	66521	66683	215	377	5.49e-81	280
ACN54422.1	tr|A0A6J1FXS8|A0A6J1FXS8_CUCMO	80.769	156	30	0	66521	66676	135	290	5.50e-81	277
ACN54422.1	tr|A0A5D2RN12|A0A5D2RN12_GOSTO	81.410	156	29	0	66521	66676	135	290	5.83e-81	277
ACN54422.1	tr|D7U5I9|D7U5I9_VITVI	83.974	156	25	0	66521	66676	135	290	5.89e-81	277
ACN54422.1	tr|A0A1I9VYJ0|A0A1I9VYJ0_TRIFG	80.247	162	32	0	66521	66682	135	296	6.06e-81	277
ACN54422.1	tr|A4F3N9|A4F3N9_GLYUR	82.581	155	27	0	66522	66676	136	290	6.29e-81	277
ACN54422.1	tr|A0A3B6KPV2|A0A3B6KPV2_WHEAT	77.914	163	36	0	66521	66683	131	293	6.44e-81	276
ACN54422.1	tr|A0A446TJU0|A0A446TJU0_TRITD	77.914	163	36	0	66521	66683	131	293	6.44e-81	276
ACN54422.1	tr|A0A446TJV2|A0A446TJV2_TRITD	77.914	163	36	0	66521	66683	131	293	6.64e-81	276
ACN54422.1	tr|C6KE08|C6KE08_GLYUR	82.692	156	27	0	66521	66676	135	290	6.67e-81	277
ACN54422.1	tr|A0A5A7TS05|A0A5A7TS05_CUCME	82.051	156	28	0	66521	66676	135	290	6.72e-81	278
ACN54422.1	tr|R0F5H9|R0F5H9_9BRAS	68.020	197	61	1	66482	66676	96	292	6.75e-81	277
ACN54422.1	tr|A0A2G5CNZ8|A0A2G5CNZ8_AQUCA	84.615	156	24	0	66521	66676	402	557	6.77e-81	286
ACN54422.1	tr|A0A6G1DIM4|A0A6G1DIM4_9ORYZ	77.301	163	37	0	66521	66683	131	293	6.81e-81	276
ACN54422.1	tr|Q42761|Q42761_GLYGL	82.581	155	27	0	66522	66676	136	290	7.40e-81	277
ACN54422.1	tr|A5C8Q7|A5C8Q7_VITVI	83.974	156	25	0	66521	66676	135	290	7.40e-81	278
ACN54422.1	tr|A0A6J1FU93|A0A6J1FU93_CUCMO	80.769	156	30	0	66521	66676	135	290	7.47e-81	277
ACN54422.1	tr|D6QX41|D6QX41_GLYUR	82.051	156	28	0	66521	66676	135	290	8.08e-81	277
ACN54422.1	tr|Q0PYJ6|Q0PYJ6_9FABA	81.410	156	29	0	66521	66676	135	290	8.40e-81	276
ACN54422.1	tr|A0A2I0A8V4|A0A2I0A8V4_9ASPA	80.769	156	30	0	66521	66676	135	290	8.92e-81	276
ACN54422.1	tr|A0A6G1D2V6|A0A6G1D2V6_9ORYZ	76.074	163	39	0	66520	66682	132	294	9.15e-81	273
ACN54422.1	tr|A0A6G1D2A4|A0A6G1D2A4_9ORYZ	76.074	163	39	0	66520	66682	132	294	9.98e-81	274
ACN54422.1	tr|A0A0D9W0C0|A0A0D9W0C0_9ORYZ	77.914	163	36	0	66521	66683	131	293	1.02e-80	276
ACN54422.1	tr|K7NBW9|K7NBW9_SIRGR	82.051	156	28	0	66521	66676	135	290	1.09e-80	276
ACN54422.1	tr|A0A192YD12|A0A192YD12_SIRGR	82.051	156	28	0	66521	66676	135	290	1.19e-80	276
ACN54422.1	tr|A0A6J0KJQ5|A0A6J0KJQ5_RAPSA	79.747	158	30	1	66521	66676	17	174	1.20e-80	271
ACN54422.1	tr|A0A0D9W0B9|A0A0D9W0B9_9ORYZ	77.914	163	36	0	66521	66683	131	293	1.26e-80	276
ACN54422.1	tr|A0A1D6GFA1|A0A1D6GFA1_MAIZE	75.460	163	40	0	66521	66683	131	293	1.28e-80	272
ACN54422.1	tr|A0A6N2L7Y8|A0A6N2L7Y8_SALVM	80.247	162	32	0	66521	66682	135	296	1.36e-80	276
ACN54422.1	tr|A0A2G5CP00|A0A2G5CP00_AQUCA	84.615	156	24	0	66521	66676	402	557	1.37e-80	286
ACN54422.1	tr|Q42760|Q42760_GLYGL	82.051	156	28	0	66521	66676	135	290	1.42e-80	276
ACN54422.1	tr|A0A2R2WEW2|A0A2R2WEW2_BENHI	81.410	156	29	0	66521	66676	135	290	1.50e-80	276
ACN54422.1	tr|A0A2R2WEW0|A0A2R2WEW0_CUCSA	81.410	156	29	0	66521	66676	135	290	1.58e-80	276
ACN54422.1	tr|C4P9M3|C4P9M3_GYNPE	79.630	162	33	0	66521	66682	135	296	1.59e-80	276
ACN54422.1	tr|M0SPP2|M0SPP2_MUSAM	72.881	177	38	1	66521	66697	17	183	1.60e-80	271
ACN54422.1	tr|A0A0D9W0C1|A0A0D9W0C1_9ORYZ	77.914	163	36	0	66521	66683	131	293	1.64e-80	275
ACN54422.1	tr|A0A6G1D5K5|A0A6G1D5K5_9ORYZ	76.074	163	39	0	66520	66682	132	294	1.87e-80	273
ACN54422.1	tr|A0A1D6GFA4|A0A1D6GFA4_MAIZE	75.460	163	40	0	66521	66683	59	221	1.93e-80	272
ACN54422.1	tr|A0A2Z2BGH2|A0A2Z2BGH2_9LILI	81.013	158	30	0	66519	66676	133	290	1.98e-80	275
ACN54422.1	tr|A0A0S3SDP4|A0A0S3SDP4_PHAAN	82.692	156	27	0	66521	66676	135	290	2.07e-80	276
ACN54422.1	tr|A0A1D6L8A9|A0A1D6L8A9_MAIZE	76.074	163	39	0	66521	66683	131	293	2.22e-80	275
ACN54422.1	tr|V4UBN9|V4UBN9_CITCL	86.111	144	20	0	66533	66676	1	144	2.30e-80	270
ACN54422.1	tr|A0A1P8B8L3|A0A1P8B8L3_ARATH	71.508	179	46	2	66521	66694	80	258	2.51e-80	273
ACN54422.1	tr|A0A3G3C7V3|A0A3G3C7V3_9MAGN	78.882	161	34	0	66522	66682	136	296	2.56e-80	275
ACN54422.1	tr|A0A7C9DU41|A0A7C9DU41_OPUST	81.410	156	29	0	66521	66676	135	290	2.58e-80	275
ACN54422.1	tr|D6QX40|D6QX40_GLYUR	82.051	156	28	0	66521	66676	135	290	2.71e-80	275
ACN54422.1	tr|A0A317YBW1|A0A317YBW1_MAIZE	76.074	163	39	0	66521	66683	131	293	2.71e-80	275
ACN54422.1	tr|V5KA55|V5KA55_PARPY	68.500	200	51	2	66521	66720	135	322	2.79e-80	275
ACN54422.1	tr|A0A3G3C7U6|A0A3G3C7U6_9MAGN	81.290	155	29	0	66522	66676	136	290	2.99e-80	275
ACN54422.1	tr|D6QX53|D6QX53_GLYUR	82.051	156	28	0	66521	66676	135	290	3.06e-80	275
ACN54422.1	tr|A0A1D6L8A7|A0A1D6L8A7_MAIZE	76.074	163	39	0	66521	66683	147	309	3.16e-80	275
ACN54422.1	tr|M8B0M6|M8B0M6_TRIUA	76.364	165	39	0	66519	66683	92	256	3.19e-80	274
ACN54422.1	tr|A0A2S3IHR2|A0A2S3IHR2_9POAL	76.074	163	39	0	66521	66683	131	293	3.19e-80	275
ACN54422.1	tr|A0A2T7BZJ5|A0A2T7BZJ5_9POAL	76.074	163	39	0	66521	66683	131	293	3.26e-80	275
ACN54422.1	tr|A0A1D6GF96|A0A1D6GF96_MAIZE	75.460	163	40	0	66521	66683	101	263	3.27e-80	274
ACN54422.1	tr|A0A220T7K9|A0A220T7K9_9POAL	76.687	163	38	0	66521	66683	131	293	3.29e-80	275
ACN54422.1	tr|A0A446TJW6|A0A446TJW6_TRITD	76.364	165	39	0	66519	66683	92	256	3.35e-80	274
ACN54422.1	tr|A0A1S2YNM6|A0A1S2YNM6_CICAR	83.226	155	26	0	66522	66676	136	290	3.38e-80	275
ACN54422.1	tr|A0A3B6LVJ0|A0A3B6LVJ0_WHEAT	77.301	163	37	0	66521	66683	131	293	3.49e-80	275
ACN54422.1	tr|B4F9F4|B4F9F4_MAIZE	75.460	163	40	0	66521	66683	131	293	3.55e-80	275
ACN54422.1	tr|R9TIU1|R9TIU1_9LILI	74.011	177	36	1	66521	66697	135	301	3.66e-80	275
ACN54422.1	tr|A0A0D2Q5Z6|A0A0D2Q5Z6_GOSRA	83.007	153	26	0	66524	66676	137	289	3.82e-80	275
ACN54422.1	tr|A0A453M5D7|A0A453M5D7_AEGTS	77.301	163	37	0	66521	66683	131	293	3.84e-80	275
ACN54422.1	tr|A0A446USE8|A0A446USE8_TRITD	77.301	163	37	0	66521	66683	131	293	3.92e-80	275
ACN54422.1	tr|C5WW75|C5WW75_SORBI	76.687	163	38	0	66521	66683	131	293	3.95e-80	274
ACN54422.1	tr|D7MEB9|D7MEB9_ARALL	67.513	197	62	1	66482	66676	96	292	3.97e-80	275
ACN54422.1	tr|A0A3B6MYT5|A0A3B6MYT5_WHEAT	77.301	163	37	0	66521	66683	131	293	4.03e-80	274
ACN54422.1	tr|V4LST4|V4LST4_EUTSA	67.513	197	62	1	66482	66676	96	292	4.19e-80	275
ACN54422.1	tr|A0A453M5C4|A0A453M5C4_AEGTS	77.301	163	37	0	66521	66683	131	293	4.27e-80	274
ACN54422.1	tr|A5YT92|A5YT92_9CARY	81.410	156	29	0	66521	66676	135	290	4.51e-80	275
ACN54422.1	tr|A0A6G1D3U5|A0A6G1D3U5_9ORYZ	77.215	158	36	0	66520	66677	132	289	4.84e-80	270
ACN54422.1	tr|A0A1C9U3X4|A0A1C9U3X4_CUCME	81.410	156	29	0	66521	66676	135	290	4.85e-80	275
ACN54422.1	tr|D6QX44|D6QX44_GLYUR	81.410	156	29	0	66521	66676	135	290	5.49e-80	274
ACN54422.1	tr|A0A6G1D3N4|A0A6G1D3N4_9ORYZ	76.074	163	39	0	66520	66682	132	294	5.80e-80	273
ACN54422.1	tr|A0A287SNS0|A0A287SNS0_HORVV	76.687	163	38	0	66521	66683	72	234	6.18e-80	271
ACN54422.1	tr|A0A199UH90|A0A199UH90_ANACO	80.645	155	30	0	66522	66676	18	172	6.24e-80	269
ACN54422.1	tr|A0A2R2WF36|A0A2R2WF36_MOMCH	81.410	156	29	0	66521	66676	135	290	6.85e-80	274
ACN54422.1	tr|D6QX45|D6QX45_GLYUR	81.410	156	29	0	66521	66676	135	290	6.91e-80	274
ACN54422.1	tr|A0A287SNY7|A0A287SNY7_HORVV	76.687	163	38	0	66521	66683	73	235	7.23e-80	271
ACN54422.1	tr|A2XN38|A2XN38_ORYSI	75.145	173	33	1	66521	66683	115	287	7.64e-80	273
ACN54422.1	tr|A0A446USW1|A0A446USW1_TRITD	75.758	165	40	0	66519	66683	93	257	7.81e-80	273
ACN54422.1	tr|A0A6G1D3N6|A0A6G1D3N6_9ORYZ	76.074	163	39	0	66520	66682	132	294	8.31e-80	273
ACN54422.1	tr|O22106|O22106_MAIZE	75.460	163	40	0	66521	66683	131	293	8.39e-80	273
ACN54422.1	tr|A0A3G3C7U8|A0A3G3C7U8_9MAGN	80.645	155	30	0	66522	66676	136	290	8.58e-80	273
ACN54422.1	tr|A0A0D3GNE7|A0A0D3GNE7_9ORYZ	76.074	163	39	0	66520	66682	106	268	8.92e-80	272
ACN54422.1	tr|A0A0E0Q5B5|A0A0E0Q5B5_ORYRU	76.687	163	38	0	66520	66682	134	296	9.36e-80	273
ACN54422.1	tr|Q6Z368|Q6Z368_ORYSJ	76.687	163	38	0	66520	66682	136	298	9.57e-80	273
ACN54422.1	tr|A0A0P0X3K4|A0A0P0X3K4_ORYSJ	76.687	163	38	0	66520	66682	136	298	9.57e-80	273
ACN54422.1	tr|A0A0D9WWK9|A0A0D9WWK9_9ORYZ	75.460	163	40	0	66520	66682	133	295	1.03e-79	273
ACN54422.1	tr|A0A1L7NQ99|A0A1L7NQ99_AMACR	81.410	156	29	0	66521	66676	135	290	1.23e-79	273
ACN54422.1	tr|A0A0V0IBV6|A0A0V0IBV6_SOLCH	77.019	161	37	0	66522	66682	18	178	1.24e-79	268
ACN54422.1	tr|D6QX39|D6QX39_GLYUR	81.410	156	29	0	66521	66676	135	290	1.27e-79	273
ACN54422.1	tr|A0A1V0CTE2|A0A1V0CTE2_LEPAP	67.513	197	62	1	66482	66676	96	292	1.30e-79	273
ACN54422.1	tr|A0A1S6LNR5|A0A1S6LNR5_SECED	77.778	162	36	0	66521	66682	135	296	1.42e-79	273
ACN54422.1	tr|A0A1D6L8A5|A0A1D6L8A5_MAIZE	76.074	163	39	0	66521	66683	131	293	1.49e-79	273
ACN54422.1	tr|A0A287SNQ1|A0A287SNQ1_HORVV	76.687	163	38	0	66521	66683	182	344	1.52e-79	271
ACN54422.1	tr|A0A1J3GRP8|A0A1J3GRP8_NOCCA	67.513	197	62	1	66482	66676	96	292	1.68e-79	273
ACN54422.1	tr|F2CXY9|F2CXY9_HORVV	76.687	163	38	0	66521	66683	131	293	1.70e-79	273
ACN54422.1	tr|A0A287SNX8|A0A287SNX8_HORVV	76.687	163	38	0	66521	66683	182	344	1.71e-79	272
ACN54422.1	tr|K9RZQ7|K9RZQ7_ALIPL	66.154	195	61	1	66487	66676	96	290	1.75e-79	273
ACN54422.1	tr|A0A453M5A5|A0A453M5A5_AEGTS	80.128	156	31	0	66521	66676	131	286	1.75e-79	268
ACN54422.1	tr|A0A1J3DCN5|A0A1J3DCN5_NOCCA	67.513	197	62	1	66482	66676	96	292	1.85e-79	273
ACN54422.1	tr|A0A287SNZ2|A0A287SNZ2_HORVV	79.114	158	33	0	66521	66678	228	385	1.90e-79	272
ACN54422.1	tr|A0A5C1H8U1|A0A5C1H8U1_ALOVR	72.881	177	38	1	66521	66697	135	301	2.00e-79	272
ACN54422.1	tr|B9F6K0|B9F6K0_ORYSJ	75.145	173	33	1	66521	66683	131	303	2.20e-79	273
ACN54422.1	tr|A0A0D3BLC7|A0A0D3BLC7_BRAOL	67.005	197	63	1	66482	66676	96	292	2.25e-79	272
ACN54422.1	tr|W1P0F0|W1P0F0_AMBTC	80.645	155	30	0	66522	66676	136	290	2.35e-79	272
ACN54422.1	tr|A0A6I9RZ81|A0A6I9RZ81_ELAGV	82.051	156	28	0	66521	66676	135	290	2.40e-79	272
ACN54422.1	tr|A0A178UT28|A0A178UT28_ARATH	71.508	179	46	2	66521	66694	135	313	2.41e-79	272
ACN54422.1	tr|S8D3E1|S8D3E1_9LAMI	78.344	157	34	0	66521	66677	135	291	2.44e-79	268
ACN54422.1	sp|P53799|FDFT1_ARATH	71.508	179	46	2	66521	66694	135	313	2.50e-79	272
ACN54422.1	tr|J3LTW3|J3LTW3_ORYBR	77.301	163	37	0	66521	66683	131	293	2.54e-79	272
ACN54422.1	tr|A0A3P6BWQ8|A0A3P6BWQ8_BRAOL	55.019	269	97	6	66415	66676	57	308	2.84e-79	273
ACN54422.1	tr|A0A1J3IIT0|A0A1J3IIT0_NOCCA	67.513	197	62	1	66482	66676	96	292	2.85e-79	272
ACN54422.1	tr|A0A5J9W894|A0A5J9W894_9POAL	76.074	163	39	0	66521	66683	132	294	2.86e-79	272
ACN54422.1	tr|A0A1J3EFZ1|A0A1J3EFZ1_NOCCA	67.513	197	62	1	66482	66676	96	292	2.89e-79	273
ACN54422.1	tr|A0A1D1Z163|A0A1D1Z163_9ARAE	70.811	185	45	1	66522	66697	216	400	3.11e-79	276
ACN54422.1	tr|N1QSR8|N1QSR8_AEGTA	75.758	165	40	0	66519	66683	175	339	3.26e-79	273
ACN54422.1	tr|M0ZV25|M0ZV25_SOLTU	77.640	161	36	0	66522	66682	136	296	3.37e-79	272
ACN54422.1	tr|A0A565C9Q8|A0A565C9Q8_9BRAS	64.151	212	64	2	66488	66697	102	303	3.40e-79	272
ACN54422.1	tr|A0A6J1L4K6|A0A6J1L4K6_CUCMA	80.769	156	30	0	66521	66676	135	290	3.57e-79	272
ACN54422.1	tr|A0A397YKK9|A0A397YKK9_BRACM	67.005	197	63	1	66482	66676	96	292	3.60e-79	272
ACN54422.1	tr|A0A078FXL1|A0A078FXL1_BRANA	55.019	269	97	6	66415	66676	57	308	3.68e-79	272
ACN54422.1	tr|A0A1P7Y094|A0A1P7Y094_PANGI	71.123	187	24	1	66520	66676	134	320	4.58e-79	273
ACN54422.1	tr|A0A140DJS0|A0A140DJS0_9MAGN	79.487	156	32	0	66521	66676	135	290	4.84e-79	271
ACN54422.1	tr|A0A0E0E8V4|A0A0E0E8V4_9ORYZ	75.460	163	40	0	66520	66682	133	295	5.01e-79	271
ACN54422.1	tr|A0A3N6SXH7|A0A3N6SXH7_BRACR	72.626	179	37	2	66521	66697	128	296	5.27e-79	271
ACN54422.1	tr|I1Q8V6|I1Q8V6_ORYGL	76.074	163	39	0	66520	66682	136	298	5.39e-79	271
ACN54422.1	tr|A0A0D3GNE6|A0A0D3GNE6_9ORYZ	76.074	163	39	0	66520	66682	136	298	5.39e-79	271
ACN54422.1	tr|A0A2R2WEV1|A0A2R2WEV1_MOMCO	80.769	156	30	0	66521	66676	135	290	5.50e-79	271
ACN54422.1	tr|D6QX42|D6QX42_GLYUR	82.051	156	27	1	66521	66676	135	289	5.56e-79	271
ACN54422.1	tr|D6QX47|D6QX47_GLYUR	82.051	156	27	1	66521	66676	135	289	5.78e-79	271
ACN54422.1	tr|A0A287SNX0|A0A287SNX0_HORVV	76.687	163	38	0	66521	66683	191	353	6.12e-79	273
ACN54422.1	tr|A0A1S3X3R9|A0A1S3X3R9_TOBAC	77.419	155	35	0	66522	66676	36	190	6.53e-79	267
ACN54422.1	tr|A0A7G5VWJ9|A0A7G5VWJ9_GLYUR	80.769	156	30	0	66521	66676	135	290	7.29e-79	271
ACN54422.1	tr|A0A7C8YTT5|A0A7C8YTT5_OPUST	81.410	156	29	0	66521	66676	135	290	7.30e-79	271
ACN54422.1	tr|A0A6J1G684|A0A6J1G684_CUCMO	80.769	156	30	0	66521	66676	135	290	7.40e-79	271
ACN54422.1	tr|J3MJA2|J3MJA2_ORYBR	74.233	163	42	0	66520	66682	16	178	8.24e-79	266
ACN54422.1	tr|A0A6J0KIP0|A0A6J0KIP0_RAPSA	67.005	197	63	1	66482	66676	96	292	8.38e-79	271
ACN54422.1	tr|V5QRI7|V5QRI7_9LILI	62.212	217	67	2	66486	66697	95	301	8.52e-79	271
ACN54422.1	tr|A0A1P7Y0C6|A0A1P7Y0C6_PANGI	71.123	187	24	1	66520	66676	134	320	8.96e-79	272
ACN54422.1	tr|A0A3P5ZMV9|A0A3P5ZMV9_BRACM	79.747	158	30	1	66521	66676	124	281	9.21e-79	270
ACN54422.1	tr|M4D4Z1|M4D4Z1_BRARP	79.747	158	30	1	66521	66676	124	281	9.21e-79	270
ACN54422.1	tr|A0A3N6Q4G3|A0A3N6Q4G3_BRACR	79.747	158	30	1	66521	66676	124	281	9.85e-79	270
ACN54422.1	tr|A0A1D1Z5K1|A0A1D1Z5K1_9ARAE	73.864	176	36	1	66522	66697	216	381	1.12e-78	273
ACN54422.1	tr|A0A3Q7IH35|A0A3Q7IH35_SOLLC	77.640	161	36	0	66522	66682	108	268	1.17e-78	271
ACN54422.1	tr|Q8GSL6|Q8GSL6_MEDTR	78.261	161	35	0	66522	66682	136	296	1.20e-78	270
ACN54422.1	tr|A0A0E0AH01|A0A0E0AH01_9ORYZ	75.460	163	40	0	66520	66682	179	341	1.27e-78	272
ACN54422.1	tr|A0A398AL44|A0A398AL44_BRACM	67.005	197	63	1	66482	66676	96	292	1.28e-78	270
ACN54422.1	tr|A0A2I0W8D1|A0A2I0W8D1_9ASPA	71.751	177	40	1	66521	66697	144	310	1.38e-78	270
ACN54422.1	tr|A0A287SNW6|A0A287SNW6_HORVV	76.687	163	38	0	66521	66683	242	404	1.42e-78	274
ACN54422.1	tr|A0A6D2HVU9|A0A6D2HVU9_9BRAS	67.005	197	63	1	66482	66676	144	340	1.82e-78	272
ACN54422.1	tr|A0A2G3BDS2|A0A2G3BDS2_CAPCH	76.398	161	38	0	66522	66682	136	296	2.05e-78	266
ACN54422.1	tr|A0A3N6R387|A0A3N6R387_BRACR	77.848	158	33	1	66521	66676	48	205	2.94e-78	266
ACN54422.1	tr|M4DMD4|M4DMD4_BRARP	72.067	179	38	2	66521	66697	105	273	3.02e-78	268
ACN54422.1	tr|A0A087GJP5|A0A087GJP5_ARAAL	79.747	158	30	1	66521	66676	135	292	3.28e-78	269
ACN54422.1	tr|A0A1S3X3Y1|A0A1S3X3Y1_TOBAC	76.923	156	36	0	66521	66676	75	230	3.75e-78	266
ACN54422.1	tr|A0A2R2WG76|A0A2R2WG76_CUCMO	80.128	156	31	0	66521	66676	135	290	3.97e-78	269
ACN54422.1	tr|A0A446USG2|A0A446USG2_TRITD	75.449	167	37	1	66521	66683	131	297	4.07e-78	269
ACN54422.1	tr|A0A385AJK6|A0A385AJK6_9LILI	66.327	196	61	1	66486	66676	95	290	4.48e-78	269
ACN54422.1	tr|A0A1D8RGA9|A0A1D8RGA9_ALBBR	71.186	177	41	1	66521	66697	135	301	6.46e-78	268
ACN54422.1	tr|I3S9I1|I3S9I1_MEDTR	77.640	161	36	0	66522	66682	136	296	7.50e-78	268
ACN54422.1	tr|A0A1D6L8B0|A0A1D6L8B0_MAIZE	77.483	151	34	0	66533	66683	1	151	7.95e-78	258
ACN54422.1	tr|I1GLZ4|I1GLZ4_BRADI	74.233	163	42	0	66521	66683	131	293	8.94e-78	264
ACN54422.1	tr|D3YHM9|D3YHM9_9SOLA	66.332	199	55	2	66522	66720	136	322	9.33e-78	268
ACN54422.1	tr|A0A6P5F776|A0A6P5F776_ANACO	80.128	156	31	0	66521	66676	135	290	1.11e-77	268
ACN54422.1	tr|A0A3L6ESP6|A0A3L6ESP6_MAIZE	74.847	163	41	0	66521	66683	131	293	1.19e-77	268
ACN54422.1	tr|A0A6J0MG93|A0A6J0MG93_RAPSA	78.481	158	32	1	66521	66676	135	292	1.24e-77	267
ACN54422.1	tr|A0A3P6BGY0|A0A3P6BGY0_BRACM	79.114	158	31	1	66521	66676	166	323	1.37e-77	268
ACN54422.1	tr|A0A6V7QBZ2|A0A6V7QBZ2_ANACO	80.128	156	31	0	66521	66676	135	290	1.47e-77	267
ACN54422.1	tr|W9SSB5|W9SSB5_9ROSA	82.716	162	28	0	66521	66682	135	296	1.52e-77	267
ACN54422.1	tr|A0A1P8SJD7|A0A1P8SJD7_HEDHE	73.171	164	44	0	66519	66682	133	296	1.59e-77	265
ACN54422.1	tr|A0A1U8EBK8|A0A1U8EBK8_CAPAN	76.398	161	38	0	66522	66682	136	296	1.74e-77	267
ACN54422.1	tr|A0A1S3WYJ8|A0A1S3WYJ8_TOBAC	78.261	161	35	0	66522	66682	136	296	1.84e-77	267
ACN54422.1	tr|A0A397L0G7|A0A397L0G7_BRACM	65.990	197	65	1	66482	66676	96	292	1.86e-77	267
