AZC11738.1	tr|A0A6P6AYJ3|A0A6P6AYJ3_DURZI	46.309	745	362	14	1204	1919	83	818	0.0	673
AZC11738.1	tr|A0A061DRP6|A0A061DRP6_THECC	45.722	748	366	12	1204	1919	80	819	0.0	667
AZC11738.1	tr|A0A0D2TEJ4|A0A0D2TEJ4_GOSRA	46.410	752	357	14	1204	1919	84	825	0.0	667
AZC11738.1	tr|A0A0D2SCU6|A0A0D2SCU6_GOSRA	46.410	752	357	14	1204	1919	79	820	0.0	667
AZC11738.1	tr|A0A5D2AKU9|A0A5D2AKU9_GOSDA	46.277	752	358	14	1204	1919	79	820	0.0	664
AZC11738.1	tr|A0A6A2ZK67|A0A6A2ZK67_HIBSY	46.917	746	357	13	1204	1919	76	812	0.0	664
AZC11738.1	tr|A0A1R3KD90|A0A1R3KD90_9ROSI	45.491	754	364	14	1204	1919	52	796	0.0	664
AZC11738.1	tr|A0A2P5VNL3|A0A2P5VNL3_GOSBA	45.539	751	365	14	1202	1919	81	820	0.0	662
AZC11738.1	tr|A0A6J1A3D9|A0A6J1A3D9_9ROSI	45.455	748	368	11	1204	1919	81	820	0.0	662
AZC11738.1	tr|A0A6P5XJQ6|A0A6P5XJQ6_DURZI	46.533	750	357	15	1204	1919	90	829	0.0	662
AZC11738.1	tr|A0A5D2SRA1|A0A5D2SRA1_GOSMU	46.144	752	359	14	1204	1919	79	820	0.0	662
AZC11738.1	tr|A0A5D2IMT8|A0A5D2IMT8_GOSTO	46.144	752	359	14	1204	1919	79	820	0.0	661
AZC11738.1	tr|A0A5J5PBE5|A0A5J5PBE5_GOSBA	46.144	752	359	14	1204	1919	79	820	0.0	661
AZC11738.1	tr|A0A0D2RVD7|A0A0D2RVD7_GOSRA	45.310	757	364	14	1202	1919	81	826	0.0	661
AZC11738.1	tr|A0A1U8K0S2|A0A1U8K0S2_GOSHI	46.144	752	359	14	1204	1919	79	820	0.0	661
AZC11738.1	tr|A0A0B0MLW2|A0A0B0MLW2_GOSAR	46.676	752	355	15	1204	1919	79	820	0.0	661
AZC11738.1	tr|A0A6P4PFN7|A0A6P4PFN7_GOSAR	46.676	752	355	15	1204	1919	79	820	0.0	661
AZC11738.1	tr|A0A5D2EL01|A0A5D2EL01_GOSDA	46.676	752	355	15	1204	1919	79	820	0.0	660
AZC11738.1	tr|A0A5J5TRU2|A0A5J5TRU2_GOSBA	46.676	752	355	15	1204	1919	79	820	0.0	660
AZC11738.1	tr|A0A1U8L252|A0A1U8L252_GOSHI	46.676	752	355	15	1204	1919	79	820	0.0	660
AZC11738.1	tr|A0A2P5YB68|A0A2P5YB68_GOSBA	46.676	752	355	15	1204	1919	94	835	0.0	660
AZC11738.1	tr|A0A5D2NAU5|A0A5D2NAU5_GOSTO	46.676	752	355	15	1204	1919	79	820	0.0	659
AZC11738.1	tr|A0A0F6P1E0|A0A0F6P1E0_GOSHI	46.543	752	356	15	1204	1919	79	820	0.0	659
AZC11738.1	tr|A0A1U8JKU5|A0A1U8JKU5_GOSHI	45.178	757	365	14	1202	1919	305	1050	0.0	656
AZC11738.1	tr|A0A5J5UM44|A0A5J5UM44_GOSBA	45.046	757	365	15	1202	1919	77	821	0.0	655
AZC11738.1	tr|A0A6P6A408|A0A6P6A408_DURZI	45.238	756	363	14	1203	1919	77	820	0.0	654
AZC11738.1	tr|A0A6P4NY08|A0A6P4NY08_GOSAR	45.046	757	365	15	1202	1919	78	822	0.0	654
AZC11738.1	tr|A0A5D2TSY5|A0A5D2TSY5_GOSMU	45.178	757	359	15	1202	1919	81	820	0.0	652
AZC11738.1	tr|A0A5D2JSC8|A0A5D2JSC8_GOSTO	44.778	766	364	15	1202	1919	78	832	0.0	652
AZC11738.1	tr|A0A0D2QU00|A0A0D2QU00_GOSRA	45.178	757	359	15	1202	1919	81	820	0.0	652
AZC11738.1	tr|A0A5B6W1C0|A0A5B6W1C0_9ROSI	44.744	780	357	15	1204	1919	79	848	0.0	649
AZC11738.1	tr|A0A5J5QAP1|A0A5J5QAP1_GOSBA	43.511	786	365	15	1202	1919	78	852	0.0	645
AZC11738.1	tr|A0A6A2YFA9|A0A6A2YFA9_HIBSY	45.020	753	366	14	1204	1917	48	791	0.0	644
AZC11738.1	tr|A0A5D2FHC5|A0A5D2FHC5_GOSDA	43.830	778	365	16	1202	1919	77	842	0.0	643
AZC11738.1	tr|A0A5D2BHS4|A0A5D2BHS4_GOSDA	42.912	783	374	13	1202	1919	78	852	0.0	640
AZC11738.1	tr|A0A6A2WL80|A0A6A2WL80_HIBSY	45.047	737	334	13	1202	1919	68	752	0.0	636
AZC11738.1	tr|A0A0D2P8N6|A0A0D2P8N6_GOSRA	46.121	696	325	14	1263	1919	13	697	0.0	612
AZC11738.1	tr|A0A0D2MVC3|A0A0D2MVC3_GOSRA	45.977	696	320	15	1263	1919	13	691	0.0	602
AZC11738.1	tr|A0A1U8I4V5|A0A1U8I4V5_GOSHI	52.256	532	250	4	1202	1733	80	607	0.0	597
AZC11738.1	tr|A0A5D2PBY4|A0A5D2PBY4_GOSTO	42.649	755	354	16	1204	1919	77	791	0.0	597
AZC11738.1	tr|A0A5B6VQ16|A0A5B6VQ16_9ROSI	41.534	756	354	16	1202	1919	79	784	0.0	578
AZC11738.1	tr|A0A2P5YCV9|A0A2P5YCV9_GOSBA	39.157	807	336	20	1202	1919	77	817	1.55e-172	542
AZC11738.1	tr|A0A5D2Y6G2|A0A5D2Y6G2_GOSMU	44.373	622	296	14	1337	1919	1	611	6.60e-164	511
AZC11738.1	tr|A0A5D2X6M0|A0A5D2X6M0_GOSMU	45.557	619	291	15	1337	1919	1	609	7.58e-164	511
AZC11738.1	tr|A0A5D2Y628|A0A5D2Y628_GOSMU	53.652	397	181	3	1337	1733	1	394	1.03e-145	454
AZC11738.1	tr|A0A061FB72|A0A061FB72_THECC	32.422	512	321	12	1231	1733	43	538	2.63e-77	270
AZC11738.1	tr|A0A6J1BJJ9|A0A6J1BJJ9_9ROSI	31.845	515	320	13	1231	1733	62	557	3.95e-76	267
AZC11738.1	tr|A0A6J1BMG1|A0A6J1BMG1_9ROSI	31.518	514	323	12	1231	1733	29	524	4.41e-76	266
AZC11738.1	tr|A0A6J1BJ26|A0A6J1BJ26_9ROSI	31.845	515	320	13	1231	1733	43	538	4.80e-76	266
AZC11738.1	tr|A0A5B6VDQ4|A0A5B6VDQ4_9ROSI	30.337	534	349	13	1204	1733	1	515	3.84e-74	253
AZC11738.1	tr|A0A1R3JZA1|A0A1R3JZA1_COCAP	31.936	501	317	13	1241	1733	6	490	9.45e-74	258
AZC11738.1	tr|A0A0B0NPR1|A0A0B0NPR1_GOSAR	31.250	496	322	11	1242	1733	7	487	5.98e-73	256
AZC11738.1	tr|A0A1R3I5L9|A0A1R3I5L9_9ROSI	32.207	503	313	13	1241	1733	6	490	9.10e-73	255
AZC11738.1	tr|A0A6P4NJJ4|A0A6P4NJJ4_GOSAR	31.250	496	322	11	1242	1733	52	532	1.77e-72	255
AZC11738.1	tr|A0A5J5WUX2|A0A5J5WUX2_GOSBA	30.847	496	324	11	1242	1733	52	532	6.77e-72	248
AZC11738.1	tr|A0A5D2DNV8|A0A5D2DNV8_GOSDA	31.048	496	323	11	1242	1733	52	532	2.36e-71	247
AZC11738.1	tr|A0A5J5SSN0|A0A5J5SSN0_GOSBA	31.048	496	323	11	1242	1733	52	532	2.36e-71	247
AZC11738.1	tr|A0A6P5Y2X1|A0A6P5Y2X1_DURZI	31.518	514	323	13	1231	1733	47	542	3.46e-71	252
AZC11738.1	tr|A0A6P4Q6U7|A0A6P4Q6U7_GOSAR	31.250	496	321	12	1242	1733	52	531	3.81e-71	251
AZC11738.1	tr|A0A0D2QB55|A0A0D2QB55_GOSRA	31.048	496	323	11	1242	1733	52	532	3.86e-71	246
AZC11738.1	tr|A0A5D2M7P2|A0A5D2M7P2_GOSTO	31.048	496	323	11	1242	1733	52	532	4.08e-71	246
AZC11738.1	tr|A0A5D2W5P0|A0A5D2W5P0_GOSMU	30.847	496	324	11	1242	1733	52	532	7.55e-71	245
AZC11738.1	tr|A0A5D3AFA5|A0A5D3AFA5_GOSMU	31.048	496	323	11	1242	1733	52	532	1.31e-70	250
AZC11738.1	tr|A0A2P5YL47|A0A2P5YL47_GOSBA	30.847	496	324	11	1242	1733	52	532	2.52e-70	249
AZC11738.1	tr|A0A5D2RT53|A0A5D2RT53_GOSTO	30.847	496	324	11	1242	1733	52	532	2.76e-70	249
AZC11738.1	tr|A0A5D2HL30|A0A5D2HL30_GOSDA	30.847	496	324	11	1242	1733	52	532	2.92e-70	249
AZC11738.1	tr|A0A5J5WY97|A0A5J5WY97_GOSBA	30.847	496	324	11	1242	1733	52	532	2.92e-70	249
AZC11738.1	tr|A0A0F6P1F4|A0A0F6P1F4_GOSHI	31.048	496	323	11	1242	1733	52	532	3.55e-70	248
AZC11738.1	tr|A0A5J5SMQ7|A0A5J5SMQ7_GOSBA	31.048	496	322	12	1242	1733	52	531	4.66e-70	243
AZC11738.1	tr|A0A5J5SM30|A0A5J5SM30_GOSBA	31.048	496	323	11	1242	1733	52	532	6.85e-70	248
AZC11738.1	tr|A0A5D2DNV7|A0A5D2DNV7_GOSDA	31.048	496	323	11	1242	1733	52	532	6.85e-70	248
AZC11738.1	tr|A0A5D2M7V5|A0A5D2M7V5_GOSTO	31.048	496	323	11	1242	1733	52	532	1.13e-69	247
AZC11738.1	tr|A0A0D2NL89|A0A0D2NL89_GOSRA	31.048	496	323	11	1242	1733	52	532	1.37e-69	247
AZC11738.1	tr|A0A5D2W609|A0A5D2W609_GOSMU	30.847	496	324	11	1242	1733	52	532	2.84e-69	246
AZC11738.1	tr|A0A1U8KVQ8|A0A1U8KVQ8_GOSHI	30.847	496	324	11	1242	1733	52	532	3.97e-69	245
AZC11738.1	tr|A0A5D2UVP2|A0A5D2UVP2_GOSMU	30.882	544	350	13	1219	1746	7	540	1.28e-68	238
AZC11738.1	tr|A0A5J5SP36|A0A5J5SP36_GOSBA	31.048	496	322	12	1242	1733	52	531	1.50e-68	244
AZC11738.1	tr|A0A1U8KZL8|A0A1U8KZL8_GOSHI	30.847	496	323	12	1242	1733	52	531	1.07e-67	241
AZC11738.1	tr|A0A5D2UWD7|A0A5D2UWD7_GOSMU	29.441	608	392	17	1219	1802	7	601	3.79e-67	239
AZC11738.1	tr|A0A5J5RE67|A0A5J5RE67_GOSBA	29.441	608	392	17	1219	1802	7	601	4.08e-67	239
AZC11738.1	tr|A0A5J5REK4|A0A5J5REK4_GOSBA	29.392	609	392	17	1219	1802	7	602	5.23e-67	239
AZC11738.1	tr|A0A5D2KWI5|A0A5D2KWI5_GOSTO	29.441	608	392	17	1219	1802	7	601	6.13e-67	239
AZC11738.1	tr|A0A0D2QHU6|A0A0D2QHU6_GOSRA	30.000	610	386	17	1219	1802	7	601	1.27e-66	238
AZC11738.1	tr|A0A6A3AVR3|A0A6A3AVR3_HIBSY	30.337	623	384	19	1219	1810	5	608	5.62e-66	236
AZC11738.1	tr|A0A5J5VSL3|A0A5J5VSL3_GOSBA	29.344	610	390	17	1219	1802	5	599	5.97e-65	233
AZC11738.1	tr|A0A2I4U4A7|A0A2I4U4A7_GOSHI	29.344	610	390	17	1219	1802	7	601	6.70e-65	233
AZC11738.1	tr|A0A5D2QH00|A0A5D2QH00_GOSTO	29.344	610	390	17	1219	1802	5	599	7.25e-65	232
AZC11738.1	tr|A0A5D2GIF6|A0A5D2GIF6_GOSDA	29.344	610	390	17	1219	1802	5	599	7.32e-65	232
AZC11738.1	tr|A0A6P4MDV3|A0A6P4MDV3_GOSAR	29.344	610	390	17	1219	1802	5	599	1.19e-64	232
AZC11738.1	tr|A0A1U8K7B2|A0A1U8K7B2_GOSHI	29.344	610	390	17	1219	1802	5	599	1.31e-64	231
AZC11738.1	tr|A0A5D2Z9I0|A0A5D2Z9I0_GOSMU	29.344	610	390	17	1219	1802	5	599	3.41e-64	230
AZC11738.1	tr|A0A6P5X9V3|A0A6P5X9V3_DURZI	29.808	624	385	21	1223	1815	8	609	3.47e-63	227
AZC11738.1	tr|A0A5D2HLR1|A0A5D2HLR1_GOSDA	30.040	496	312	12	1242	1733	52	516	4.79e-63	227
AZC11738.1	tr|A0A061GFZ6|A0A061GFZ6_THECC	29.180	610	402	15	1242	1827	30	633	1.73e-62	226
AZC11738.1	tr|A0A6J1B7I3|A0A6J1B7I3_9ROSI	28.268	612	401	14	1242	1825	30	631	3.69e-62	225
AZC11738.1	tr|A0A6P6BJR6|A0A6P6BJR6_DURZI	28.922	612	399	17	1242	1827	29	630	9.41e-61	221
AZC11738.1	tr|A0A2I4U6U0|A0A2I4U6U0_GOSHI	27.630	637	431	16	1218	1827	3	636	3.87e-59	216
AZC11738.1	tr|A0A5D2UWM5|A0A5D2UWM5_GOSMU	27.473	637	432	16	1218	1827	3	636	9.14e-59	215
AZC11738.1	tr|A0A5J5RJ25|A0A5J5RJ25_GOSBA	27.473	637	432	16	1218	1827	3	636	1.14e-58	215
AZC11738.1	tr|A0A5D2KW13|A0A5D2KW13_GOSTO	27.473	637	432	16	1218	1827	3	636	1.14e-58	215
AZC11738.1	tr|A0A5D2CJC6|A0A5D2CJC6_GOSDA	27.473	637	432	16	1218	1827	3	636	1.30e-58	215
AZC11738.1	tr|A0A5J5VPM2|A0A5J5VPM2_GOSBA	27.543	639	431	17	1218	1827	3	638	2.17e-58	214
AZC11738.1	tr|A0A061GFI8|A0A061GFI8_THECC	30.092	545	357	15	1215	1740	1	540	2.52e-58	209
AZC11738.1	tr|A0A0D2S2T8|A0A0D2S2T8_GOSRA	27.473	637	432	16	1218	1827	3	636	3.30e-58	213
AZC11738.1	tr|A0A5D2QGY5|A0A5D2QGY5_GOSTO	27.613	641	428	18	1218	1827	3	638	3.41e-58	213
AZC11738.1	tr|A0A6P5WKF2|A0A6P5WKF2_DURZI	28.840	638	406	18	1223	1825	1	625	3.49e-58	213
AZC11738.1	tr|A0A5D2GIF0|A0A5D2GIF0_GOSDA	27.387	639	432	17	1218	1827	3	638	1.22e-57	212
AZC11738.1	tr|A0A2P5X3K2|A0A2P5X3K2_GOSBA	27.387	639	432	17	1218	1827	3	638	1.37e-57	212
AZC11738.1	tr|A0A1U8KDY5|A0A1U8KDY5_GOSHI	27.387	639	432	17	1218	1827	3	638	1.37e-57	212
AZC11738.1	tr|A0A061GEP1|A0A061GEP1_THECC	30.092	545	357	15	1215	1740	1	540	2.46e-57	210
AZC11738.1	tr|A0A061GGQ0|A0A061GGQ0_THECC	28.372	645	414	20	1215	1825	1	631	1.21e-56	208
AZC11738.1	tr|A0A1U8KGL4|A0A1U8KGL4_GOSHI	28.138	494	302	11	1242	1733	52	494	1.90e-56	206
AZC11738.1	tr|A0A2P5X3M1|A0A2P5X3M1_GOSBA	28.079	609	358	18	1219	1802	5	558	9.25e-55	201
AZC11738.1	tr|A0A6J1B6G5|A0A6J1B6G5_9ROSI	28.996	538	352	14	1229	1740	7	540	5.01e-54	200
AZC11738.1	tr|A0A6P4P8H3|A0A6P4P8H3_GOSAR	29.929	421	278	10	1315	1733	1	406	9.69e-53	193
AZC11738.1	tr|A0A5D2Z786|A0A5D2Z786_GOSMU	27.074	639	428	18	1218	1827	3	632	1.72e-52	196
AZC11738.1	tr|A0A1R3I1N0|A0A1R3I1N0_COCAP	26.687	652	437	20	1208	1827	942	1584	1.87e-52	199
AZC11738.1	tr|A0A6J1B685|A0A6J1B685_9ROSI	27.903	620	376	21	1229	1815	7	588	5.12e-52	194
AZC11738.1	tr|A0A1U8L0G2|A0A1U8L0G2_GOSHI	29.454	421	280	10	1315	1733	1	406	2.59e-49	183
AZC11738.1	tr|A0A1R3H3Z1|A0A1R3H3Z1_9ROSI	25.926	648	384	19	1215	1827	1	587	2.26e-47	179
AZC11738.1	tr|A0A1R3H441|A0A1R3H441_9ROSI	26.822	645	389	20	1223	1827	1	602	3.59e-45	172
AZC11738.1	tr|A0A5D2CGW5|A0A5D2CGW5_GOSDA	28.395	405	266	11	1414	1802	4	400	6.38e-39	150
AZC11738.1	tr|A0A5J5REZ3|A0A5J5REZ3_GOSBA	28.395	405	266	11	1414	1802	4	400	6.56e-39	150
AZC11738.1	tr|A0A5D2CHE9|A0A5D2CHE9_GOSDA	27.506	429	294	10	1414	1827	5	431	7.80e-39	151
AZC11738.1	tr|A0A6B8N100|A0A6B8N100_TAICR	33.803	284	171	6	1441	1721	63	332	3.85e-35	139
AZC11738.1	tr|A0A6A3ATB9|A0A6A3ATB9_HIBSY	28.056	360	228	12	1468	1810	11	356	2.02e-28	117
AZC11738.1	tr|A0A1S2X8Q6|A0A1S2X8Q6_CUCME	28.413	271	172	4	1464	1733	77	326	2.64e-27	114
AZC11738.1	sp|B2KSJ5|GCSY1_CUCME	28.413	271	172	4	1464	1733	77	326	2.64e-27	114
AZC11738.1	tr|A0A061F9B8|A0A061F9B8_THECC	31.408	277	152	8	1458	1729	24	267	8.26e-27	112
AZC11738.1	tr|A0A0D2U0V5|A0A0D2U0V5_GOSRA	31.461	267	149	7	1464	1729	73	306	2.06e-25	105
AZC11738.1	tr|A0A1U8J8U5|A0A1U8J8U5_GOSHI	28.955	335	199	9	1464	1792	73	374	6.96e-25	107
AZC11738.1	tr|A0A1R3HFW4|A0A1R3HFW4_COCAP	28.523	298	176	7	1446	1739	77	341	8.55e-25	107
AZC11738.1	tr|A0A6J1ALW4|A0A6J1ALW4_9ROSI	30.279	251	139	5	1468	1717	113	328	8.92e-25	107
AZC11738.1	tr|A0A5J5RN62|A0A5J5RN62_GOSBA	32.342	269	144	8	1464	1729	73	306	9.38e-25	106
AZC11738.1	tr|A0A5D2L6J8|A0A5D2L6J8_GOSTO	31.970	269	145	8	1464	1729	73	306	9.46e-25	103
AZC11738.1	tr|A0A0D2V1I1|A0A0D2V1I1_GOSRA	28.657	335	200	8	1464	1792	73	374	9.75e-25	106
AZC11738.1	tr|A0A5D2L641|A0A5D2L641_GOSTO	28.358	335	201	8	1464	1792	73	374	1.32e-24	106
AZC11738.1	tr|A0A5D2V6X0|A0A5D2V6X0_GOSMU	28.657	335	200	9	1464	1792	73	374	1.39e-24	106
AZC11738.1	tr|A0A2P5YXF4|A0A2P5YXF4_GOSBA	28.986	345	201	11	1458	1800	64	366	1.40e-24	105
AZC11738.1	tr|A0A5D2V6Z6|A0A5D2V6Z6_GOSMU	29.167	336	197	9	1464	1792	73	374	1.48e-24	106
AZC11738.1	tr|A0A1U8JA11|A0A1U8JA11_GOSHI	29.167	336	197	9	1464	1792	73	374	1.60e-24	105
AZC11738.1	tr|A0A5J5RNZ8|A0A5J5RNZ8_GOSBA	28.358	335	201	8	1464	1792	66	367	1.64e-24	105
AZC11738.1	tr|A0A5D2CUK9|A0A5D2CUK9_GOSDA	28.358	335	201	8	1464	1792	73	374	1.73e-24	105
AZC11738.1	tr|A0A0D2SHM4|A0A0D2SHM4_GOSRA	29.167	336	197	10	1464	1792	73	374	1.95e-24	104
AZC11738.1	tr|A0A5D2QUA5|A0A5D2QUA5_GOSTO	30.337	267	152	7	1464	1729	73	306	2.00e-24	102
AZC11738.1	tr|Q9SW77|Q9SW77_GOSAR	31.086	267	150	6	1464	1729	73	306	2.26e-24	105
AZC11738.1	tr|A0A5D2ZJT3|A0A5D2ZJT3_GOSMU	29.290	338	194	11	1464	1792	73	374	2.28e-24	105
AZC11738.1	tr|A0A5D2QX60|A0A5D2QX60_GOSTO	29.290	338	194	11	1464	1792	73	374	2.28e-24	105
AZC11738.1	tr|A0A5D2GU91|A0A5D2GU91_GOSDA	29.290	338	194	11	1464	1792	73	374	2.28e-24	105
AZC11738.1	tr|A0A2P5X227|A0A2P5X227_GOSBA	29.290	338	194	11	1464	1792	73	374	2.28e-24	105
AZC11738.1	sp|Q39760|DCS2_GOSAR	29.290	338	194	11	1464	1792	73	374	2.28e-24	105
AZC11738.1	tr|A0A1U8KZD2|A0A1U8KZD2_GOSHI	29.290	338	194	11	1464	1792	73	374	2.44e-24	105
AZC11738.1	tr|A0A5D2ZMF5|A0A5D2ZMF5_GOSMU	31.086	267	150	6	1464	1729	73	306	2.65e-24	105
AZC11738.1	tr|A0A1U8J3X8|A0A1U8J3X8_GOSHI	30.712	267	151	6	1464	1729	73	306	2.77e-24	105
AZC11738.1	tr|A0A6P5Z281|A0A6P5Z281_DURZI	30.068	296	165	8	1460	1752	68	324	2.89e-24	105
AZC11738.1	tr|A0A0B0NUB2|A0A0B0NUB2_GOSAR	31.086	267	150	6	1464	1729	73	306	3.30e-24	101
AZC11738.1	tr|Q4VP12|Q4VP12_GOSHI	30.712	267	151	6	1464	1729	73	306	3.64e-24	104
AZC11738.1	tr|A0A5D2CQF0|A0A5D2CQF0_GOSDA	30.712	267	151	6	1464	1729	73	306	3.64e-24	104
AZC11738.1	tr|A0A0B0NU20|A0A0B0NU20_GOSAR	31.086	267	150	6	1464	1729	73	306	3.73e-24	105
AZC11738.1	tr|A0A0D2U0X2|A0A0D2U0X2_GOSRA	28.869	336	198	9	1464	1792	73	374	3.74e-24	104
AZC11738.1	tr|A0A0D2U3X1|A0A0D2U3X1_GOSRA	28.571	336	199	9	1464	1792	73	374	3.84e-24	104
AZC11738.1	tr|A0A5D2QV40|A0A5D2QV40_GOSTO	31.086	267	150	6	1464	1729	73	306	4.01e-24	104
AZC11738.1	tr|A0A5D2ZIQ1|A0A5D2ZIQ1_GOSMU	31.086	267	150	6	1464	1729	73	306	4.08e-24	104
AZC11738.1	tr|A0A5J5RND0|A0A5J5RND0_GOSBA	30.712	267	151	6	1464	1729	73	306	4.13e-24	104
AZC11738.1	tr|Q9LKN1|Q9LKN1_GOSHI	30.712	267	151	6	1464	1729	70	303	4.19e-24	104
AZC11738.1	tr|A0A6P4LEA7|A0A6P4LEA7_GOSAR	31.086	267	150	6	1464	1729	73	306	4.30e-24	104
AZC11738.1	tr|A0A5J5RR77|A0A5J5RR77_GOSBA	29.586	338	193	11	1464	1792	73	374	4.42e-24	104
AZC11738.1	tr|A0A5D2QXW0|A0A5D2QXW0_GOSTO	31.086	267	150	6	1464	1729	73	306	4.58e-24	104
AZC11738.1	tr|A0A5J5W3M3|A0A5J5W3M3_GOSBA	31.086	267	150	6	1464	1729	73	306	4.87e-24	104
AZC11738.1	tr|A0A5D2GTP4|A0A5D2GTP4_GOSDA	31.086	267	150	6	1464	1729	73	306	4.87e-24	104
AZC11738.1	tr|A0A6P4LI96|A0A6P4LI96_GOSAR	32.463	268	145	9	1464	1729	73	306	5.09e-24	104
AZC11738.1	tr|A0A0D2QXJ4|A0A0D2QXJ4_GOSRA	28.869	336	198	9	1464	1792	73	374	5.14e-24	104
AZC11738.1	tr|A0A5D2CV64|A0A5D2CV64_GOSDA	29.586	338	193	11	1464	1792	73	374	5.18e-24	104
AZC11738.1	tr|A0A1U8KU68|A0A1U8KU68_GOSHI	31.086	267	150	6	1464	1729	73	306	5.32e-24	104
AZC11738.1	tr|A0A6P4NXY0|A0A6P4NXY0_GOSAR	28.125	320	183	9	1419	1733	33	310	5.35e-24	104
AZC11738.1	tr|A0A0B0N2F3|A0A0B0N2F3_GOSAR	29.290	338	194	12	1464	1792	73	374	5.41e-24	104
AZC11738.1	tr|A0A1U8JA20|A0A1U8JA20_GOSHI	31.970	269	145	8	1464	1729	73	306	5.51e-24	104
AZC11738.1	sp|O49853|DCS4_GOSAR	31.970	269	145	8	1464	1729	73	306	5.51e-24	104
AZC11738.1	tr|A0A1R3GQ17|A0A1R3GQ17_COCAP	30.153	262	147	7	1460	1717	77	306	7.92e-24	103
AZC11738.1	tr|A0A6P4LQ56|A0A6P4LQ56_GOSAR	28.274	336	200	10	1464	1792	73	374	8.95e-24	103
AZC11738.1	tr|A0A5D2V731|A0A5D2V731_GOSMU	28.571	336	199	9	1464	1792	73	374	9.20e-24	103
AZC11738.1	tr|A0A061FVV6|A0A061FVV6_THECC	26.708	322	193	9	1460	1777	68	350	9.25e-24	101
AZC11738.1	tr|A0A1U8KY71|A0A1U8KY71_GOSHI	31.086	267	150	6	1464	1729	73	306	9.95e-24	103
AZC11738.1	sp|Q39761|DCS1_GOSAR	31.086	267	150	6	1464	1729	73	306	9.95e-24	103
AZC11738.1	tr|A0A5D2GV93|A0A5D2GV93_GOSDA	31.086	267	150	6	1464	1729	73	306	1.08e-23	103
AZC11738.1	tr|A0A061FPW3|A0A061FPW3_THECC	25.938	320	198	7	1460	1777	68	350	1.10e-23	103
AZC11738.1	tr|A0A5D2V713|A0A5D2V713_GOSMU	28.698	338	197	11	1464	1792	73	375	1.26e-23	103
AZC11738.1	tr|A0A5J5W1K5|A0A5J5W1K5_GOSBA	30.712	267	151	6	1464	1729	73	306	1.27e-23	103
AZC11738.1	tr|A0A1R3H8Z5|A0A1R3H8Z5_COCAP	27.365	296	181	6	1459	1753	69	331	1.27e-23	104
AZC11738.1	tr|A0A2P5VQ48|A0A2P5VQ48_GOSBA	28.274	336	200	10	1464	1792	73	374	1.31e-23	103
AZC11738.1	tr|A0A0B0NUX1|A0A0B0NUX1_GOSAR	31.086	267	150	7	1464	1729	73	306	1.34e-23	103
AZC11738.1	tr|A0A5D2CUS6|A0A5D2CUS6_GOSDA	28.869	336	198	9	1464	1792	73	374	1.52e-23	102
AZC11738.1	tr|A0A5D2V7A6|A0A5D2V7A6_GOSMU	28.869	336	198	9	1464	1792	73	374	1.56e-23	102
AZC11738.1	tr|A0A5J5RW08|A0A5J5RW08_GOSBA	28.869	336	198	9	1464	1792	73	374	1.56e-23	102
AZC11738.1	tr|A0A5D2L5Y7|A0A5D2L5Y7_GOSTO	28.869	336	198	9	1464	1792	73	374	1.56e-23	102
AZC11738.1	tr|A0A6P5Z5S3|A0A6P5Z5S3_DURZI	29.520	271	160	7	1464	1733	79	319	1.59e-23	102
AZC11738.1	tr|A0A6P4LIH9|A0A6P4LIH9_GOSAR	30.712	267	151	6	1464	1729	73	306	1.68e-23	102
AZC11738.1	tr|A0A6A2ZKQ5|A0A6A2ZKQ5_HIBSY	29.080	337	195	10	1464	1792	76	376	1.83e-23	102
AZC11738.1	tr|A0A5B6VUB8|A0A5B6VUB8_9ROSI	31.034	261	146	7	1464	1721	74	303	1.85e-23	102
AZC11738.1	tr|A0A6A3AK93|A0A6A3AK93_HIBSY	28.044	271	152	7	1468	1733	72	304	1.86e-23	102
AZC11738.1	tr|A0A5D2ZIP1|A0A5D2ZIP1_GOSMU	28.274	336	200	10	1464	1792	73	374	2.38e-23	102
AZC11738.1	tr|A0A6A2XB77|A0A6A2XB77_HIBSY	30.451	266	148	8	1460	1721	67	299	2.40e-23	102
AZC11738.1	tr|A0A0D2QXL1|A0A0D2QXL1_GOSRA	28.869	336	198	9	1464	1792	73	374	2.56e-23	102
AZC11738.1	tr|A0A6P6ACE3|A0A6P6ACE3_DURZI	28.197	305	176	7	1460	1761	112	376	2.57e-23	102
AZC11738.1	tr|A0A1R3J723|A0A1R3J723_COCAP	28.731	268	156	7	1460	1721	12	250	2.60e-23	101
AZC11738.1	tr|A0A6P4PVF6|A0A6P4PVF6_GOSAR	28.329	353	203	12	1458	1807	64	369	2.61e-23	100
AZC11738.1	tr|A0A1U8J2E4|A0A1U8J2E4_GOSHI	28.698	338	197	11	1464	1792	73	375	2.62e-23	102
AZC11738.1	tr|A0A5D2HLK4|A0A5D2HLK4_GOSDA	29.429	350	197	12	1458	1799	64	371	2.69e-23	100
AZC11738.1	tr|A0A5D2NIY5|A0A5D2NIY5_GOSTO	30.742	283	150	8	1460	1733	29	274	2.75e-23	101
AZC11738.1	tr|A0A6J1B9H2|A0A6J1B9H2_9ROSI	27.273	275	166	5	1460	1733	68	309	3.11e-23	102
AZC11738.1	tr|A0A5D2HYM3|A0A5D2HYM3_GOSTO	27.500	320	196	6	1464	1778	12	300	3.36e-23	101
AZC11738.1	tr|A0A6P6ACA5|A0A6P6ACA5_DURZI	27.356	329	190	9	1460	1780	112	399	3.43e-23	102
AZC11738.1	tr|A0A6C0THX3|A0A6C0THX3_TAICR	27.139	339	196	11	1460	1768	64	381	3.53e-23	102
AZC11738.1	tr|A0A5D2ETW3|A0A5D2ETW3_GOSDA	30.605	281	153	8	1460	1733	29	274	3.67e-23	101
AZC11738.1	sp|K4L9M2|STS1_THAGA	27.599	279	168	7	1468	1740	77	327	3.78e-23	101
AZC11738.1	tr|A0A0D2SU92|A0A0D2SU92_GOSRA	30.385	260	151	6	1464	1722	74	304	3.87e-23	100
AZC11738.1	tr|A0A5B6UDK6|A0A5B6UDK6_9ROSI	28.623	276	161	7	1460	1733	60	301	4.32e-23	101
AZC11738.1	tr|A0A5D2L6F5|A0A5D2L6F5_GOSTO	30.337	267	152	6	1464	1729	73	306	4.42e-23	101
AZC11738.1	tr|A0A1U8IHW1|A0A1U8IHW1_GOSHI	28.438	320	193	7	1464	1778	72	360	4.52e-23	101
AZC11738.1	tr|A0A0B0P8V0|A0A0B0P8V0_GOSAR	28.329	353	203	12	1458	1807	64	369	4.53e-23	99.4
AZC11738.1	tr|A0A5D2S4P5|A0A5D2S4P5_GOSMU	27.500	320	196	6	1464	1778	72	360	5.07e-23	101
AZC11738.1	tr|A0A5D2GTF1|A0A5D2GTF1_GOSDA	27.976	336	201	10	1464	1792	73	374	5.45e-23	101
AZC11738.1	tr|A0A5D2ML81|A0A5D2ML81_GOSTO	28.438	320	193	7	1464	1778	72	360	5.58e-23	101
AZC11738.1	sp|P93665|DCS1_GOSHI	30.337	267	152	6	1464	1729	73	306	5.90e-23	101
AZC11738.1	tr|A0A1U8KMX0|A0A1U8KMX0_GOSHI	27.500	320	196	6	1464	1778	72	360	6.54e-23	100
AZC11738.1	tr|Q9SAN0|Q9SAN0_GOSAR	27.500	320	196	6	1464	1778	72	360	6.54e-23	100
AZC11738.1	sp|Q43714|DCS3_GOSAR	27.500	320	196	6	1464	1778	72	360	6.54e-23	100
AZC11738.1	tr|A0A1U8KN09|A0A1U8KN09_GOSHI	27.500	320	196	6	1464	1778	72	360	6.83e-23	100
AZC11738.1	tr|A0A5D2S432|A0A5D2S432_GOSMU	27.500	320	196	6	1464	1778	72	360	6.94e-23	100
AZC11738.1	sp|B9S9Z3|TPS1_RICCO	27.622	286	171	7	1464	1747	76	327	6.95e-23	100
AZC11738.1	tr|A0A1R3KL23|A0A1R3KL23_9ROSI	26.019	319	193	9	1463	1779	64	341	7.21e-23	100
AZC11738.1	tr|A0A6A2Y6Z2|A0A6A2Y6Z2_HIBSY	28.146	302	157	8	1459	1729	86	358	7.64e-23	101
AZC11738.1	tr|A0A5J5RND7|A0A5J5RND7_GOSBA	28.402	338	197	11	1464	1792	73	374	7.73e-23	99.8
AZC11738.1	tr|A0A5D2ESA1|A0A5D2ESA1_GOSDA	29.771	262	154	6	1462	1722	72	304	8.12e-23	98.6
AZC11738.1	tr|A0A5D2ZJ49|A0A5D2ZJ49_GOSMU	31.970	269	145	9	1464	1729	73	306	8.54e-23	100
AZC11738.1	tr|A0A6P5WMH5|A0A6P5WMH5_DURZI	27.675	271	165	5	1464	1733	79	319	8.56e-23	98.2
AZC11738.1	tr|A0A061GGG2|A0A061GGG2_THECC	30.418	263	153	7	1460	1721	91	324	8.64e-23	100
AZC11738.1	tr|A0A5D2ASC3|A0A5D2ASC3_GOSDA	28.443	334	194	10	1389	1716	4	298	1.00e-22	100
AZC11738.1	tr|A0A6P4P1G1|A0A6P4P1G1_GOSAR	31.418	261	145	7	1464	1721	74	303	1.04e-22	100
AZC11738.1	tr|A0A5D2GSS4|A0A5D2GSS4_GOSDA	31.970	269	145	9	1464	1729	73	306	1.06e-22	100
AZC11738.1	tr|A0A2P5XKH4|A0A2P5XKH4_GOSBA	31.970	269	145	9	1464	1729	73	306	1.06e-22	100
AZC11738.1	tr|A0A2P5WMF2|A0A2P5WMF2_GOSBA	27.711	332	199	9	1389	1716	4	298	1.16e-22	98.6
AZC11738.1	tr|A0A5D2SYT5|A0A5D2SYT5_GOSMU	28.443	334	194	10	1389	1716	4	298	1.19e-22	100
AZC11738.1	tr|A0A5D2WJ47|A0A5D2WJ47_GOSMU	28.125	320	194	7	1464	1778	72	360	1.23e-22	100
AZC11738.1	tr|A0A5J5X2S8|A0A5J5X2S8_GOSBA	27.500	320	194	7	1464	1778	75	361	1.29e-22	98.6
AZC11738.1	tr|A0A0D2SN44|A0A0D2SN44_GOSRA	28.443	334	194	10	1389	1716	4	298	1.30e-22	100
AZC11738.1	tr|A0A5D2CQ72|A0A5D2CQ72_GOSDA	28.623	276	161	7	1460	1733	60	301	1.31e-22	100
AZC11738.1	tr|A0A0B0MQU3|A0A0B0MQU3_GOSAR	28.125	320	194	7	1464	1778	72	360	1.32e-22	100
AZC11738.1	tr|A0A6P5X9I0|A0A6P5X9I0_DURZI	26.844	339	209	8	1468	1800	108	413	1.37e-22	100
AZC11738.1	tr|A0A5D2E150|A0A5D2E150_GOSDA	28.125	320	194	7	1464	1778	72	360	1.39e-22	100
AZC11738.1	tr|A0A5D2E0M8|A0A5D2E0M8_GOSDA	28.125	320	194	7	1464	1778	72	360	1.42e-22	100
AZC11738.1	tr|A0A2P5X4S8|A0A2P5X4S8_GOSBA	28.125	320	194	7	1464	1778	72	360	1.42e-22	100
AZC11738.1	tr|A0A5D2IX70|A0A5D2IX70_GOSTO	31.250	256	142	7	1464	1716	74	298	1.44e-22	100
AZC11738.1	tr|A0A7C9DYN4|A0A7C9DYN4_OPUST	27.027	259	159	6	1464	1721	76	305	1.44e-22	100
AZC11738.1	tr|A0A6P5Y265|A0A6P5Y265_DURZI	28.929	280	164	7	1464	1738	74	323	1.49e-22	99.8
AZC11738.1	tr|A0A5J5T3M8|A0A5J5T3M8_GOSBA	28.125	320	194	7	1464	1778	72	360	1.51e-22	99.8
AZC11738.1	tr|A0A5J5RNZ1|A0A5J5RNZ1_GOSBA	28.698	338	196	12	1464	1792	73	374	1.61e-22	99.8
AZC11738.1	tr|A0A5D2ATJ6|A0A5D2ATJ6_GOSDA	30.268	261	152	6	1462	1721	72	303	1.62e-22	99.8
AZC11738.1	tr|A0A5D2SYM2|A0A5D2SYM2_GOSMU	30.268	261	152	6	1462	1721	72	303	1.62e-22	99.8
AZC11738.1	tr|A0A5D2IV89|A0A5D2IV89_GOSTO	31.250	256	142	7	1464	1716	74	298	1.84e-22	99.8
AZC11738.1	tr|A0A5J5NMI2|A0A5J5NMI2_GOSBA	27.187	320	197	6	1464	1778	72	360	1.86e-22	99.8
AZC11738.1	tr|A0A5D2CQM8|A0A5D2CQM8_GOSDA	28.698	338	196	12	1464	1792	73	374	1.88e-22	99.4
AZC11738.1	tr|A0A5D2E0X8|A0A5D2E0X8_GOSDA	28.125	320	194	7	1464	1778	72	360	1.95e-22	99.8
AZC11738.1	tr|A0A6J1BM18|A0A6J1BM18_9ROSI	29.603	277	157	8	1458	1729	66	309	1.98e-22	99.4
AZC11738.1	tr|A0A5J5RPD9|A0A5J5RPD9_GOSBA	28.698	338	196	12	1464	1792	73	374	1.99e-22	99.4
AZC11738.1	tr|A0A0D2VGI0|A0A0D2VGI0_GOSRA	29.455	275	153	8	1460	1729	63	301	2.05e-22	98.6
AZC11738.1	tr|A0A5D2L9D5|A0A5D2L9D5_GOSTO	28.698	338	196	12	1464	1792	73	374	2.10e-22	99.4
AZC11738.1	tr|A0A5J5NMS3|A0A5J5NMS3_GOSBA	27.187	320	197	6	1464	1778	72	360	2.11e-22	99.4
AZC11738.1	tr|A0A5D2A0E9|A0A5D2A0E9_GOSDA	27.187	320	197	6	1464	1778	72	360	2.11e-22	99.4
AZC11738.1	tr|A0A5D2L637|A0A5D2L637_GOSTO	29.290	338	194	11	1464	1792	73	374	2.11e-22	99.4
AZC11738.1	tr|A0A061GH69|A0A061GH69_THECC	29.577	284	169	9	1465	1746	96	350	2.15e-22	99.8
AZC11738.1	tr|A0A1U8LU54|A0A1U8LU54_GOSHI	28.144	334	195	10	1389	1716	4	298	2.25e-22	99.4
AZC11738.1	tr|A0A5J5NNB9|A0A5J5NNB9_GOSBA	27.187	320	197	6	1464	1778	72	360	2.30e-22	99.4
AZC11738.1	tr|A0A0D2V1H8|A0A0D2V1H8_GOSRA	30.337	267	152	7	1464	1729	73	306	2.35e-22	99.4
AZC11738.1	tr|A0A6P4N4R6|A0A6P4N4R6_GOSAR	27.812	320	193	7	1464	1778	75	361	2.42e-22	99.4
AZC11738.1	tr|A0A5J5TYC2|A0A5J5TYC2_GOSBA	29.921	254	148	6	1464	1716	74	298	2.52e-22	97.1
AZC11738.1	tr|A0A0D2RF06|A0A0D2RF06_GOSRA	29.091	275	156	8	1460	1729	111	351	2.77e-22	99.4
AZC11738.1	tr|A0A5D2RP80|A0A5D2RP80_GOSTO	29.429	350	197	12	1458	1799	64	371	2.78e-22	97.4
AZC11738.1	tr|A0A5J5NMZ2|A0A5J5NMZ2_GOSBA	27.187	320	197	6	1464	1778	72	360	2.78e-22	99.0
AZC11738.1	tr|A0A5D3AIN0|A0A5D3AIN0_GOSMU	27.812	320	193	7	1464	1778	75	361	2.80e-22	99.0
AZC11738.1	tr|A0A5D2HPP4|A0A5D2HPP4_GOSDA	27.812	320	193	7	1464	1778	75	361	2.80e-22	99.0
AZC11738.1	tr|A0A5D2T0D4|A0A5D2T0D4_GOSMU	28.443	334	194	10	1389	1716	4	298	2.85e-22	99.0
AZC11738.1	tr|A0A5C7J2X2|A0A5C7J2X2_GOSTO	27.812	320	193	7	1464	1778	75	361	2.85e-22	99.0
AZC11738.1	tr|A0A6A2ZZT3|A0A6A2ZZT3_HIBSY	28.014	282	167	7	1455	1733	103	351	3.15e-22	99.0
AZC11738.1	tr|A0A061F7K5|A0A061F7K5_THECC	28.044	271	161	5	1464	1733	234	471	3.16e-22	99.8
AZC11738.1	tr|A0A061EWE1|A0A061EWE1_THECC	28.179	291	173	7	1464	1753	74	329	3.34e-22	98.6
AZC11738.1	tr|A0A5J5PGV7|A0A5J5PGV7_GOSBA	28.144	334	195	10	1389	1716	4	298	3.61e-22	98.6
AZC11738.1	tr|A0A1U8LAZ0|A0A1U8LAZ0_GOSHI	27.812	320	193	7	1464	1778	75	361	3.85e-22	98.6
AZC11738.1	tr|A0A5D2VF03|A0A5D2VF03_GOSMU	29.368	269	157	9	1468	1733	121	359	3.87e-22	99.0
AZC11738.1	tr|A0A2P5Y8W0|A0A2P5Y8W0_GOSBA	27.900	319	192	7	1464	1777	75	360	3.92e-22	98.6
AZC11738.1	tr|A0A5D2LFZ2|A0A5D2LFZ2_GOSTO	28.519	270	158	9	1468	1733	121	359	3.93e-22	99.0
AZC11738.1	tr|A0A1U8J407|A0A1U8J407_GOSHI	33.574	277	142	9	1464	1735	73	312	3.94e-22	97.8
AZC11738.1	tr|A0A6P4LNH9|A0A6P4LNH9_GOSAR	32.432	259	141	7	1464	1721	74	299	4.00e-22	98.6
AZC11738.1	tr|A0A5D2CYM5|A0A5D2CYM5_GOSDA	29.811	265	153	9	1468	1729	121	355	4.04e-22	98.6
AZC11738.1	tr|A0A5J5S180|A0A5J5S180_GOSBA	29.811	265	153	9	1468	1729	121	355	4.04e-22	98.6
AZC11738.1	tr|A0A5D2QV95|A0A5D2QV95_GOSTO	32.432	259	141	7	1464	1721	65	290	4.14e-22	98.2
AZC11738.1	tr|A0A5J5W2P7|A0A5J5W2P7_GOSBA	32.432	259	141	7	1464	1721	74	299	4.16e-22	98.6
AZC11738.1	tr|A0A5J5W3G6|A0A5J5W3G6_GOSBA	32.432	259	141	7	1464	1721	74	299	4.22e-22	98.6
AZC11738.1	tr|A0A5J5PJ17|A0A5J5PJ17_GOSBA	30.000	260	152	6	1464	1722	74	304	4.31e-22	98.2
AZC11738.1	tr|A0A5D2ZL95|A0A5D2ZL95_GOSMU	32.432	259	141	7	1464	1721	74	299	4.44e-22	98.2
AZC11738.1	tr|Q4VP11|Q4VP11_GOSHI	31.970	269	145	8	1464	1729	73	306	4.46e-22	98.2
AZC11738.1	tr|A0A2P5XKL5|A0A2P5XKL5_GOSBA	30.597	268	151	8	1464	1729	73	307	4.60e-22	98.2
AZC11738.1	tr|A0A6A2Y4G7|A0A6A2Y4G7_HIBSY	29.615	260	147	7	1464	1721	71	296	4.61e-22	98.2
AZC11738.1	tr|A0A5D2ESD7|A0A5D2ESD7_GOSDA	31.154	260	147	7	1464	1721	74	303	4.78e-22	98.2
AZC11738.1	tr|A0A5D2IUZ3|A0A5D2IUZ3_GOSTO	28.144	334	195	10	1389	1716	4	298	4.78e-22	98.2
AZC11738.1	tr|A0A5D2ZKY9|A0A5D2ZKY9_GOSMU	31.801	261	140	8	1464	1721	74	299	4.79e-22	97.4
AZC11738.1	tr|A0A1U8KMY4|A0A1U8KMY4_GOSHI	32.432	259	141	7	1464	1721	74	299	4.81e-22	98.2
AZC11738.1	tr|A0A5D2NHX9|A0A5D2NHX9_GOSTO	29.921	254	148	6	1464	1716	74	298	4.98e-22	95.9
AZC11738.1	tr|A0A6P4LMG5|A0A6P4LMG5_GOSAR	31.227	269	147	8	1464	1729	73	306	5.04e-22	98.2
AZC11738.1	tr|A0A1U8LAX9|A0A1U8LAX9_GOSHI	27.187	320	195	7	1464	1778	75	361	5.09e-22	98.2
AZC11738.1	tr|A0A5D2QUF7|A0A5D2QUF7_GOSTO	32.432	259	141	7	1464	1721	74	299	5.47e-22	97.8
AZC11738.1	tr|A0A5D2IZ93|A0A5D2IZ93_GOSTO	27.174	368	219	14	1460	1814	88	419	5.86e-22	98.2
AZC11738.1	tr|A0A6P5WPQ7|A0A6P5WPQ7_DURZI	29.600	250	137	8	1464	1711	62	274	6.73e-22	97.8
AZC11738.1	tr|A0A0D2SF99|A0A0D2SF99_GOSRA	27.187	320	197	6	1464	1778	72	360	7.72e-22	97.4
AZC11738.1	tr|A0A6A2ZP12|A0A6A2ZP12_HIBSY	30.435	253	135	10	1464	1711	63	279	7.74e-22	97.4
AZC11738.1	tr|A0A6P5ZM37|A0A6P5ZM37_DURZI	26.531	294	175	6	1461	1747	70	329	8.02e-22	97.4
AZC11738.1	tr|A0A5D2T1D1|A0A5D2T1D1_GOSMU	28.309	272	160	7	1460	1729	63	301	8.18e-22	95.5
AZC11738.1	tr|A0A5D2XG46|A0A5D2XG46_GOSMU	27.740	292	176	10	1460	1746	87	348	8.42e-22	96.3
AZC11738.1	tr|A0A5D2MCR5|A0A5D2MCR5_GOSTO	27.586	319	193	7	1464	1777	75	360	8.47e-22	97.4
AZC11738.1	tr|A0A0B0MPV5|A0A0B0MPV5_GOSAR	32.432	259	141	7	1464	1721	74	299	8.87e-22	97.4
AZC11738.1	tr|A0A2I4U5K1|A0A2I4U5K1_GOSHI	27.586	319	193	7	1464	1777	75	360	9.01e-22	97.4
AZC11738.1	tr|A0A5D2DU10|A0A5D2DU10_GOSDA	27.586	319	193	7	1464	1777	75	360	9.01e-22	97.4
AZC11738.1	tr|A0A5J5SVP8|A0A5J5SVP8_GOSBA	27.586	319	193	7	1464	1777	75	360	9.01e-22	97.4
AZC11738.1	tr|A0A0D2SCH8|A0A0D2SCH8_GOSRA	28.679	265	153	7	1471	1733	1	231	9.02e-22	96.7
AZC11738.1	tr|A0A5J5PKW6|A0A5J5PKW6_GOSBA	28.839	267	153	7	1460	1721	111	345	9.78e-22	97.4
AZC11738.1	tr|Q84LK9|Q84LK9_GOSAR	30.855	269	149	8	1464	1729	74	308	9.79e-22	97.4
AZC11738.1	tr|A0A6A3C1Q2|A0A6A3C1Q2_HIBSY	26.446	363	222	13	1460	1814	92	417	9.80e-22	97.4
AZC11738.1	tr|A0A5D2ATS8|A0A5D2ATS8_GOSDA	28.839	267	153	7	1460	1721	114	348	1.03e-21	97.4
AZC11738.1	tr|A0A5D3AG29|A0A5D3AG29_GOSMU	27.500	320	194	7	1464	1778	75	361	1.06e-21	97.1
AZC11738.1	tr|A0A6J1BD34|A0A6J1BD34_9ROSI	27.500	320	195	6	1464	1778	74	361	1.07e-21	97.1
AZC11738.1	tr|A0A5D2NF97|A0A5D2NF97_GOSTO	29.749	279	157	9	1468	1739	58	304	1.18e-21	96.7
AZC11738.1	tr|A0A5D2XIS4|A0A5D2XIS4_GOSMU	29.044	272	158	7	1460	1729	30	268	1.28e-21	96.7
AZC11738.1	tr|A0A2P5YP66|A0A2P5YP66_GOSBA	27.090	299	172	9	1422	1711	65	326	1.34e-21	97.1
AZC11738.1	tr|A0A061F6C8|A0A061F6C8_THECC	27.715	267	160	6	1464	1729	55	289	1.36e-21	95.9
AZC11738.1	tr|A0A5D2HQF0|A0A5D2HQF0_GOSDA	27.500	320	194	7	1464	1778	75	361	1.40e-21	96.7
AZC11738.1	tr|A0A5J5TX93|A0A5J5TX93_GOSBA	29.044	272	158	7	1460	1729	30	268	1.40e-21	96.7
AZC11738.1	tr|A0A5D2NC53|A0A5D2NC53_GOSTO	27.181	298	171	9	1423	1711	66	326	1.40e-21	97.1
AZC11738.1	tr|A0A6P6BK13|A0A6P6BK13_DURZI	26.923	364	223	11	1460	1814	90	419	1.41e-21	97.1
AZC11738.1	tr|A0A5D2EM57|A0A5D2EM57_GOSDA	27.181	298	171	9	1423	1711	66	326	1.48e-21	96.7
AZC11738.1	tr|A0A5J5TTF1|A0A5J5TTF1_GOSBA	27.181	298	171	9	1423	1711	66	326	1.48e-21	96.7
AZC11738.1	tr|A0A5D2XD32|A0A5D2XD32_GOSMU	30.769	260	148	7	1464	1721	74	303	1.48e-21	96.7
AZC11738.1	tr|A0A5B6VSV2|A0A5B6VSV2_9ROSI	30.651	261	147	7	1464	1721	74	303	1.57e-21	96.7
AZC11738.1	tr|A0A5J5W354|A0A5J5W354_GOSBA	32.569	218	114	5	1464	1681	73	257	1.66e-21	92.8
AZC11738.1	tr|A0A2P5XBB6|A0A2P5XBB6_GOSBA	29.044	272	158	7	1460	1729	63	301	1.69e-21	96.3
AZC11738.1	tr|A0A5D2EVQ4|A0A5D2EVQ4_GOSDA	27.817	284	170	10	1468	1746	2	255	1.70e-21	95.9
AZC11738.1	tr|A0A6A2ZME0|A0A6A2ZME0_HIBSY	27.823	248	144	7	1468	1711	114	330	1.74e-21	96.7
AZC11738.1	tr|A0A0D2NS17|A0A0D2NS17_GOSRA	27.586	319	193	7	1464	1777	75	360	1.82e-21	96.3
AZC11738.1	tr|A0A1U8LNV6|A0A1U8LNV6_GOSHI	27.900	319	192	7	1464	1777	75	360	1.90e-21	96.3
AZC11738.1	tr|A0A5D2XG69|A0A5D2XG69_GOSMU	27.740	292	176	10	1460	1746	87	348	1.91e-21	96.7
AZC11738.1	tr|A0A0D2QB38|A0A0D2QB38_GOSRA	27.586	319	193	7	1464	1777	75	360	1.91e-21	96.3
AZC11738.1	tr|A0A5D2NKQ2|A0A5D2NKQ2_GOSTO	27.740	292	176	10	1460	1746	87	348	1.94e-21	96.7
AZC11738.1	tr|A0A5J5TTD2|A0A5J5TTD2_GOSBA	29.391	279	158	9	1468	1739	67	313	2.02e-21	96.3
AZC11738.1	tr|A0A5D2ETY7|A0A5D2ETY7_GOSDA	29.044	272	158	7	1460	1729	63	301	2.02e-21	96.3
AZC11738.1	tr|A0A5D2WAH0|A0A5D2WAH0_GOSMU	27.586	319	193	7	1464	1777	75	360	2.04e-21	96.3
AZC11738.1	tr|A0A061F7I6|A0A061F7I6_THECC	25.982	331	204	7	1468	1792	78	373	2.04e-21	96.3
AZC11738.1	tr|A0A0D2RBI8|A0A0D2RBI8_GOSRA	27.586	319	193	7	1464	1777	75	360	2.05e-21	96.3
AZC11738.1	tr|A0A6P5WPK7|A0A6P5WPK7_DURZI	28.399	331	196	9	1458	1780	67	364	2.06e-21	96.3
AZC11738.1	tr|A0A2P5Y8Y0|A0A2P5Y8Y0_GOSBA	27.500	320	194	7	1464	1778	75	361	2.09e-21	96.3
AZC11738.1	tr|A0A2P5Y4Z7|A0A2P5Y4Z7_GOSBA	29.391	279	158	9	1468	1739	67	313	2.13e-21	95.9
AZC11738.1	tr|A0A5D2V383|A0A5D2V383_GOSMU	27.536	276	164	7	1460	1733	60	301	2.15e-21	96.3
AZC11738.1	tr|A0A1U8JCJ3|A0A1U8JCJ3_GOSHI	27.536	276	164	7	1460	1733	60	301	2.15e-21	96.3
AZC11738.1	tr|A0A2P5W608|A0A2P5W608_GOSBA	27.740	292	176	10	1460	1746	54	315	2.28e-21	96.3
AZC11738.1	tr|A0A0D2U0W9|A0A0D2U0W9_GOSRA	30.855	269	148	9	1464	1729	73	306	2.28e-21	96.3
AZC11738.1	tr|A0A5D2J057|A0A5D2J057_GOSTO	28.839	267	153	7	1460	1721	111	345	2.32e-21	95.9
AZC11738.1	tr|A0A5J5W2W7|A0A5J5W2W7_GOSBA	27.817	284	163	9	1459	1734	50	299	2.32e-21	96.3
AZC11738.1	tr|A0A6P4N0D4|A0A6P4N0D4_GOSAR	27.500	320	194	7	1464	1778	75	361	2.32e-21	96.3
AZC11738.1	tr|A0A5D2CUG7|A0A5D2CUG7_GOSDA	31.579	266	149	6	1464	1729	73	305	2.36e-21	95.9
AZC11738.1	tr|A0A1U8L965|A0A1U8L965_GOSHI	28.676	272	159	7	1460	1729	8	246	2.42e-21	95.5
AZC11738.1	tr|A0A5D2L2R0|A0A5D2L2R0_GOSTO	27.536	276	164	7	1460	1733	60	301	2.43e-21	95.9
AZC11738.1	tr|A0A061F7C2|A0A061F7C2_THECC	28.731	268	156	6	1464	1729	74	308	2.57e-21	95.9
AZC11738.1	tr|A0A1U8L8V1|A0A1U8L8V1_GOSHI	27.740	292	176	10	1460	1746	87	348	2.59e-21	96.3
AZC11738.1	tr|A0A061F5F8|A0A061F5F8_THECC	28.159	277	163	6	1458	1732	67	309	2.78e-21	95.5
AZC11738.1	tr|A0A6P5ZNJ6|A0A6P5ZNJ6_DURZI	27.301	326	199	7	1458	1778	67	359	2.81e-21	95.9
AZC11738.1	tr|A0A5D2V438|A0A5D2V438_GOSMU	28.302	265	154	7	1471	1733	1	231	2.96e-21	95.1
AZC11738.1	tr|A0A0D2TXW5|A0A0D2TXW5_GOSRA	27.536	276	164	7	1460	1733	60	301	3.16e-21	95.5
AZC11738.1	tr|A0A5D2IX97|A0A5D2IX97_GOSTO	29.921	254	148	6	1464	1716	74	298	3.17e-21	93.2
AZC11738.1	tr|A0A5J5X353|A0A5J5X353_GOSBA	27.273	319	194	7	1464	1777	75	360	3.24e-21	95.5
AZC11738.1	tr|A0A5D2QQ32|A0A5D2QQ32_GOSTO	28.261	276	157	7	1460	1733	60	296	3.29e-21	95.5
AZC11738.1	tr|Q8W193|Q8W193_GOSHI	31.076	251	135	9	1482	1729	1	216	3.36e-21	90.1
AZC11738.1	tr|A0A5J5RKJ1|A0A5J5RKJ1_GOSBA	28.302	265	154	7	1471	1733	1	231	3.45e-21	94.7
AZC11738.1	tr|A0A5B6V3C9|A0A5B6V3C9_9ROSI	30.364	247	139	9	1468	1711	121	337	3.77e-21	95.9
AZC11738.1	tr|A0A5D2L3R0|A0A5D2L3R0_GOSTO	28.302	265	154	7	1471	1733	1	231	3.93e-21	94.7
AZC11738.1	tr|A0A6P5WQG7|A0A6P5WQG7_DURZI	27.758	281	169	6	1464	1739	71	322	3.95e-21	95.5
AZC11738.1	tr|A0A5B6U770|A0A5B6U770_9ROSI	27.562	283	163	9	1459	1733	103	351	4.17e-21	95.5
AZC11738.1	tr|A0A6P4LR82|A0A6P4LR82_GOSAR	28.090	267	162	6	1457	1721	54	292	4.26e-21	95.1
AZC11738.1	tr|A0A0D2T0X4|A0A0D2T0X4_GOSRA	29.110	292	172	11	1460	1746	88	349	4.31e-21	95.5
AZC11738.1	tr|A0A5D2ARA3|A0A5D2ARA3_GOSDA	31.390	223	124	5	1462	1684	72	265	4.37e-21	94.7
AZC11738.1	tr|A0A5D2NJB6|A0A5D2NJB6_GOSTO	28.723	282	166	7	1464	1739	62	314	4.54e-21	95.1
AZC11738.1	tr|A0A6P4LS10|A0A6P4LS10_GOSAR	27.397	292	177	10	1460	1746	87	348	4.65e-21	95.1
AZC11738.1	tr|A0A5J5PLH7|A0A5J5PLH7_GOSBA	29.110	292	172	11	1460	1746	88	349	4.93e-21	95.1
AZC11738.1	tr|A0A5D2NKP4|A0A5D2NKP4_GOSTO	28.676	272	159	7	1460	1729	63	301	5.03e-21	95.1
AZC11738.1	tr|A0A7C9AZA5|A0A7C9AZA5_OPUST	29.323	266	149	7	1464	1729	73	299	5.37e-21	95.1
AZC11738.1	tr|A0A2P5VWQ1|A0A2P5VWQ1_GOSBA	28.723	282	166	7	1464	1739	62	314	5.46e-21	94.7
AZC11738.1	tr|A0A6A2ZYQ3|A0A6A2ZYQ3_HIBSY	28.623	276	152	10	1458	1730	81	314	5.55e-21	95.1
AZC11738.1	tr|A0A0D2S2F9|A0A0D2S2F9_GOSRA	28.996	269	158	9	1468	1733	121	359	5.57e-21	95.1
AZC11738.1	tr|A0A5D2ET48|A0A5D2ET48_GOSDA	28.723	282	166	7	1464	1739	77	329	5.60e-21	95.1
AZC11738.1	tr|A0A5J5TV04|A0A5J5TV04_GOSBA	28.723	282	166	7	1464	1739	77	329	5.60e-21	95.1
AZC11738.1	tr|A0A6P4M5D2|A0A6P4M5D2_GOSAR	27.397	292	177	10	1460	1746	54	315	5.61e-21	94.7
AZC11738.1	tr|A0A1U8LAX5|A0A1U8LAX5_GOSHI	26.959	319	195	7	1464	1777	75	360	6.03e-21	94.7
AZC11738.1	tr|A0A6P4P3P5|A0A6P4P3P5_GOSAR	28.723	282	166	7	1464	1739	70	322	6.03e-21	94.7
AZC11738.1	tr|A0A5D2T4K3|A0A5D2T4K3_GOSMU	29.110	292	172	11	1460	1746	88	349	6.49e-21	94.7
AZC11738.1	tr|A0A1N7T9S5|A0A1N7T9S5_GOSHI	29.110	292	172	11	1460	1746	88	349	6.49e-21	94.7
AZC11738.1	tr|A0A0F6SCZ9|A0A0F6SCZ9_GOSBA	29.110	292	172	11	1460	1746	88	349	7.01e-21	94.7
AZC11738.1	tr|A0A5B6U6W5|A0A5B6U6W5_9ROSI	29.545	264	150	8	1459	1717	103	335	7.76e-21	94.7
AZC11738.1	tr|A0A6A3D2T2|A0A6A3D2T2_HIBSY	27.160	324	200	6	1460	1778	71	363	8.12e-21	94.4
AZC11738.1	tr|A0A5D2XDG7|A0A5D2XDG7_GOSMU	29.119	261	154	7	1464	1722	74	305	8.83e-21	91.3
AZC11738.1	tr|A0A6P4MNV5|A0A6P4MNV5_GOSAR	26.875	320	196	7	1464	1778	75	361	9.33e-21	94.4
AZC11738.1	tr|A0A286LP75|A0A286LP75_DENNO	26.480	321	198	9	1468	1780	68	358	9.87e-21	94.0
AZC11738.1	tr|A0A5J5W3Y8|A0A5J5W3Y8_GOSBA	34.389	221	112	5	1464	1684	74	261	9.98e-21	93.6
AZC11738.1	tr|A0A6A2Z4G3|A0A6A2Z4G3_HIBSY	28.151	238	136	7	1468	1701	66	272	1.02e-20	93.6
AZC11738.1	tr|A0A1R3GQ82|A0A1R3GQ82_COCAP	28.896	308	172	13	1423	1720	58	328	1.03e-20	92.8
AZC11738.1	tr|A0A5D2CRC5|A0A5D2CRC5_GOSDA	34.375	224	110	6	1464	1685	106	294	1.06e-20	93.6
AZC11738.1	tr|A0A5J5PI26|A0A5J5PI26_GOSBA	30.859	256	142	8	1464	1716	74	297	1.08e-20	94.0
AZC11738.1	tr|A0A5D2T1D0|A0A5D2T1D0_GOSMU	28.723	282	166	7	1464	1739	70	322	1.13e-20	94.0
AZC11738.1	tr|A0A2I4U5I3|A0A2I4U5I3_GOSHI	28.723	282	166	7	1464	1739	70	322	1.19e-20	94.0
AZC11738.1	tr|A0A5D2SZZ7|A0A5D2SZZ7_GOSMU	28.723	282	166	7	1464	1739	70	322	1.30e-20	93.6
AZC11738.1	tr|A0A6A3C2E1|A0A6A3C2E1_HIBSY	28.627	255	144	8	1461	1711	98	318	1.35e-20	93.2
AZC11738.1	tr|A0A5D2ZCX5|A0A5D2ZCX5_GOSMU	27.536	276	164	7	1460	1733	60	301	1.36e-20	92.4
AZC11738.1	tr|A0A5D3AG43|A0A5D3AG43_GOSMU	26.959	319	195	7	1464	1777	75	360	1.41e-20	93.6
AZC11738.1	tr|A0A1U8J5P4|A0A1U8J5P4_GOSHI	27.925	265	155	7	1471	1733	1	231	1.43e-20	92.8
AZC11738.1	tr|A0A5J5VXZ3|A0A5J5VXZ3_GOSBA	27.899	276	163	7	1460	1733	60	301	1.47e-20	92.8
AZC11738.1	tr|A0A6A3ARJ5|A0A6A3ARJ5_HIBSY	26.875	320	198	6	1464	1778	75	363	1.48e-20	93.6
AZC11738.1	tr|A0A6P4PWF1|A0A6P4PWF1_GOSAR	27.972	286	158	10	1459	1733	103	351	1.56e-20	93.6
AZC11738.1	tr|A0A5D2RYB1|A0A5D2RYB1_GOSTO	27.273	319	194	7	1464	1777	75	360	1.56e-20	93.6
AZC11738.1	tr|A0A0B0P3D8|A0A0B0P3D8_GOSAR	27.972	286	158	10	1459	1733	103	351	1.57e-20	93.6
AZC11738.1	tr|A0A0D2V4U8|A0A0D2V4U8_GOSRA	29.555	247	142	9	1468	1711	121	338	1.63e-20	93.6
AZC11738.1	tr|A0A6J1ALF3|A0A6J1ALF3_9ROSI	25.672	335	208	7	1464	1792	74	373	1.87e-20	93.2
AZC11738.1	tr|A0A061F5L8|A0A061F5L8_THECC	25.595	336	207	7	1464	1792	74	373	1.87e-20	93.2
AZC11738.1	tr|A0A5D2ZBR4|A0A5D2ZBR4_GOSMU	27.899	276	163	7	1460	1733	60	301	1.89e-20	92.4
AZC11738.1	tr|A0A5D2HR53|A0A5D2HR53_GOSDA	27.273	319	194	7	1464	1777	13	298	1.91e-20	92.8
AZC11738.1	tr|A0A5D2L6I6|A0A5D2L6I6_GOSTO	34.375	224	110	6	1464	1685	73	261	1.95e-20	93.2
AZC11738.1	tr|A0A6P4LHL9|A0A6P4LHL9_GOSAR	27.899	276	163	7	1460	1733	60	301	1.99e-20	92.8
AZC11738.1	tr|A0A6A2XF21|A0A6A2XF21_HIBSY	29.010	293	170	9	1464	1753	73	330	2.03e-20	93.2
AZC11738.1	tr|A0A0D2M9A5|A0A0D2M9A5_GOSRA	26.408	284	173	8	1451	1733	58	306	2.11e-20	93.2
AZC11738.1	tr|A0A5D2ARB7|A0A5D2ARB7_GOSDA	29.921	254	148	6	1464	1716	74	298	2.22e-20	92.0
AZC11738.1	tr|A0A5B6X845|A0A5B6X845_9ROSI	28.788	264	158	7	1460	1721	57	292	2.32e-20	92.8
AZC11738.1	tr|A0A1U8LQA0|A0A1U8LQA0_GOSHI	30.469	256	143	8	1464	1716	74	297	2.50e-20	92.4
AZC11738.1	tr|A0A5D2ZFM6|A0A5D2ZFM6_GOSMU	27.174	276	165	7	1460	1733	60	301	2.50e-20	92.8
AZC11738.1	tr|A0A5D2AW01|A0A5D2AW01_GOSDA	28.369	282	167	7	1464	1739	70	322	2.83e-20	91.7
AZC11738.1	tr|A0A5D2QQE0|A0A5D2QQE0_GOSTO	27.174	276	165	7	1460	1733	60	301	2.88e-20	92.4
AZC11738.1	tr|A0A5D2AR95|A0A5D2AR95_GOSDA	29.719	249	144	6	1464	1710	70	289	2.97e-20	92.4
AZC11738.1	tr|A0A5D2NLP9|A0A5D2NLP9_GOSTO	30.502	259	144	7	1464	1721	74	297	3.21e-20	92.4
AZC11738.1	tr|A0A5D2SZG0|A0A5D2SZG0_GOSMU	28.571	301	171	9	1389	1684	4	265	3.65e-20	91.7
AZC11738.1	tr|A0A5J5RXK3|A0A5J5RXK3_GOSBA	29.555	247	142	9	1468	1711	121	338	3.68e-20	92.0
AZC11738.1	tr|A0A5D2D1D4|A0A5D2D1D4_GOSDA	29.555	247	142	9	1468	1711	121	338	3.71e-20	92.0
AZC11738.1	tr|A0A1U8ISG1|A0A1U8ISG1_GOSHI	29.555	247	142	9	1468	1711	121	338	3.73e-20	92.4
AZC11738.1	tr|A0A6P5WVP2|A0A6P5WVP2_DURZI	28.731	268	159	7	1468	1733	68	305	3.80e-20	92.0
AZC11738.1	tr|A0A5D2VEY7|A0A5D2VEY7_GOSMU	29.555	247	142	9	1468	1711	121	338	4.07e-20	92.4
AZC11738.1	tr|A0A5D2X750|A0A5D2X750_GOSMU	28.689	244	134	8	1472	1711	114	321	4.16e-20	92.0
AZC11738.1	tr|A0A5J5TWX9|A0A5J5TWX9_GOSBA	29.167	264	154	7	1460	1721	114	346	4.64e-20	91.7
AZC11738.1	tr|A0A5D2V7D0|A0A5D2V7D0_GOSMU	32.959	267	138	9	1464	1725	73	303	4.69e-20	91.3
AZC11738.1	tr|A0A5J5SLZ5|A0A5J5SLZ5_GOSBA	26.408	284	173	8	1451	1733	58	306	4.70e-20	92.0
AZC11738.1	tr|A0A5D2XD70|A0A5D2XD70_GOSMU	29.412	255	149	7	1464	1716	74	299	4.78e-20	90.1
AZC11738.1	tr|A0A5D2DNQ9|A0A5D2DNQ9_GOSDA	26.408	284	173	8	1451	1733	58	306	4.81e-20	92.0
AZC11738.1	tr|A0A5J5SMB9|A0A5J5SMB9_GOSBA	26.408	284	173	8	1451	1733	58	306	4.81e-20	92.0
AZC11738.1	tr|A0A6P5ZFL2|A0A6P5ZFL2_DURZI	30.224	268	155	8	1468	1733	68	305	4.98e-20	92.0
AZC11738.1	tr|A0A6J1ALH5|A0A6J1ALH5_9ROSI	27.148	291	178	7	1463	1747	70	332	5.16e-20	92.0
AZC11738.1	tr|A0A2P5XU84|A0A2P5XU84_GOSBA	26.812	276	166	7	1460	1733	59	300	5.24e-20	91.7
AZC11738.1	tr|A0A6A2X1B6|A0A6A2X1B6_HIBSY	27.007	274	163	8	1468	1739	65	303	5.24e-20	91.7
AZC11738.1	tr|A0A5D2QVM8|A0A5D2QVM8_GOSTO	27.562	283	163	9	1459	1733	103	351	5.39e-20	92.0
AZC11738.1	tr|A0A5D2XFL7|A0A5D2XFL7_GOSMU	29.167	264	154	7	1460	1721	114	346	5.40e-20	92.0
AZC11738.1	tr|A0A5D2EW80|A0A5D2EW80_GOSDA	29.167	264	154	7	1460	1721	114	346	5.40e-20	92.0
AZC11738.1	tr|A0A2P5XBD0|A0A2P5XBD0_GOSBA	29.167	264	154	7	1460	1721	114	346	5.40e-20	92.0
AZC11738.1	tr|A0A5J5PKT0|A0A5J5PKT0_GOSBA	31.390	223	120	6	1464	1684	74	265	5.46e-20	89.0
AZC11738.1	tr|A0A5D2IVT8|A0A5D2IVT8_GOSTO	29.804	255	148	7	1464	1716	74	299	5.72e-20	89.4
AZC11738.1	tr|A0A6P5ZGH0|A0A6P5ZGH0_DURZI	28.358	268	160	7	1468	1733	68	305	5.93e-20	91.7
AZC11738.1	tr|A0A2P5XHE7|A0A2P5XHE7_GOSBA	29.960	247	140	10	1468	1711	121	337	5.94e-20	92.0
AZC11738.1	tr|A0A6A2ZPD9|A0A6A2ZPD9_HIBSY	27.829	327	194	9	1460	1778	71	363	6.10e-20	91.7
AZC11738.1	tr|A0A6P4MVN1|A0A6P4MVN1_GOSAR	29.555	247	141	9	1468	1711	121	337	6.71e-20	91.7
AZC11738.1	tr|A0A5D2NJJ9|A0A5D2NJJ9_GOSTO	29.167	264	154	7	1460	1721	114	346	6.77e-20	91.7
AZC11738.1	tr|A0A0D2PHW4|A0A0D2PHW4_GOSRA	28.369	282	167	7	1464	1739	70	322	7.08e-20	91.3
AZC11738.1	tr|A0A0D2SN34|A0A0D2SN34_GOSRA	28.369	282	167	7	1464	1739	70	322	7.08e-20	91.3
AZC11738.1	tr|A0A5D2QY41|A0A5D2QY41_GOSTO	29.555	247	141	9	1468	1711	121	337	7.25e-20	91.7
AZC11738.1	tr|A0A5D2QUD5|A0A5D2QUD5_GOSTO	30.597	268	136	7	1464	1729	73	292	7.27e-20	91.3
AZC11738.1	tr|A0A5D2ZQP5|A0A5D2ZQP5_GOSMU	29.555	247	141	9	1468	1711	121	337	7.58e-20	91.7
AZC11738.1	tr|A0A0D2R2U6|A0A0D2R2U6_GOSRA	25.664	339	195	10	1419	1748	33	323	7.86e-20	90.9
AZC11738.1	tr|A0A5D2ASB4|A0A5D2ASB4_GOSDA	28.369	282	167	7	1464	1739	70	322	7.90e-20	91.3
AZC11738.1	tr|A0A1U8NJ93|A0A1U8NJ93_GOSHI	29.555	247	141	9	1468	1711	121	337	8.12e-20	91.3
AZC11738.1	tr|A0A0A7DNH6|A0A0A7DNH6_GOSHI	27.208	283	164	9	1459	1733	103	351	8.17e-20	91.3
AZC11738.1	tr|A0A6A2XU16|A0A6A2XU16_HIBSY	28.261	322	191	8	1464	1778	72	360	8.18e-20	91.3
AZC11738.1	tr|A0A5D2GUR6|A0A5D2GUR6_GOSDA	27.208	283	164	9	1459	1733	7	255	8.37e-20	90.9
AZC11738.1	tr|A0A5D2NK07|A0A5D2NK07_GOSTO	29.167	264	154	7	1460	1721	8	240	8.47e-20	90.9
AZC11738.1	tr|A0A5D2GY12|A0A5D2GY12_GOSDA	29.960	247	140	10	1468	1711	121	337	8.62e-20	91.3
AZC11738.1	tr|A0A5D2AVF5|A0A5D2AVF5_GOSDA	28.767	292	173	11	1460	1746	88	349	8.97e-20	91.3
AZC11738.1	tr|A0A1U8LAX3|A0A1U8LAX3_GOSHI	26.875	320	195	8	1464	1777	75	361	9.24e-20	90.9
AZC11738.1	tr|A0A5J5W5B2|A0A5J5W5B2_GOSBA	29.960	247	140	10	1468	1711	121	337	9.32e-20	91.3
AZC11738.1	tr|A0A6P4Q9D9|A0A6P4Q9D9_GOSAR	30.078	256	146	7	1468	1721	122	346	1.05e-19	91.3
AZC11738.1	tr|A0A6A2XTZ7|A0A6A2XTZ7_HIBSY	28.261	322	191	8	1464	1778	72	360	1.05e-19	90.9
AZC11738.1	tr|A0A5D2V5M6|A0A5D2V5M6_GOSMU	27.931	290	169	10	1459	1739	103	361	1.06e-19	90.9
AZC11738.1	tr|A0A5J5PI85|A0A5J5PI85_GOSBA	28.369	282	167	7	1464	1739	70	322	1.12e-19	90.9
AZC11738.1	tr|A0A5D2T4I9|A0A5D2T4I9_GOSMU	29.297	256	149	7	1468	1721	122	347	1.12e-19	90.9
AZC11738.1	tr|A0A6A2YEA8|A0A6A2YEA8_HIBSY	26.730	318	189	8	1468	1778	78	358	1.17e-19	90.9
AZC11738.1	tr|A0A6P4N3G6|A0A6P4N3G6_GOSAR	26.791	321	196	8	1464	1778	75	362	1.33e-19	90.5
AZC11738.1	tr|A0A1U8J614|A0A1U8J614_GOSHI	28.137	263	155	7	1459	1717	7	239	1.34e-19	90.1
AZC11738.1	tr|A0A061GU77|A0A061GU77_THECC	28.077	260	155	6	1464	1721	62	291	1.37e-19	90.5
AZC11738.1	tr|A0A5D2GLX8|A0A5D2GLX8_GOSDA	27.174	276	165	7	1460	1733	60	301	1.41e-19	89.7
AZC11738.1	tr|A0A1U8LQD2|A0A1U8LQD2_GOSHI	27.273	286	154	9	1460	1733	67	310	1.73e-19	87.4
AZC11738.1	tr|A0A5J5PHN9|A0A5J5PHN9_GOSBA	27.273	286	154	9	1460	1733	67	310	1.73e-19	87.4
AZC11738.1	tr|A0A5D2T012|A0A5D2T012_GOSMU	27.181	298	167	9	1460	1748	67	323	1.80e-19	89.7
AZC11738.1	tr|A0A1U8LW41|A0A1U8LW41_GOSHI	27.820	266	150	7	1460	1721	111	338	1.89e-19	90.1
