XP_019175963.1	tr|A0A5B7BX15|A0A5B7BX15_DAVIN	65.512	1847	621	8	9113333	9115169	1	1841	0.0	2457
XP_019175963.1	tr|A0A5B6Z826|A0A5B6Z826_DAVIN	63.622	1281	391	19	11579903	11581118	14	1284	0.0	1558
XP_019175963.1	tr|A0A5B6Z7U0|A0A5B6Z7U0_DAVIN	63.232	1281	396	19	11579903	11581118	14	1284	0.0	1549
XP_019175963.1	tr|A0A3P5YC33|A0A3P5YC33_BRACM	68.750	1088	331	4	19472838	19473919	375	1459	0.0	1543
XP_019175963.1	tr|A0A5B6ZAJ4|A0A5B6ZAJ4_DAVIN	61.871	1272	405	14	11579903	11581118	14	1261	0.0	1510
XP_019175963.1	tr|A0A5B6ZDI0|A0A5B6ZDI0_DAVIN	58.321	1346	402	27	7015205	7016471	13	1278	0.0	1441
XP_019175963.1	tr|A0A5B6ZCV4|A0A5B6ZCV4_DAVIN	58.216	1345	413	28	7015205	7016471	13	1286	0.0	1434
XP_019175963.1	tr|A0A2I0AV25|A0A2I0AV25_9ASPA	53.040	1365	614	12	9113333	9114681	1	1354	0.0	1430
XP_019175963.1	tr|F1DFN4|F1DFN4_IPONI	100.000	672	0	0	26897868	26898539	1	672	0.0	1400
XP_019175963.1	tr|A0A5B6YIS7|A0A5B6YIS7_DAVIN	54.141	1461	552	26	13130140	13131502	1	1441	0.0	1390
XP_019175963.1	tr|A0A0B2QPU5|A0A0B2QPU5_GLYSO	40.310	2131	1033	41	5686668	5688690	12	2011	0.0	1356
XP_019175963.1	tr|A0A5B7A1W7|A0A5B7A1W7_DAVIN	68.730	953	296	2	2626530	2627480	1	953	0.0	1340
XP_019175963.1	tr|A0A5B6ZX44|A0A5B6ZX44_DAVIN	67.152	962	305	3	2626530	2627480	1	962	0.0	1317
XP_019175963.1	tr|A0A5B6ZX07|A0A5B6ZX07_DAVIN	66.978	963	306	4	2626530	2627480	1	963	0.0	1311
XP_019175963.1	tr|A0A5B6ZDW5|A0A5B6ZDW5_DAVIN	56.463	1261	392	27	7015287	7016471	1	1180	0.0	1310
XP_019175963.1	tr|A0A5B7C7J0|A0A5B7C7J0_DAVIN	76.796	849	171	6	1686366	1687196	6	846	0.0	1305
XP_019175963.1	tr|A0A2G9I3H7|A0A2G9I3H7_9LAMI	53.729	1381	434	34	7015201	7016471	7	1292	0.0	1295
XP_019175963.1	tr|A0A5B6Z5U3|A0A5B6Z5U3_DAVIN	78.562	765	162	1	15379187	15379951	1	763	0.0	1254
XP_019175963.1	tr|A0A5B6Z978|A0A5B6Z978_DAVIN	78.732	757	159	1	15379187	15379943	1	755	0.0	1253
XP_019175963.1	tr|A0A5B6Z865|A0A5B6Z865_DAVIN	79.011	748	153	2	15379187	15379934	1	744	0.0	1247
XP_019175963.1	tr|A0A5B6ZYK1|A0A5B6ZYK1_DAVIN	66.815	898	295	3	2626586	2627480	1	898	0.0	1221
XP_019175963.1	sp|C0SUT9|JMJ16_ARATH	53.730	1260	482	23	11579908	11581118	1	1208	0.0	1201
XP_019175963.1	tr|A0A5B6Z607|A0A5B6Z607_DAVIN	79.049	673	139	1	15379262	15379934	1	671	0.0	1119
XP_019175963.1	tr|A0A5B7AIY7|A0A5B7AIY7_DAVIN	55.691	1063	369	18	22719109	22720075	51	1107	0.0	1101
XP_019175963.1	tr|A0A5B7AGW7|A0A5B7AGW7_DAVIN	55.691	1063	369	18	22719109	22720075	51	1107	0.0	1101
XP_019175963.1	tr|A0A1U7VLZ2|A0A1U7VLZ2_NICSY	76.877	666	143	5	14871739	14872403	1	656	0.0	1072
XP_019175963.1	tr|A0A1S4AH78|A0A1S4AH78_TOBAC	76.727	666	144	5	14871739	14872403	1	656	0.0	1070
XP_019175963.1	sp|Q40412|ABA2_NICPL	75.929	673	151	5	14871739	14872410	1	663	0.0	1064
XP_019175963.1	tr|A0A314KMT4|A0A314KMT4_NICAT	76.577	666	141	5	14871739	14872403	1	652	0.0	1062
XP_019175963.1	tr|A0A1S3XDC8|A0A1S3XDC8_TOBAC	76.577	666	145	5	14871739	14872403	1	656	0.0	1061
XP_019175963.1	tr|A0A6N2B6W8|A0A6N2B6W8_SOLCI	76.471	663	142	8	14871739	14872396	1	654	0.0	1060
XP_019175963.1	tr|A5JV19|A5JV19_SOLLC	75.775	677	151	8	14871739	14872410	1	669	0.0	1058
XP_019175963.1	tr|R9S2F4|R9S2F4_SCUBA	76.155	671	149	5	26897868	26898538	1	660	0.0	1058
XP_019175963.1	tr|A0A0A7DVP2|A0A0A7DVP2_LYCBA	75.940	665	149	5	14871739	14872403	1	654	0.0	1058
XP_019175963.1	tr|A0A2P6P5A5|A0A2P6P5A5_ROSCH	54.144	1086	386	22	7015206	7016216	9	1057	0.0	1056
XP_019175963.1	sp|P93236|ABA2_SOLLC	75.628	677	152	8	14871739	14872410	1	669	0.0	1056
XP_019175963.1	tr|A0A2R6R5I6|A0A2R6R5I6_ACTCC	75.186	673	162	4	14871739	14872409	1	670	0.0	1055
XP_019175963.1	tr|A0A0A7DVN1|A0A0A7DVN1_LYCRU	75.789	665	149	6	14871739	14872403	1	653	0.0	1051
XP_019175963.1	tr|X2D8D0|X2D8D0_IPOPU	99.406	505	3	0	24628535	24629039	1	505	0.0	1048
XP_019175963.1	tr|X2D8D0|X2D8D0_IPOPU	99.406	505	3	0	24628535	24629039	1	505	0.0	1048
XP_019175963.1	tr|A0A2G2XHT0|A0A2G2XHT0_CAPBA	74.740	673	157	7	14871739	14872410	1	661	0.0	1048
XP_019175963.1	tr|D5M911|D5M911_SOLTU	76.772	663	140	7	14871739	14872396	1	654	0.0	1046
XP_019175963.1	tr|A0A0B4SXF6|A0A0B4SXF6_CAMSI	75.730	651	153	2	14871739	14872389	1	646	0.0	1046
XP_019175963.1	tr|A0A5J5BVQ9|A0A5J5BVQ9_9ASTE	75.259	675	156	7	14871739	14872409	1	668	0.0	1045
XP_019175963.1	tr|A0A649UJK8|A0A649UJK8_SOLTU	76.621	663	141	7	14871739	14872396	1	654	0.0	1045
XP_019175963.1	tr|A0A2G3A742|A0A2G3A742_CAPAN	75.495	657	149	6	14871739	14872395	1	645	0.0	1043
XP_019175963.1	tr|A0A2G3C4B1|A0A2G3C4B1_CAPCH	74.443	673	159	7	14871739	14872410	1	661	0.0	1043
XP_019175963.1	tr|A0A1U8FPE9|A0A1U8FPE9_CAPAN	75.495	657	149	6	14871739	14872395	1	645	0.0	1043
XP_019175963.1	tr|Q3HNF5|Q3HNF5_SOLTU	76.169	663	144	8	14871739	14872396	1	654	0.0	1041
XP_019175963.1	tr|D5M912|D5M912_SOLTU	76.169	663	144	8	14871739	14872396	1	654	0.0	1040
XP_019175963.1	tr|A0A2G9HZ79|A0A2G9HZ79_9LAMI	61.287	855	274	8	9267927	9268725	1	854	0.0	1035
XP_019175963.1	tr|A0A0M4NKF5|A0A0M4NKF5_ERYLE	74.702	672	156	5	14871739	14872409	1	659	0.0	1035
XP_019175963.1	tr|A0A5B7BLU0|A0A5B7BLU0_DAVIN	74.631	678	154	9	14871739	14872409	1	667	0.0	1035
XP_019175963.1	tr|A0A5C7HQV4|A0A5C7HQV4_9ROSI	75.115	651	155	3	14871740	14872389	6	650	0.0	1035
XP_019175963.1	tr|A0A5B8YYI1|A0A5B8YYI1_PETHY	74.738	669	153	7	14871744	14872410	1	655	0.0	1032
XP_019175963.1	tr|A0A2I4GM52|A0A2I4GM52_JUGRE	75.684	658	150	6	14871739	14872396	1	648	0.0	1029
XP_019175963.1	tr|A0A200QZC5|A0A200QZC5_9MAGN	73.591	674	171	4	14871739	14872410	1	669	0.0	1028
XP_019175963.1	tr|A0A161ZQC7|A0A161ZQC7_DAUCS	74.316	658	162	4	14871739	14872395	1	652	0.0	1028
XP_019175963.1	tr|A0A2P5FYG8|A0A2P5FYG8_TREOI	73.343	679	171	4	14871739	14872410	1	676	0.0	1028
XP_019175963.1	tr|A0A2P5ATC2|A0A2P5ATC2_PARAD	73.607	682	171	4	26897868	26898543	1	679	0.0	1026
XP_019175963.1	tr|A0A2N9H858|A0A2N9H858_FAGSY	74.355	659	161	5	14871739	14872396	1	652	0.0	1025
XP_019175963.1	tr|A0A5N6QKG5|A0A5N6QKG5_9ROSI	75.307	652	154	4	14871739	14872389	1	646	0.0	1025
XP_019175963.1	tr|Q5SGC9|Q5SGC9_VITVI	74.625	666	152	7	14871739	14872403	1	650	0.0	1024
XP_019175963.1	tr|Q2VEX1|Q2VEX1_DAUCS	74.164	658	163	4	14871739	14872395	1	652	0.0	1024
XP_019175963.1	tr|A0A1Q3C0C1|A0A1Q3C0C1_CEPFO	73.105	673	176	4	14871739	14872410	1	669	0.0	1023
XP_019175963.1	tr|A0A328CX71|A0A328CX71_9ASTE	66.965	781	227	10	2335957	2336728	1	759	0.0	1023
XP_019175963.1	tr|I7FWT4|I7FWT4_VITVI	73.835	665	159	5	14871739	14872403	1	650	0.0	1022
XP_019175963.1	tr|A0A3Q7FC15|A0A3Q7FC15_SOLLC	72.583	693	160	10	14871739	14872410	1	684	0.0	1021
XP_019175963.1	tr|A0A328D6J6|A0A328D6J6_9ASTE	85.269	577	78	3	26897942	26898518	47	616	0.0	1020
XP_019175963.1	tr|A0A484K6K1|A0A484K6K1_9ASTE	85.269	577	78	3	26897942	26898518	3	572	0.0	1020
XP_019175963.1	tr|D7SVX6|D7SVX6_VITVI	73.684	665	160	5	14871739	14872403	1	650	0.0	1019
XP_019175963.1	tr|A0A438KJI5|A0A438KJI5_VITVI	73.684	665	160	5	14871739	14872403	1	650	0.0	1019
XP_019175963.1	tr|B9SC68|B9SC68_RICCO	72.849	674	171	5	14871738	14872409	1	664	0.0	1019
XP_019175963.1	tr|A0A6A4KQ77|A0A6A4KQ77_9ERIC	74.545	660	157	6	14871739	14872395	1	652	0.0	1018
XP_019175963.1	tr|A0A2K2AGH2|A0A2K2AGH2_POPTR	73.065	672	169	6	14871739	14872409	1	661	0.0	1016
XP_019175963.1	tr|A0A6P6TIP9|A0A6P6TIP9_COFAR	72.727	682	169	10	14871741	14872409	2	679	0.0	1014
XP_019175963.1	tr|A0A1L1WGL6|A0A1L1WGL6_IPOBA	84.000	600	80	4	14871795	14872394	17	600	0.0	1011
XP_019175963.1	tr|A0A6J1D784|A0A6J1D784_MOMCH	74.194	651	163	3	14871739	14872389	1	646	0.0	1011
XP_019175963.1	tr|A0A067KI36|A0A067KI36_JATCU	75.781	640	145	4	14871771	14872409	2	632	0.0	1011
XP_019175963.1	tr|A0A251T430|A0A251T430_HELAN	72.808	673	162	8	14871739	14872409	1	654	0.0	1008
XP_019175963.1	tr|B9RFU0|B9RFU0_RICCO	83.077	585	94	2	13057853	13058434	50	632	0.0	1008
XP_019175963.1	tr|A0A6P6T8T3|A0A6P6T8T3_COFAR	72.581	682	170	10	14871741	14872409	2	679	0.0	1008
XP_019175963.1	tr|A0A314XKV4|A0A314XKV4_PRUYE	72.700	674	169	8	14871739	14872410	1	661	0.0	1008
XP_019175963.1	tr|A0A4U5QRR0|A0A4U5QRR0_POPAL	71.684	671	179	5	14871739	14872409	1	660	0.0	1006
XP_019175963.1	tr|A0A5N6MMX2|A0A5N6MMX2_9ASTR	72.633	676	162	8	14871739	14872410	1	657	0.0	1006
XP_019175963.1	tr|M5VWI3|M5VWI3_PRUPE	72.552	674	170	8	14871739	14872410	36	696	0.0	1005
XP_019175963.1	tr|A0A2K1ZP65|A0A2K1ZP65_POPTR	71.577	672	179	6	14871739	14872409	1	661	0.0	1005
XP_019175963.1	sp|O81360|ABA2_PRUAR	72.552	674	170	8	14871739	14872410	1	661	0.0	1005
XP_019175963.1	tr|A0A314YMJ4|A0A314YMJ4_PRUYE	72.700	674	169	8	14871739	14872410	1	661	0.0	1004
XP_019175963.1	tr|A0A5N5LYH9|A0A5N5LYH9_9ROSI	71.535	671	180	5	14871739	14872409	1	660	0.0	1003
XP_019175963.1	tr|A0A0A0LJK3|A0A0A0LJK3_CUCSA	73.313	652	170	3	14871739	14872389	1	649	0.0	1003
XP_019175963.1	tr|A0A251NAY3|A0A251NAY3_PRUPE	72.552	674	170	8	14871739	14872410	1	661	0.0	1002
XP_019175963.1	tr|A0A6N2M6K8|A0A6N2M6K8_SALVM	71.833	671	177	6	14871739	14872409	1	659	0.0	1001
XP_019175963.1	tr|A0A5B7A016|A0A5B7A016_DAVIN	69.571	700	199	3	2626530	2627215	1	700	0.0	1001
XP_019175963.1	tr|E5FPU6|E5FPU6_CUCSA	73.160	652	171	3	14871739	14872389	1	649	0.0	1001
XP_019175963.1	sp|Q9SGH6|DOX1_ARATH	72.586	642	171	2	9924537	9925177	1	638	0.0	1000
XP_019175963.1	tr|A0A1S3C6F9|A0A1S3C6F9_CUCME	73.773	652	167	3	14871739	14872389	1	649	0.0	1000
XP_019175963.1	tr|A0A088CI45|A0A088CI45_CUCME	73.773	652	167	3	14871739	14872389	1	649	0.0	1000
XP_019175963.1	tr|A0A6N2LZD5|A0A6N2LZD5_SALVM	72.508	662	164	6	14871749	14872409	9	653	0.0	999
XP_019175963.1	tr|A0A6J5XVW3|A0A6J5XVW3_PRUAR	72.107	674	173	8	14871739	14872410	1	661	0.0	999
XP_019175963.1	tr|A0A6J5VGY9|A0A6J5VGY9_PRUAR	72.255	674	172	8	14871739	14872410	1	661	0.0	999
XP_019175963.1	tr|Q2PHG3|Q2PHG3_LACSA	71.958	674	173	5	14871738	14872408	1	661	0.0	999
XP_019175963.1	tr|A0A1R3K4I2|A0A1R3K4I2_9ROSI	73.788	660	167	4	14871752	14872410	10	664	0.0	999
XP_019175963.1	tr|A0A4U5MAA6|A0A4U5MAA6_POPAL	71.875	672	177	6	14871739	14872409	1	661	0.0	999
XP_019175963.1	tr|A0A1U8ATE6|A0A1U8ATE6_NELNU	72.492	658	173	3	14871739	14872396	1	650	0.0	999
XP_019175963.1	tr|A0A6P5TCC7|A0A6P5TCC7_PRUAV	72.404	674	171	8	14871739	14872410	1	661	0.0	998
XP_019175963.1	tr|A0A5E4E1N1|A0A5E4E1N1_PRUDU	72.255	674	172	8	14871739	14872410	1	661	0.0	998
XP_019175963.1	tr|Q2HXJ3|Q2HXJ3_CHRMO	72.041	676	165	8	14871739	14872409	1	657	0.0	998
XP_019175963.1	tr|A0A6P5ZFJ0|A0A6P5ZFJ0_DURZI	73.457	648	166	4	14871751	14872396	105	748	0.0	997
XP_019175963.1	tr|A0A540M1W3|A0A540M1W3_MALBA	72.997	674	171	7	14871739	14872410	1	665	0.0	996
XP_019175963.1	tr|A0A2U1L5D1|A0A2U1L5D1_ARTAN	72.189	676	164	8	14871739	14872409	1	657	0.0	996
XP_019175963.1	tr|V5K800|V5K800_9ASTR	71.704	675	169	7	14871739	14872409	1	657	0.0	996
XP_019175963.1	tr|A0A061DN63|A0A061DN63_THECC	73.333	660	170	5	14871751	14872409	10	664	0.0	996
XP_019175963.1	tr|A0A7D7PMC9|A0A7D7PMC9_BETPL	73.725	647	163	4	14871739	14872385	1	640	0.0	995
XP_019175963.1	tr|A0A5N5HFQ8|A0A5N5HFQ8_9ROSA	72.511	673	174	6	14871739	14872410	62	724	0.0	994
XP_019175963.1	tr|A0A1R3GF02|A0A1R3GF02_COCAP	73.485	660	169	4	14871752	14872410	10	664	0.0	994
XP_019175963.1	tr|A0A0G2QS83|A0A0G2QS83_MALDO	72.700	674	173	7	14871739	14872410	1	665	0.0	994
XP_019175963.1	tr|A0A6S7MQ27|A0A6S7MQ27_LACSI	71.982	671	155	6	14871738	14872408	1	638	0.0	994
XP_019175963.1	tr|A0A291AR03|A0A291AR03_BETPL	73.416	647	165	4	14871739	14872385	1	640	0.0	994
XP_019175963.1	tr|A0A4Y5SW57|A0A4Y5SW57_LUFAE	73.773	652	167	4	14871739	14872389	1	649	0.0	993
XP_019175963.1	tr|A0A0S3R4I9|A0A0S3R4I9_PHAAN	73.118	651	172	3	14871739	14872389	1	648	0.0	993
XP_019175963.1	tr|A0A0L9TIH8|A0A0L9TIH8_PHAAN	73.118	651	172	3	14871739	14872389	1	648	0.0	993
XP_019175963.1	tr|A0A2C9URD0|A0A2C9URD0_MANES	72.024	672	179	4	14871739	14872409	1	664	0.0	993
XP_019175963.1	tr|A0A2G9I8N8|A0A2G9I8N8_9LAMI	67.903	701	222	3	25462764	25463462	13	712	0.0	993
XP_019175963.1	tr|A0A2G9I8N8|A0A2G9I8N8_9LAMI	67.903	701	222	3	25462764	25463462	13	712	0.0	993
XP_019175963.1	tr|A0A2P2MMZ3|A0A2P2MMZ3_RHIMU	71.429	672	179	6	14871739	14872408	1	661	0.0	992
XP_019175963.1	tr|A0A4D6KZR3|A0A4D6KZR3_VIGUN	72.965	651	173	3	14871739	14872389	1	648	0.0	992
XP_019175963.1	tr|A0A061DGA7|A0A061DGA7_THECC	73.222	661	170	6	14871751	14872409	10	665	0.0	992
XP_019175963.1	tr|A0A2P2MN17|A0A2P2MN17_RHIMU	72.079	659	172	5	14871739	14872396	1	648	0.0	991
XP_019175963.1	tr|A0A1L6K4I8|A0A1L6K4I8_POPTO	72.043	651	173	4	14871739	14872389	1	642	0.0	991
XP_019175963.1	tr|A0A5D2L4R0|A0A5D2L4R0_GOSTO	72.504	651	174	3	17256477	17257123	3	652	0.0	990
XP_019175963.1	tr|A0A061DGY4|A0A061DGY4_THECC	72.673	666	170	6	14871751	14872409	10	670	0.0	989
XP_019175963.1	tr|A0A2U1LIP5|A0A2U1LIP5_ARTAN	72.148	675	166	8	14871739	14872409	1	657	0.0	989
XP_019175963.1	tr|A0A022RZI9|A0A022RZI9_ERYGU	78.876	587	120	3	14871824	14872409	1	584	0.0	989
XP_019175963.1	tr|F8QV17|F8QV17_CITLA	73.466	652	169	3	14871739	14872389	1	649	0.0	989
XP_019175963.1	tr|A0A2H5PJ62|A0A2H5PJ62_CITUN	71.903	662	168	6	14871739	14872396	1	648	0.0	988
XP_019175963.1	tr|A0A4Y7J180|A0A4Y7J180_PAPSO	73.272	651	172	1	14871739	14872389	1	649	0.0	988
XP_019175963.1	tr|D3KZ28|D3KZ28_CITUN	71.049	677	176	7	14871739	14872409	1	663	0.0	988
XP_019175963.1	tr|Q8W3L2|Q8W3L2_CITUN	71.049	677	176	7	14871739	14872409	1	663	0.0	988
XP_019175963.1	tr|Q2LAD8|Q2LAD8_SOLTU	91.485	505	43	0	24628535	24629039	1	505	0.0	987
XP_019175963.1	tr|A0A0J8B447|A0A0J8B447_BETVU	70.778	681	180	7	14871739	14872408	1	673	0.0	987
XP_019175963.1	tr|Q2LAD8|Q2LAD8_SOLTU	91.485	505	43	0	24628535	24629039	1	505	0.0	987
XP_019175963.1	tr|V4UIK3|V4UIK3_CITCL	71.049	677	176	7	14871739	14872409	1	663	0.0	986
XP_019175963.1	tr|A0A4D9BVU8|A0A4D9BVU8_SALSN	76.384	614	121	3	14871817	14872409	63	673	0.0	986
XP_019175963.1	tr|A0A5D2L1V4|A0A5D2L1V4_GOSTO	71.933	652	177	3	17256477	17257123	3	653	0.0	986
XP_019175963.1	tr|V7CEX1|V7CEX1_PHAVU	72.350	651	177	3	14871739	14872389	1	648	0.0	986
XP_019175963.1	tr|A0A6P4AMU2|A0A6P4AMU2_ZIZJJ	72.889	675	174	6	14871739	14872410	1	669	0.0	986
XP_019175963.1	tr|A0A1S3USH6|A0A1S3USH6_VIGRR	72.504	651	176	3	14871739	14872389	1	648	0.0	986
XP_019175963.1	tr|A0A5N5H3Z1|A0A5N5H3Z1_9ROSA	72.808	673	173	6	14871739	14872410	1	664	0.0	986
XP_019175963.1	tr|A0A067GVA7|A0A067GVA7_CITSI	70.901	677	177	7	14871739	14872409	1	663	0.0	986
XP_019175963.1	tr|A0A346DA09|A0A346DA09_CUCMO	72.853	652	173	3	14871739	14872389	1	649	0.0	986
XP_019175963.1	tr|A0A059AMA2|A0A059AMA2_EUCGR	71.669	653	178	3	14871739	14872389	1	648	0.0	985
XP_019175963.1	tr|D3KZ30|D3KZ30_CITSI	70.901	677	177	7	14871739	14872409	1	663	0.0	984
XP_019175963.1	sp|F1B283|C4H2_PETHY	91.089	505	45	0	24628535	24629039	1	505	0.0	984
XP_019175963.1	tr|A0A0B2RRA4|A0A0B2RRA4_GLYSO	71.770	627	176	1	8641870	8642495	2	628	0.0	983
XP_019175963.1	tr|A0A0B2RRA4|A0A0B2RRA4_GLYSO	71.770	627	176	1	8641870	8642495	2	628	0.0	983
XP_019175963.1	tr|A0A2P6PAI2|A0A2P6PAI2_ROSCH	60.805	870	265	14	9267927	9268725	1	865	0.0	983
XP_019175963.1	tr|Q1XIT6|Q1XIT6_GENLU	71.386	678	174	7	14871738	14872410	1	663	0.0	983
XP_019175963.1	sp|Q96375|ABA2_CAPAN	72.477	654	168	6	14871757	14872410	19	660	0.0	983
XP_019175963.1	tr|V7CIR5|V7CIR5_PHAVU	73.047	653	166	5	14871739	14872389	1	645	0.0	982
XP_019175963.1	tr|A0A6J0ZJI4|A0A6J0ZJI4_9ROSI	73.788	660	167	5	14871751	14872409	10	664	0.0	981
XP_019175963.1	sp|F1B282|C4H1_PETHY	91.897	506	40	1	24628535	24629039	1	506	0.0	981
XP_019175963.1	tr|A0A6P5YKL3|A0A6P5YKL3_DURZI	72.356	662	174	6	14871751	14872409	10	665	0.0	981
XP_019175963.1	tr|A0A6P8DT45|A0A6P8DT45_PUNGR	73.394	654	164	4	26897866	26898518	3	647	0.0	980
XP_019175963.1	tr|W9RGF2|W9RGF2_9ROSA	72.997	674	172	5	14871739	14872410	1	666	0.0	979
XP_019175963.1	tr|A0A6A5MMT9|A0A6A5MMT9_LUPAL	72.018	654	178	4	14871739	14872389	1	652	0.0	979
XP_019175963.1	tr|A0A218XBT3|A0A218XBT3_PUNGR	73.354	653	164	4	26897867	26898518	1	644	0.0	978
XP_019175963.1	tr|A0A4Y7ILU8|A0A4Y7ILU8_PAPSO	72.811	651	175	1	14871739	14872389	1	649	0.0	977
XP_019175963.1	tr|A0A6P4CRE5|A0A6P4CRE5_ARADU	70.808	668	184	7	14871738	14872403	1	659	0.0	976
XP_019175963.1	tr|A0A140CWR2|A0A140CWR2_BIXOR	72.810	662	163	5	14871751	14872409	10	657	0.0	976
XP_019175963.1	tr|I1MVX7|I1MVX7_SOYBN	71.341	656	177	4	14871739	14872389	1	650	0.0	976
XP_019175963.1	tr|A0A397YV36|A0A397YV36_BRACM	73.552	639	158	4	14871751	14872389	15	642	0.0	976
XP_019175963.1	tr|A0A0B2R360|A0A0B2R360_GLYSO	71.341	656	177	4	14871739	14872389	1	650	0.0	976
XP_019175963.1	tr|A0A2P2MN04|A0A2P2MN04_RHIMU	72.558	645	167	4	14871739	14872382	1	636	0.0	976
XP_019175963.1	tr|A0A067GUY2|A0A067GUY2_CITSI	72.222	648	164	5	14871739	14872382	1	636	0.0	976
XP_019175963.1	tr|A0A345GSG4|A0A345GSG4_CUCPE	72.239	652	177	3	14871739	14872389	1	649	0.0	975
XP_019175963.1	tr|A0A067GHY1|A0A067GHY1_CITSI	69.465	691	177	8	14871739	14872409	1	677	0.0	975
XP_019175963.1	tr|A0A445EU22|A0A445EU22_ARAHY	70.808	668	184	7	14871738	14872403	1	659	0.0	975
XP_019175963.1	tr|V4KMM1|V4KMM1_EUTSA	79.438	569	116	1	14871821	14872389	77	644	0.0	975
XP_019175963.1	tr|A0A2P6RNH5|A0A2P6RNH5_ROSCH	70.901	677	175	8	14871739	14872410	1	660	0.0	975
XP_019175963.1	tr|Q1XIT5|Q1XIT5_GENLU	71.970	660	170	5	14871738	14872396	1	646	0.0	974
XP_019175963.1	tr|A0A445AQE0|A0A445AQE0_ARAHY	70.282	673	189	7	14871738	14872408	1	664	0.0	973
XP_019175963.1	tr|A0A0A0QZ09|A0A0A0QZ09_MORAL	72.255	674	177	5	14871739	14872410	1	666	0.0	972
XP_019175963.1	tr|M4D6L8|M4D6L8_BRARP	77.534	592	125	2	14871798	14872389	63	646	0.0	972
XP_019175963.1	tr|Q5MAR9|Q5MAR9_EUTHA	79.262	569	117	1	14871821	14872389	77	644	0.0	972
XP_019175963.1	tr|A0A371EEU3|A0A371EEU3_MUCPR	70.968	651	178	4	14871739	14872389	1	640	0.0	972
XP_019175963.1	tr|A0A6P5YJX2|A0A6P5YJX2_DURZI	70.920	674	175	7	14871751	14872409	10	677	0.0	972
XP_019175963.1	tr|A0A540LEC9|A0A540LEC9_MALBA	70.707	693	173	7	14871739	14872410	1	684	0.0	971
XP_019175963.1	tr|A0A0K0K5D1|A0A0K0K5D1_BRANA	76.884	597	130	2	14871793	14872389	60	648	0.0	971
XP_019175963.1	tr|A0A3P6BKR7|A0A3P6BKR7_BRACM	73.438	640	158	5	14871751	14872389	15	643	0.0	971
XP_019175963.1	tr|A0A1J7IXM3|A0A1J7IXM3_LUPAN	70.404	669	191	4	14871739	14872404	1	665	0.0	971
XP_019175963.1	tr|A0A498HYX1|A0A498HYX1_MALDO	69.296	710	171	7	14871739	14872410	48	748	0.0	971
XP_019175963.1	tr|D3KZ29|D3KZ29_CITUN	70.015	677	183	7	14871739	14872409	1	663	0.0	971
XP_019175963.1	tr|V4KV00|V4KV00_EUTSA	79.298	570	116	2	14871821	14872389	77	645	0.0	971
XP_019175963.1	tr|B9VUW6|B9VUW6_BRARP	77.365	592	126	2	14871798	14872389	63	646	0.0	971
XP_019175963.1	tr|D3KZ31|D3KZ31_CITSI	70.015	677	183	7	14871739	14872409	1	663	0.0	969
XP_019175963.1	tr|E2GK53|E2GK53_SOYBN	71.037	656	179	4	14871739	14872389	1	650	0.0	969
XP_019175963.1	tr|A0A1B1IHZ1|A0A1B1IHZ1_CAMAC	90.693	505	47	0	24628535	24629039	1	505	0.0	969
XP_019175963.1	tr|A0A6J0K246|A0A6J0K246_RAPSA	71.842	657	162	6	14871739	14872389	1	640	0.0	969
XP_019175963.1	tr|A0A1B1IHZ1|A0A1B1IHZ1_CAMAC	90.693	505	47	0	24628535	24629039	1	505	0.0	969
XP_019175963.1	tr|Q9FS22|Q9FS22_VIGUN	77.441	594	131	3	14871796	14872389	3	593	0.0	968
XP_019175963.1	tr|E9JTX3|E9JTX3_BRANA	79.123	570	118	1	14871820	14872389	79	647	0.0	968
XP_019175963.1	tr|A0A1J3ES39|A0A1J3ES39_NOCCA	73.768	629	158	4	14871786	14872410	42	667	0.0	968
XP_019175963.1	tr|A0A6B9VMG2|A0A6B9VMG2_BRANA	79.123	570	118	1	14871820	14872389	75	643	0.0	967
XP_019175963.1	tr|A0A1J3CPF3|A0A1J3CPF3_NOCCA	74.677	620	150	4	14871795	14872410	51	667	0.0	967
XP_019175963.1	sp|A0A0K9RDW0|ABA2_SPIOL	69.449	671	181	6	26897868	26898525	1	660	0.0	967
XP_019175963.1	tr|A0A072V0U6|A0A072V0U6_MEDTR	51.480	1047	438	17	7015203	7016216	4	1013	0.0	967
XP_019175963.1	tr|B3VSF6|B3VSF6_CITMA	69.719	677	185	7	14871739	14872409	1	663	0.0	965
XP_019175963.1	tr|A0A0D3D896|A0A0D3D896_BRAOL	78.947	570	119	1	14871820	14872389	133	701	0.0	965
XP_019175963.1	tr|A0A078FKU7|A0A078FKU7_BRANA	78.947	570	119	1	14871820	14872389	133	701	0.0	965
XP_019175963.1	tr|A0A6B9VLT0|A0A6B9VLT0_BRANA	78.947	570	119	1	14871820	14872389	74	642	0.0	965
XP_019175963.1	tr|A0A1J3J267|A0A1J3J267_NOCCA	73.450	629	160	4	14871786	14872410	42	667	0.0	964
XP_019175963.1	tr|A0A3Q0EIC4|A0A3Q0EIC4_VIGRR	71.889	651	172	6	14871740	14872389	12	652	0.0	964
XP_019175963.1	tr|D7MKU3|D7MKU3_ARALL	76.520	592	134	3	14871821	14872410	79	667	0.0	963
XP_019175963.1	tr|M9NWI0|M9NWI0_FRAAN	70.134	673	187	6	14871739	14872410	1	660	0.0	963
XP_019175963.1	tr|W6CLL7|W6CLL7_LUPLU	69.242	686	187	6	14871739	14872404	1	682	0.0	963
XP_019175963.1	tr|A0A3N6RIV3|A0A3N6RIV3_BRACR	78.735	569	120	1	14871821	14872389	75	642	0.0	963
XP_019175963.1	tr|A0A6D2KQK6|A0A6D2KQK6_9BRAS	70.365	658	179	5	14871755	14872410	19	662	0.0	962
XP_019175963.1	tr|A0A087GEP1|A0A087GEP1_ARAAL	76.689	592	133	3	14871821	14872410	75	663	0.0	962
XP_019175963.1	tr|A0A1S2YYH3|A0A1S2YYH3_CICAR	69.661	679	178	7	14871739	14872408	1	660	0.0	962
XP_019175963.1	tr|A0A6P5YJY0|A0A6P5YJY0_DURZI	73.543	635	161	5	14871751	14872382	10	640	0.0	961
XP_019175963.1	tr|A0A2H5PJW3|A0A2H5PJW3_CITUN	73.609	629	151	5	14871784	14872409	6	622	0.0	961
XP_019175963.1	tr|A0A3P6EZ86|A0A3P6EZ86_BRAOL	78.809	571	119	2	14871820	14872389	133	702	0.0	961
XP_019175963.1	tr|A0A396GRZ0|A0A396GRZ0_MEDTR	70.092	652	188	3	14871739	14872390	1	645	0.0	960
XP_019175963.1	tr|A0A068U1U9|A0A068U1U9_COFCA	69.926	675	171	9	14871741	14872410	2	649	0.0	960
XP_019175963.1	tr|A0A089GI24|A0A089GI24_MEDSA	70.183	654	184	4	14871739	14872390	1	645	0.0	960
XP_019175963.1	tr|A0A140CWR3|A0A140CWR3_BIXOR	73.858	635	151	4	14871751	14872382	10	632	0.0	960
XP_019175963.1	tr|I1LHE5|I1LHE5_SOYBN	71.254	654	179	4	14871739	14872389	1	648	0.0	960
XP_019175963.1	tr|A0A445HXJ5|A0A445HXJ5_GLYSO	71.254	654	179	4	14871739	14872389	1	648	0.0	960
XP_019175963.1	tr|A0A2G9HTG5|A0A2G9HTG5_9LAMI	89.683	504	52	0	24628535	24629038	1	504	0.0	959
XP_019175963.1	tr|A0A2G9HTG5|A0A2G9HTG5_9LAMI	89.683	504	52	0	24628535	24629038	1	504	0.0	959
XP_019175963.1	tr|B9S3L4|B9S3L4_RICCO	83.942	548	86	2	6996437	6996983	8	554	0.0	959
XP_019175963.1	sp|P48522|TCMO_CATRO	91.870	492	40	0	24628548	24629039	14	505	0.0	958
XP_019175963.1	tr|A0A6M3R3D5|A0A6M3R3D5_HELAN	89.109	505	55	0	24628535	24629039	1	505	0.0	958
XP_019175963.1	tr|A0A0L9UR79|A0A0L9UR79_PHAAN	70.814	651	180	4	14871739	14872388	1	642	0.0	957
XP_019175963.1	tr|A0A5B6ZS12|A0A5B6ZS12_DAVIN	48.273	1129	491	19	5687631	5688692	1	1103	0.0	957
XP_019175963.1	sp|O48921|C97B2_SOYBN	84.358	537	83	1	6996445	6996980	36	572	0.0	957
XP_019175963.1	tr|R0G916|R0G916_9BRAS	73.794	622	152	5	14871795	14872410	53	669	0.0	956
XP_019175963.1	tr|C0LUU6|C0LUU6_SOYBN	88.933	506	55	1	24628535	24629039	1	506	0.0	956
XP_019175963.1	tr|C0LUU6|C0LUU6_SOYBN	88.933	506	55	1	24628535	24629039	1	506	0.0	956
XP_019175963.1	tr|A0A2G5ELN4|A0A2G5ELN4_AQUCA	70.431	673	189	7	14871739	14872410	1	664	0.0	956
XP_019175963.1	sp|Q42797|TCMO_SOYBN	88.933	506	55	1	24628535	24629039	1	506	0.0	956
XP_019175963.1	tr|A0A2G9GRD7|A0A2G9GRD7_9LAMI	91.260	492	43	0	24628548	24629039	14	505	0.0	956
XP_019175963.1	tr|A0A2G9GRD7|A0A2G9GRD7_9LAMI	91.260	492	43	0	24628548	24629039	14	505	0.0	956
XP_019175963.1	tr|A0A2P6SJB8|A0A2P6SJB8_ROSCH	52.866	1012	396	23	13128715	13129696	1	961	0.0	956
XP_019175963.1	tr|G0Z350|G0Z350_SOYBN	72.457	639	167	4	14871754	14872389	3	635	0.0	955
XP_019175963.1	tr|C5IWL6|C5IWL6_SOYBN	88.735	506	56	1	24628535	24629039	1	506	0.0	955
XP_019175963.1	tr|A0A6J1L1L5|A0A6J1L1L5_CUCMA	72.393	652	176	3	14871739	14872389	1	649	0.0	955
XP_019175963.1	tr|C5IWL6|C5IWL6_SOYBN	88.735	506	56	1	24628535	24629039	1	506	0.0	955
XP_019175963.1	tr|Q9AXP9|Q9AXP9_9ROSI	91.287	505	44	0	24628535	24629039	1	505	0.0	954
XP_019175963.1	tr|A0A565CXC3|A0A565CXC3_9BRAS	76.858	592	126	4	14871821	14872410	80	662	0.0	954
XP_019175963.1	tr|Q9AXP9|Q9AXP9_9ROSI	91.287	505	44	0	24628535	24629039	1	505	0.0	954
XP_019175963.1	tr|A0A6A2Z264|A0A6A2Z264_HIBSY	70.588	663	186	6	14871751	14872409	10	667	0.0	953
XP_019175963.1	tr|A0A346DA06|A0A346DA06_CUCMA	72.239	652	177	3	14871739	14872389	1	649	0.0	953
XP_019175963.1	tr|A0A6P5YL70|A0A6P5YL70_DURZI	72.025	647	162	6	14871751	14872382	10	652	0.0	952
XP_019175963.1	tr|A0A443PP74|A0A443PP74_9MAGN	68.981	677	191	8	14871739	14872410	1	663	0.0	952
XP_019175963.1	tr|A0A2D1CM95|A0A2D1CM95_GOSAR	70.846	662	185	5	14871751	14872409	10	666	0.0	952
XP_019175963.1	tr|A0A2P6QKX2|A0A2P6QKX2_ROSCH	90.297	505	48	1	24628535	24629038	1	505	0.0	951
XP_019175963.1	tr|A0A6J0LCM0|A0A6J0LCM0_RAPSA	70.840	655	166	8	14871739	14872389	1	634	0.0	951
XP_019175963.1	tr|A0A4D6LS75|A0A4D6LS75_VIGUN	71.318	645	174	4	14871739	14872381	1	636	0.0	950
XP_019175963.1	tr|A0A2G5EL35|A0A2G5EL35_AQUCA	70.015	677	189	8	14871739	14872410	1	668	0.0	949
XP_019175963.1	tr|A0A5B6VYY2|A0A5B6VYY2_9ROSI	70.365	658	171	5	14871752	14872409	11	644	0.0	949
XP_019175963.1	tr|A0A2K3P556|A0A2K3P556_TRIPR	68.648	673	199	6	14871739	14872409	1	663	0.0	949
XP_019175963.1	tr|A0A2G5EL37|A0A2G5EL37_AQUCA	71.894	644	173	5	14871739	14872381	1	637	0.0	948
XP_019175963.1	tr|A0A2P6R0L2|A0A2P6R0L2_ROSCH	65.954	702	214	6	25462759	25463456	8	688	0.0	948
XP_019175963.1	tr|A0A2P6R0L2|A0A2P6R0L2_ROSCH	65.954	702	214	6	25462759	25463456	8	688	0.0	948
XP_019175963.1	tr|A0A0D3E2J4|A0A0D3E2J4_BRAOL	69.322	678	182	8	14871738	14872410	1	657	0.0	947
XP_019175963.1	tr|A0A345ZA04|A0A345ZA04_GOSAR	71.148	662	183	5	14871751	14872409	10	666	0.0	947
XP_019175963.1	tr|A0A2G5EL36|A0A2G5EL36_AQUCA	70.282	673	188	8	14871739	14872410	1	662	0.0	947
XP_019175963.1	tr|A0A345CN37|A0A345CN37_MENLO	90.041	492	49	0	24628548	24629039	14	505	0.0	947
XP_019175963.1	sp|Q04468|TCMO_HELTU	88.119	505	60	0	24628535	24629039	1	505	0.0	947
XP_019175963.1	tr|A0A345CN38|A0A345CN38_MENPI	90.041	492	49	0	24628548	24629039	14	505	0.0	947
XP_019175963.1	tr|A0A345CN36|A0A345CN36_MENAQ	89.837	492	50	0	24628548	24629039	14	505	0.0	946
XP_019175963.1	tr|A0A345CN39|A0A345CN39_MENSP	89.634	492	51	0	24628548	24629039	14	505	0.0	946
XP_019175963.1	tr|G3LY59|G3LY59_CUCMO	71.626	652	181	3	14871739	14872389	1	649	0.0	945
XP_019175963.1	tr|A0A3P6DBX1|A0A3P6DBX1_BRAOL	69.174	678	182	8	14871739	14872410	1	657	0.0	945
XP_019175963.1	tr|M4F7R9|M4F7R9_BRARP	75.000	592	137	2	14871798	14872389	52	632	0.0	945
XP_019175963.1	tr|A0A200R915|A0A200R915_9MAGN	56.858	853	306	10	23252109	23252905	1	847	0.0	945
XP_019175963.1	tr|A0A6A1VVT2|A0A6A1VVT2_9ROSI	69.289	661	173	7	14871739	14872389	1	641	0.0	944
XP_019175963.1	tr|A0A5J5TR02|A0A5J5TR02_GOSBA	70.997	662	184	5	14871751	14872409	10	666	0.0	944
XP_019175963.1	tr|A0A072UD31|A0A072UD31_MEDTR	68.035	682	185	8	14871739	14872408	1	661	0.0	944
XP_019175963.1	tr|A0A5D2ENZ9|A0A5D2ENZ9_GOSDA	70.997	662	184	5	14871751	14872409	10	666	0.0	944
XP_019175963.1	sp|Q43240|TCMO_ZINVI	87.723	505	62	0	24628535	24629039	1	505	0.0	944
XP_019175963.1	tr|A0A5D2SW23|A0A5D2SW23_GOSMU	70.997	662	184	5	14871751	14872409	10	666	0.0	944
XP_019175963.1	tr|A0A1U8ILC2|A0A1U8ILC2_GOSHI	70.997	662	184	5	14871751	14872409	10	666	0.0	944
XP_019175963.1	tr|A0A1S2YSD6|A0A1S2YSD6_CICAR	67.809	671	202	5	14871739	14872407	1	659	0.0	944
XP_019175963.1	sp|Q43033|TCMO_PETCR	88.340	506	59	0	24628534	24629039	1	506	0.0	944
XP_019175963.1	tr|A0A1U8Q9M2|A0A1U8Q9M2_NELNU	69.149	658	170	4	14871739	14872396	1	625	0.0	943
XP_019175963.1	tr|A0A5D2X8P0|A0A5D2X8P0_GOSMU	70.997	662	184	5	14871751	14872409	10	666	0.0	943
XP_019175963.1	tr|A0A0D2SP19|A0A0D2SP19_GOSRA	70.846	662	185	5	14871751	14872409	10	666	0.0	943
XP_019175963.1	tr|A0A2P5XLZ5|A0A2P5XLZ5_GOSBA	70.997	662	184	5	14871751	14872409	21	677	0.0	943
XP_019175963.1	tr|D6MXQ6|D6MXQ6_ISATI	86.576	514	64	1	24628535	24629048	1	509	0.0	942
XP_019175963.1	tr|D6MXQ6|D6MXQ6_ISATI	86.576	514	64	1	24628535	24629048	1	509	0.0	942
XP_019175963.1	tr|A0A5D2NE96|A0A5D2NE96_GOSTO	70.997	662	184	5	14871751	14872409	10	666	0.0	942
XP_019175963.1	tr|A0A2S0NIS1|A0A2S0NIS1_BRARP	73.377	616	148	4	14871798	14872410	52	654	0.0	942
XP_019175963.1	tr|A0A397XS39|A0A397XS39_BRACM	75.891	589	136	3	14871825	14872410	69	654	0.0	942
XP_019175963.1	tr|A0A3P5Y8Z9|A0A3P5Y8Z9_BRACM	77.522	565	126	1	14871825	14872389	73	636	0.0	942
XP_019175963.1	tr|A0A0U1XP01|A0A0U1XP01_LACSA	87.327	505	64	0	24628535	24629039	1	505	0.0	941
XP_019175963.1	tr|G7K9A7|G7K9A7_MEDTR	83.364	535	83	2	6996452	6996980	36	570	0.0	941
XP_019175963.1	tr|A0A0U1XP01|A0A0U1XP01_LACSA	87.327	505	64	0	24628535	24629039	1	505	0.0	941
XP_019175963.1	tr|A0A5D2AS70|A0A5D2AS70_GOSDA	70.846	662	185	5	14871751	14872409	10	666	0.0	941
XP_019175963.1	tr|A0A5J5PHG5|A0A5J5PHG5_GOSBA	70.846	662	185	5	14871751	14872409	10	666	0.0	941
XP_019175963.1	tr|G0KVB3|G0KVB3_9ASTR	87.723	505	62	0	24628535	24629039	1	505	0.0	940
XP_019175963.1	tr|G0KVB3|G0KVB3_9ASTR	87.723	505	62	0	24628535	24629039	1	505	0.0	940
XP_019175963.1	tr|A0A078FZM8|A0A078FZM8_BRANA	75.722	589	137	3	14871825	14872410	69	654	0.0	940
XP_019175963.1	tr|A0A5D2IRY5|A0A5D2IRY5_GOSTO	70.695	662	186	5	14871751	14872409	10	666	0.0	939
XP_019175963.1	tr|A0A6J0LBW2|A0A6J0LBW2_RAPSA	70.679	648	165	8	14871739	14872382	1	627	0.0	939
XP_019175963.1	tr|A0A6J0LB14|A0A6J0LB14_RAPSA	70.724	649	165	8	14871739	14872383	1	628	0.0	939
XP_019175963.1	tr|A0A6J0LBA7|A0A6J0LBA7_RAPSA	70.679	648	165	8	14871739	14872382	1	627	0.0	939
XP_019175963.1	tr|A0A2R2ZJB8|A0A2R2ZJB8_FAGTA	88.247	502	59	0	24628535	24629036	1	502	0.0	939
XP_019175963.1	tr|A0A1U8K464|A0A1U8K464_GOSHI	70.695	662	186	5	14871751	14872409	10	666	0.0	939
XP_019175963.1	tr|A0A2R2ZJB8|A0A2R2ZJB8_FAGTA	88.247	502	59	0	24628535	24629036	1	502	0.0	939
XP_019175963.1	tr|A0A385EI30|A0A385EI30_9ROSA	90.798	489	45	0	24628548	24629036	14	502	0.0	938
XP_019175963.1	tr|A0A6B9VQ23|A0A6B9VQ23_BRANA	68.732	678	186	8	14871738	14872410	1	657	0.0	938
XP_019175963.1	tr|A0A5D2X994|A0A5D2X994_GOSMU	70.846	662	184	6	14871751	14872409	10	665	0.0	938
XP_019175963.1	tr|Q4JLA2|Q4JLA2_MALDO	90.631	491	46	0	24628548	24629038	14	504	0.0	937
XP_019175963.1	tr|Q4JLA2|Q4JLA2_MALDO	90.631	491	46	0	24628548	24629038	14	504	0.0	937
XP_019175963.1	tr|A0A151TIF9|A0A151TIF9_CAJCA	72.473	643	171	3	14871739	14872381	1	637	0.0	936
XP_019175963.1	tr|F2VR43|F2VR43_PRUAV	89.775	489	50	0	24628548	24629036	14	502	0.0	936
XP_019175963.1	tr|F2VR43|F2VR43_PRUAV	89.775	489	50	0	24628548	24629036	14	502	0.0	936
XP_019175963.1	tr|A8CF55|A8CF55_BRACM	86.535	505	68	0	24628535	24629039	1	505	0.0	935
XP_019175963.1	tr|A0A0G3XQV9|A0A0G3XQV9_9MAGN	78.345	568	119	3	26897972	26898539	1	564	0.0	935
XP_019175963.1	tr|A8CF55|A8CF55_BRACM	86.535	505	68	0	24628535	24629039	1	505	0.0	935
XP_019175963.1	tr|A0A4P1QR49|A0A4P1QR49_LUPAN	68.865	652	194	3	14871738	14872389	1	643	0.0	935
XP_019175963.1	sp|Q9FGC7|ZEP_ARATH	77.153	569	129	1	14871821	14872389	78	645	0.0	935
XP_019175963.1	tr|A0A178UJF2|A0A178UJF2_ARATH	74.500	600	147	3	14871793	14872389	49	645	0.0	935
XP_019175963.1	tr|A0A2H5PJ42|A0A2H5PJ42_CITUN	68.483	679	174	9	14871739	14872409	1	647	0.0	935
XP_019175963.1	tr|A0A6A5MRN2|A0A6A5MRN2_LUPAL	68.405	652	197	3	14871738	14872389	1	643	0.0	935
XP_019175963.1	tr|A0A5S9YIH5|A0A5S9YIH5_ARATH	77.153	569	129	1	14871821	14872389	79	646	0.0	935
XP_019175963.1	tr|A0A385EIG2|A0A385EIG2_9ROSA	90.224	491	48	0	24628548	24629038	14	504	0.0	934
XP_019175963.1	tr|A0A251U9D3|A0A251U9D3_HELAN	87.698	504	59	1	24628535	24629038	1	501	0.0	934
XP_019175963.1	tr|A0A2G9G8W3|A0A2G9G8W3_9LAMI	82.386	528	93	0	11709557	11710084	1	528	0.0	933
XP_019175963.1	tr|A0A251U7P4|A0A251U7P4_HELAN	88.119	505	60	0	24628535	24629039	1	505	0.0	933
XP_019175963.1	tr|E2F4D8|E2F4D8_SCUBA	89.271	494	51	1	24628548	24629039	14	507	0.0	933
XP_019175963.1	tr|E2F4D8|E2F4D8_SCUBA	89.271	494	51	1	24628548	24629039	14	507	0.0	933
XP_019175963.1	tr|A0A1B1SPI1|A0A1B1SPI1_LEPAP	86.310	504	69	0	24628535	24629038	1	504	0.0	932
XP_019175963.1	tr|A0A1B1SPI1|A0A1B1SPI1_LEPAP	86.310	504	69	0	24628535	24629038	1	504	0.0	932
XP_019175963.1	tr|A0A7C9CWR7|A0A7C9CWR7_OPUST	83.051	531	86	3	6996454	6996983	52	579	0.0	932
XP_019175963.1	tr|A0A2G9G9S8|A0A2G9G9S8_9LAMI	83.301	521	86	1	24926378	24926898	1	520	0.0	931
XP_019175963.1	tr|A0A5P1EMK8|A0A5P1EMK8_ASPOF	74.915	586	143	2	14871824	14872409	154	735	0.0	931
XP_019175963.1	sp|B3RFJ6|86A22_PETHY	83.301	521	83	2	11709557	11710074	1	520	0.0	931
XP_019175963.1	tr|M0TIS5|M0TIS5_MUSAM	67.262	672	206	4	14871742	14872409	2	663	0.0	930
XP_019175963.1	tr|A0A0B2P6K4|A0A0B2P6K4_GLYSO	57.241	877	317	18	6167671	6168516	9	858	0.0	928
XP_019175963.1	tr|B5BLW2|B5BLW2_MEDTR	79.888	537	108	0	26153153	26153689	4	540	0.0	927
XP_019175963.1	tr|N0DLK9|N0DLK9_DIACA	78.689	549	116	1	14871841	14872389	99	646	0.0	926
XP_019175963.1	tr|A0A1L1Y221|A0A1L1Y221_9POAL	72.241	598	164	1	14871813	14872410	75	670	0.0	926
XP_019175963.1	tr|A0A6J0ZIN0|A0A6J0ZIN0_9ROSI	70.606	660	163	6	14871751	14872409	10	639	0.0	926
XP_019175963.1	tr|A0A2I4H4N7|A0A2I4H4N7_JUGRE	84.440	527	74	3	541788	542309	1	524	0.0	926
XP_019175963.1	sp|P37115|TCMO_VIGRR	87.398	492	62	0	24628548	24629039	14	505	0.0	926
XP_019175963.1	tr|A0A7C8YPE6|A0A7C8YPE6_OPUST	89.286	504	54	0	24628534	24629037	94	597	0.0	926
XP_019175963.1	tr|Q2MJ09|Q2MJ09_MEDTR	88.235	493	57	1	24628548	24629039	14	506	0.0	925
XP_019175963.1	tr|G7KCC8|G7KCC8_MEDTR	56.810	859	291	12	9267927	9268725	1	839	0.0	925
XP_019175963.1	tr|Q2MJ09|Q2MJ09_MEDTR	88.235	493	57	1	24628548	24629039	14	506	0.0	925
XP_019175963.1	tr|A0A151U8S3|A0A151U8S3_CAJCA	64.562	697	240	5	25462762	25463456	39	730	0.0	925
XP_019175963.1	tr|A0A328DP20|A0A328DP20_9ASTE	89.423	520	54	1	541788	542306	1	520	0.0	925
XP_019175963.1	tr|A0A151U8S3|A0A151U8S3_CAJCA	64.562	697	240	5	25462762	25463456	39	730	0.0	925
XP_019175963.1	tr|A0A484LFQ0|A0A484LFQ0_9ASTE	89.080	522	56	1	541788	542308	1	522	0.0	924
XP_019175963.1	sp|Q43054|TCMO_POPKI	90.693	505	47	0	24628535	24629039	1	505	0.0	924
XP_019175963.1	sp|Q96423|TCMO_GLYEC	90.249	482	47	0	24628558	24629039	24	505	0.0	924
XP_019175963.1	tr|L7T707|L7T707_SINHE	86.337	505	68	1	24628535	24629039	1	504	0.0	924
XP_019175963.1	tr|A0A6G1BR38|A0A6G1BR38_9ORYZ	73.549	586	153	1	14871825	14872410	164	747	0.0	924
XP_019175963.1	tr|L7T707|L7T707_SINHE	86.337	505	68	1	24628535	24629039	1	504	0.0	924
XP_019175963.1	tr|A0A5J9TSF7|A0A5J9TSF7_9POAL	73.534	597	152	2	14871818	14872410	76	670	0.0	923
XP_019175963.1	tr|I1IY95|I1IY95_BRADI	70.673	624	178	2	14871790	14872410	46	667	0.0	923
XP_019175963.1	tr|A0A2I0ASX4|A0A2I0ASX4_9ASPA	85.545	505	73	0	24628535	24629039	1	505	0.0	923
XP_019175963.1	tr|A0A2I0ASX4|A0A2I0ASX4_9ASPA	85.545	505	73	0	24628535	24629039	1	505	0.0	923
XP_019175963.1	tr|A0A1D1XUR8|A0A1D1XUR8_9ARAE	67.899	676	208	6	14871739	14872409	1	672	0.0	922
XP_019175963.1	tr|A0A5B6YZ60|A0A5B6YZ60_DAVIN	87.380	523	63	1	541789	542308	41	563	0.0	921
XP_019175963.1	tr|B2LSE0|B2LSE0_TRIPR	87.776	499	59	2	24628542	24629039	1	498	0.0	920
XP_019175963.1	tr|B2LSE0|B2LSE0_TRIPR	87.776	499	59	2	24628542	24629039	1	498	0.0	920
XP_019175963.1	tr|A0A165ZAQ0|A0A165ZAQ0_DAUCS	86.998	523	66	2	541788	542309	1	522	0.0	920
XP_019175963.1	tr|A0A5B6Z403|A0A5B6Z403_DAVIN	90.041	492	49	0	24628548	24629039	14	505	0.0	920
XP_019175963.1	tr|A0A2P5G139|A0A2P5G139_TREOI	84.411	526	75	3	541787	542308	1	523	0.0	920
XP_019175963.1	tr|A0A368RUS1|A0A368RUS1_SETIT	72.833	600	158	2	14871815	14872410	153	751	0.0	919
XP_019175963.1	tr|A0A2P5CWY5|A0A2P5CWY5_PARAD	84.704	523	73	3	541787	542305	1	520	0.0	919
XP_019175963.1	tr|G7JC21|G7JC21_MEDTR	64.611	681	234	5	25462780	25463458	27	702	0.0	919
XP_019175963.1	tr|G7JC21|G7JC21_MEDTR	64.611	681	234	5	25462780	25463458	27	702	0.0	919
XP_019175963.1	tr|A0A2T7CVL3|A0A2T7CVL3_9POAL	73.345	589	152	2	14871825	14872410	81	667	0.0	919
XP_019175963.1	sp|O24312|TCMO_POPTM	90.693	505	47	0	24628535	24629039	1	505	0.0	919
XP_019175963.1	tr|A0A2I0AUT3|A0A2I0AUT3_9ASPA	41.892	1258	615	21	5686753	5687910	130	1371	0.0	919
XP_019175963.1	tr|A0A061FG20|A0A061FG20_THECC	84.512	523	75	3	541788	542306	1	521	0.0	919
XP_019175963.1	tr|O82526|O82526_CAPCH	91.471	469	40	0	24628571	24629039	1	469	0.0	918
XP_019175963.1	tr|O82526|O82526_CAPCH	91.471	469	40	0	24628571	24629039	1	469	0.0	918
XP_019175963.1	tr|F2EL63|F2EL63_HORVV	73.549	586	153	1	14871825	14872410	76	659	0.0	918
XP_019175963.1	tr|A0A6J1K5U9|A0A6J1K5U9_CUCMA	84.601	526	71	3	541788	542306	1	523	0.0	918
XP_019175963.1	tr|K3Y5S5|K3Y5S5_SETIT	72.833	600	158	2	14871815	14872410	63	661	0.0	918
XP_019175963.1	tr|A0A2G9GR83|A0A2G9GR83_9LAMI	81.238	533	100	0	21103593	21104125	1	533	0.0	918
XP_019175963.1	tr|B9SD83|B9SD83_RICCO	90.650	492	46	0	24628548	24629039	14	505	0.0	918
XP_019175963.1	tr|A0A2G9GR83|A0A2G9GR83_9LAMI	81.238	533	100	0	21103593	21104125	1	533	0.0	918
XP_019175963.1	tr|A0A3B6C7T4|A0A3B6C7T4_WHEAT	69.462	632	191	1	14871779	14872410	27	656	0.0	918
XP_019175963.1	tr|A0A4U6U3G9|A0A4U6U3G9_SETVI	73.401	594	153	2	14871821	14872410	69	661	0.0	918
XP_019175963.1	tr|A0A076VA95|A0A076VA95_9APIA	86.476	525	66	1	541788	542307	1	525	0.0	918
XP_019175963.1	tr|B9SD83|B9SD83_RICCO	90.650	492	46	0	24628548	24629039	14	505	0.0	918
XP_019175963.1	tr|F2DF33|F2DF33_HORVV	69.453	622	188	1	14871789	14872410	76	695	0.0	917
XP_019175963.1	sp|Q84KG5|CCD_CROSA	78.453	543	116	1	26153144	26153686	1	542	0.0	917
XP_019175963.1	tr|A0A6P6B503|A0A6P6B503_DURZI	84.483	522	75	3	541788	542305	86	605	0.0	917
XP_019175963.1	tr|J3LYC5|J3LYC5_ORYBR	73.220	590	156	1	14871821	14872410	8	595	0.0	917
XP_019175963.1	tr|A0A6J1AFF0|A0A6J1AFF0_9ROSI	84.512	523	75	2	541788	542306	1	521	0.0	917
XP_019175963.1	tr|A0A1D8KVV5|A0A1D8KVV5_MORAL	84.221	526	70	3	541788	542305	1	521	0.0	917
XP_019175963.1	tr|A0A0E0KR78|A0A0E0KR78_ORYPU	72.259	602	162	2	26897944	26898545	68	664	0.0	916
XP_019175963.1	tr|A0A2S3I738|A0A2S3I738_9POAL	73.220	590	152	2	14871825	14872410	81	668	0.0	915
XP_019175963.1	tr|A0A484NCU5|A0A484NCU5_9ASTE	88.484	521	60	0	541788	542308	1	521	0.0	915
XP_019175963.1	tr|A0A6A1UTZ3|A0A6A1UTZ3_9ROSI	84.924	524	71	3	541788	542306	1	521	0.0	915
XP_019175963.1	tr|A0A6P5GST6|A0A6P5GST6_ANACO	75.263	570	139	2	26897970	26898539	102	669	0.0	915
XP_019175963.1	tr|A0A6I9S9F0|A0A6I9S9F0_ELAGV	68.507	670	196	5	14871742	14872410	2	657	0.0	915
XP_019175963.1	tr|A0A6M3R3F2|A0A6M3R3F2_9APIA	87.525	505	63	0	24628535	24629039	1	505	0.0	915
XP_019175963.1	tr|A0A6P5X2M7|A0A6P5X2M7_DURZI	84.512	523	75	2	541788	542306	1	521	0.0	914
XP_019175963.1	tr|A0A3B6B1B0|A0A3B6B1B0_WHEAT	73.208	586	155	1	14871825	14872410	73	656	0.0	914
XP_019175963.1	tr|A0A0N7CLN3|A0A0N7CLN3_9ASPA	79.545	528	108	0	26153159	26153686	15	542	0.0	914
XP_019175963.1	tr|A0A0M4KEN4|A0A0M4KEN4_MORAL	84.030	526	71	3	541788	542305	1	521	0.0	914
XP_019175963.1	tr|A0A6P3ZXA9|A0A6P3ZXA9_ZIZJJ	84.733	524	73	3	541788	542307	1	521	0.0	914
XP_019175963.1	tr|Q17UC0|Q17UC0_CUCSA	88.618	492	56	0	24628548	24629039	14	505	0.0	913
XP_019175963.1	tr|A0A345Z0U8|A0A345Z0U8_CUCPE	84.601	526	71	3	541788	542306	1	523	0.0	913
XP_019175963.1	tr|A0A6J1BQD7|A0A6J1BQD7_MOMCH	85.333	525	68	3	541788	542307	1	521	0.0	913
XP_019175963.1	tr|Q17UC0|Q17UC0_CUCSA	88.618	492	56	0	24628548	24629039	14	505	0.0	913
XP_019175963.1	tr|A0A6J1HEG7|A0A6J1HEG7_CUCMO	84.411	526	72	3	541788	542306	1	523	0.0	912
XP_019175963.1	sp|O23365|C97B3_ARATH	80.979	531	96	3	6996452	6996980	51	578	0.0	912
XP_019175963.1	tr|A0A453C2Z2|A0A453C2Z2_AEGTS	73.208	586	154	2	14871825	14872410	75	657	0.0	912
XP_019175963.1	tr|A0A3B6DI32|A0A3B6DI32_WHEAT	73.208	586	154	2	14871825	14872410	75	657	0.0	912
XP_019175963.1	tr|I1PLQ0|I1PLQ0_ORYGL	72.819	596	157	2	14871815	14872410	69	659	0.0	912
XP_019175963.1	sp|Q94IR2|CCD1_PHAVU	78.782	542	111	2	26153148	26153689	6	543	0.0	912
XP_019175963.1	sp|P92994|TCMO_ARATH	86.706	504	67	0	24628535	24629038	1	504	0.0	912
XP_019175963.1	tr|A0A0E0H1H7|A0A0E0H1H7_ORYNI	72.819	596	157	2	14871815	14872410	69	659	0.0	911
XP_019175963.1	tr|A0A0E0DEX2|A0A0E0DEX2_9ORYZ	72.987	596	156	2	14871815	14872410	71	661	0.0	911
XP_019175963.1	tr|A0A0E0P9U4|A0A0E0P9U4_ORYRU	72.819	596	157	2	14871815	14872410	69	659	0.0	911
XP_019175963.1	tr|A0A5B6Z4J9|A0A5B6Z4J9_DAVIN	89.431	492	52	0	24628548	24629039	14	505	0.0	911
XP_019175963.1	tr|A0A346TLE5|A0A346TLE5_NARPA	87.525	505	63	0	24628535	24629039	1	505	0.0	911
XP_019175963.1	sp|P37114|TCMO_MEDSA	87.221	493	62	1	24628548	24629039	14	506	0.0	911
XP_019175963.1	tr|A0A5B6VYY7|A0A5B6VYY7_9ROSI	67.933	658	171	5	14871752	14872409	436	1053	0.0	910
XP_019175963.1	tr|A0A5B6YX50|A0A5B6YX50_DAVIN	86.174	528	65	1	541789	542308	42	569	0.0	910
XP_019175963.1	tr|B6U0L0|B6U0L0_MAIZE	70.382	628	179	3	14871788	14872410	44	669	0.0	910
XP_019175963.1	tr|A0A346TLE6|A0A346TLE6_NARPA	87.723	505	62	0	24628535	24629039	1	505	0.0	910
XP_019175963.1	tr|A0A0A0L0L0|A0A0A0L0L0_CUCSA	84.100	522	77	2	541788	542306	1	519	0.0	909
XP_019175963.1	sp|Q0JCU7|ZEP_ORYSJ	72.651	596	158	2	14871815	14872410	69	659	0.0	909
XP_019175963.1	tr|A0A2P6Q128|A0A2P6Q128_ROSCH	84.151	530	70	3	541787	542308	1	524	0.0	909
XP_019175963.1	tr|C5Y9B8|C5Y9B8_SORBI	74.517	569	145	0	14871821	14872389	78	646	0.0	909
XP_019175963.1	tr|A0A2C9VZP7|A0A2C9VZP7_MANES	82.772	534	76	4	541788	542309	3	532	0.0	909
XP_019175963.1	tr|A0A444WT95|A0A444WT95_ARAHY	70.846	662	173	7	14871739	14872389	1	653	0.0	909
XP_019175963.1	tr|A0A314KL55|A0A314KL55_NICAT	86.338	527	63	2	541788	542306	1	526	0.0	908
XP_019175963.1	tr|A0A2R6Q0K8|A0A2R6Q0K8_ACTCC	85.851	523	72	1	541788	542308	1	523	0.0	908
XP_019175963.1	sp|Q8LP17|CCD1_PEA	78.148	540	117	1	26153151	26153689	2	541	0.0	908
XP_019175963.1	tr|D0UGE7|D0UGE7_9FABA	86.957	506	63	2	24628535	24629038	1	505	0.0	908
XP_019175963.1	tr|A0A6P5RQ56|A0A6P5RQ56_PRUAV	85.958	527	65	2	541788	542308	1	524	0.0	908
XP_019175963.1	tr|D0UGE7|D0UGE7_9FABA	86.957	506	63	2	24628535	24629038	1	505	0.0	908
XP_019175963.1	tr|A0A1S2X8P2|A0A1S2X8P2_CICAR	88.008	492	58	1	24628548	24629039	14	504	0.0	907
XP_019175963.1	tr|A0A5D2UDP2|A0A5D2UDP2_GOSMU	84.221	526	76	4	541788	542308	4	527	0.0	907
XP_019175963.1	tr|U3PWV8|U3PWV8_JATCU	81.767	532	85	2	541788	542309	1	530	0.0	907
XP_019175963.1	tr|A0A1S2X8P2|A0A1S2X8P2_CICAR	88.008	492	58	1	24628548	24629039	14	504	0.0	907
XP_019175963.1	sp|O81928|TCMO_CICAR	88.008	492	58	1	24628548	24629039	14	504	0.0	907
XP_019175963.1	tr|A0A0D9W5L8|A0A0D9W5L8_9ORYZ	73.005	589	157	1	14871822	14872410	66	652	0.0	907
XP_019175963.1	tr|A0A6P6AUM6|A0A6P6AUM6_DURZI	82.792	523	84	2	541788	542306	1	521	0.0	907
XP_019175963.1	sp|O65572|CCD1_ARATH	79.661	531	105	1	26153159	26153689	11	538	0.0	907
XP_019175963.1	tr|A0A1Q3AQQ6|A0A1Q3AQQ6_CEPFO	82.642	530	80	3	541788	542307	1	528	0.0	906
XP_019175963.1	tr|A0A446MEI3|A0A446MEI3_TRITD	66.161	659	198	4	14871775	14872410	24	680	0.0	906
XP_019175963.1	tr|A0A5J5ABX7|A0A5J5ABX7_9ASTE	85.115	524	75	1	541788	542308	1	524	0.0	906
XP_019175963.1	tr|A0A445GAQ8|A0A445GAQ8_GLYSO	84.601	526	75	3	541788	542308	1	525	0.0	906
XP_019175963.1	tr|A0A1S4DZE1|A0A1S4DZE1_CUCME	83.908	522	78	2	541788	542306	1	519	0.0	905
XP_019175963.1	tr|A0A1S4DEG5|A0A1S4DEG5_TOBAC	86.286	525	65	2	541788	542306	1	524	0.0	905
XP_019175963.1	tr|A0A0D2U4W2|A0A0D2U4W2_GOSRA	84.190	525	77	4	541788	542308	4	526	0.0	905
XP_019175963.1	tr|A0A3G1AHX5|A0A3G1AHX5_9APIA	86.733	505	67	0	24628535	24629039	1	505	0.0	905
XP_019175963.1	tr|A0A5D3D983|A0A5D3D983_CUCME	83.908	522	78	2	541788	542306	1	519	0.0	905
XP_019175963.1	tr|I1J3Z3|I1J3Z3_SOYBN	84.601	526	75	3	541788	542308	1	525	0.0	905
XP_019175963.1	tr|A0A1U7V2X2|A0A1U7V2X2_NICSY	86.286	525	65	2	541788	542306	1	524	0.0	905
XP_019175963.1	tr|A0A5D2Q1M5|A0A5D2Q1M5_GOSTO	83.460	526	80	3	541788	542308	4	527	0.0	905
XP_019175963.1	tr|A0A0E0KR76|A0A0E0KR76_ORYPU	71.812	596	163	2	26897950	26898545	67	657	0.0	905
XP_019175963.1	tr|A0A6J1IWD9|A0A6J1IWD9_CUCMA	83.908	522	78	2	541788	542306	1	519	0.0	905
XP_019175963.1	tr|A0A444ZA73|A0A444ZA73_ARAHY	69.750	681	193	8	14871739	14872412	1	675	0.0	905
XP_019175963.1	tr|A0A3B6B0D0|A0A3B6B0D0_WHEAT	71.332	593	168	1	14871818	14872410	62	652	0.0	905
XP_019175963.1	tr|A0A151RMU1|A0A151RMU1_CAJCA	66.820	651	213	3	14871739	14872389	1	648	0.0	905
XP_019175963.1	tr|A0A446L5K7|A0A446L5K7_TRITD	71.332	593	168	1	14871818	14872410	62	652	0.0	905
XP_019175963.1	tr|D3YM76|D3YM76_9SOLA	85.417	528	67	2	541788	542306	1	527	0.0	904
XP_019175963.1	tr|A0A484KM26|A0A484KM26_9ASTE	85.375	506	72	2	14871884	14872389	1	504	0.0	904
XP_019175963.1	sp|Q93VK5|LUT5_ARATH	78.777	556	115	2	13057864	13058418	35	588	0.0	904
XP_019175963.1	tr|A0A3B6C7Z5|A0A3B6C7Z5_WHEAT	71.843	586	163	1	14871825	14872410	73	656	0.0	904
XP_019175963.1	tr|M7Z9T5|M7Z9T5_TRIUA	71.332	593	168	1	14871818	14872410	86	676	0.0	904
XP_019175963.1	tr|A0A446MEV8|A0A446MEV8_TRITD	71.843	586	163	1	14871825	14872410	73	656	0.0	904
XP_019175963.1	tr|A0A446L5M4|A0A446L5M4_TRITD	71.332	593	168	1	14871818	14872410	86	676	0.0	904
XP_019175963.1	tr|M5XPS8|M5XPS8_PRUPE	85.769	527	66	2	541788	542308	1	524	0.0	904
XP_019175963.1	tr|A0A6J1CDH7|A0A6J1CDH7_MOMCH	83.525	522	80	2	541788	542306	1	519	0.0	904
XP_019175963.1	tr|A0A1U8MJD1|A0A1U8MJD1_GOSHI	84.030	526	77	4	541788	542308	4	527	0.0	904
XP_019175963.1	tr|Q506K3|Q506K3_DATIN	86.312	526	64	2	541788	542306	1	525	0.0	904
XP_019175963.1	tr|A0A5J5V8L0|A0A5J5V8L0_GOSBA	83.270	526	81	3	541788	542308	4	527	0.0	904
XP_019175963.1	tr|A0A5E4EDP0|A0A5E4EDP0_PRUDU	85.958	527	65	3	541788	542308	1	524	0.0	904
XP_019175963.1	tr|A0A6J5TQD8|A0A6J5TQD8_PRUAR	86.148	527	64	3	541788	542308	1	524	0.0	904
XP_019175963.1	sp|Q9STM3|REF6_ARATH	48.739	1071	454	21	7013887	7014912	9	1029	0.0	904
XP_019175963.1	tr|B2LSE1|B2LSE1_TRIPR	88.613	483	54	1	24628558	24629039	24	506	0.0	903
XP_019175963.1	tr|W8E7E3|W8E7E3_HORVU	83.168	505	85	0	24628535	24629039	1	505	0.0	903
XP_019175963.1	tr|B2LSE1|B2LSE1_TRIPR	88.613	483	54	1	24628558	24629039	24	506	0.0	903
XP_019175963.1	tr|W8E7E3|W8E7E3_HORVU	83.168	505	85	0	24628535	24629039	1	505	0.0	903
XP_019175963.1	tr|B2LSD9|B2LSD9_TRIPR	88.406	483	55	1	24628558	24629039	24	506	0.0	903
XP_019175963.1	tr|B2LSD9|B2LSD9_TRIPR	88.406	483	55	1	24628558	24629039	24	506	0.0	903
XP_019175963.1	tr|A0A5D2C416|A0A5D2C416_GOSDA	83.840	526	78	4	541788	542308	4	527	0.0	903
XP_019175963.1	tr|A0A5J5QX72|A0A5J5QX72_GOSBA	83.840	526	78	4	541788	542308	4	527	0.0	903
XP_019175963.1	tr|A0A0D9ZLF8|A0A0D9ZLF8_9ORYZ	72.991	585	153	2	14871826	14872410	73	652	0.0	902
XP_019175963.1	tr|A0A0E0P9U3|A0A0E0P9U3_ORYRU	72.991	585	153	2	14871826	14872410	73	652	0.0	902
XP_019175963.1	tr|A0A0B2R626|A0A0B2R626_GLYSO	50.144	1041	413	25	22719119	22720074	23	1042	0.0	902
XP_019175963.1	tr|A0A0E0H1H8|A0A0E0H1H8_ORYNI	72.991	585	153	2	14871826	14872410	73	652	0.0	902
XP_019175963.1	tr|A0A2P5XYP7|A0A2P5XYP7_GOSBA	83.270	526	81	3	541788	542308	1	524	0.0	902
XP_019175963.1	tr|A0A0D3FWF8|A0A0D3FWF8_9ORYZ	72.991	585	153	2	14871826	14872410	73	652	0.0	902
XP_019175963.1	tr|A0A2Z4I2V7|A0A2Z4I2V7_LYCRD	85.941	505	71	0	24628535	24629039	1	505	0.0	902
