XP_019175963.1	tr|A0A4S8JJC1|A0A4S8JJC1_MUSBA	77.112	1551	329	5	3573722	3575271	386	1911	0.0	2455
XP_019175963.1	tr|J3LST2|J3LST2_ORYBR	74.713	1566	382	4	3575324	3576888	321	1873	0.0	2407
XP_019175963.1	tr|B9FBT5|B9FBT5_ORYSJ	71.995	1564	359	8	3573723	3575285	321	1806	0.0	2306
XP_019175963.1	tr|B8AJV7|B8AJV7_ORYSI	72.775	1528	337	8	3573723	3575249	321	1770	0.0	2281
XP_019175963.1	tr|A0A6S7NQV3|A0A6S7NQV3_LACSI	59.155	1633	596	19	2146575	2148203	5	1570	0.0	1934
XP_019175963.1	tr|A0A2J6LA75|A0A2J6LA75_LACSA	57.808	1633	587	22	2146575	2148203	5	1539	0.0	1868
XP_019175963.1	tr|A0A328DD77|A0A328DD77_9ASTE	73.962	1060	210	8	15222355	15223404	1	1004	0.0	1580
XP_019175963.1	tr|A0A498IT98|A0A498IT98_MALDO	72.274	1082	278	13	21505033	21506095	322	1400	0.0	1546
XP_019175963.1	tr|A0A5N5FKW1|A0A5N5FKW1_9ROSA	73.466	1059	264	12	21505033	21506077	340	1395	0.0	1544
XP_019175963.1	tr|A0A2H5PP72|A0A2H5PP72_CITUN	59.708	1370	454	11	2702041	2703400	19	1300	0.0	1444
XP_019175963.1	tr|A0A0E0CZI0|A0A0E0CZI0_9ORYZ	77.352	861	174	4	7293167	7294027	82	921	0.0	1427
XP_019175963.1	tr|A0A0E0CZH9|A0A0E0CZH9_9ORYZ	77.934	852	167	4	7292132	7292983	118	948	0.0	1426
XP_019175963.1	tr|A0A2H5PP76|A0A2H5PP76_CITUN	58.759	1370	416	12	2702041	2703400	19	1249	0.0	1406
XP_019175963.1	tr|A0A2I0VWX4|A0A2I0VWX4_9ASPA	76.283	877	162	5	11398185	11399050	508	1349	0.0	1400
XP_019175963.1	tr|A0A1S4CHW1|A0A1S4CHW1_TOBAC	65.757	1063	337	10	15222355	15223403	1	1050	0.0	1392
XP_019175963.1	tr|A0A1S4BRT6|A0A1S4BRT6_TOBAC	67.074	1063	320	11	15222355	15223403	1	1047	0.0	1389
XP_019175963.1	tr|A0A1U7Y4A9|A0A1U7Y4A9_NICSY	66.980	1063	321	11	15222355	15223403	1	1047	0.0	1386
XP_019175963.1	tr|A0A5B7BZQ8|A0A5B7BZQ8_DAVIN	64.662	1064	359	7	15222355	15223403	6	1067	0.0	1354
XP_019175963.1	tr|A0A6N2AY95|A0A6N2AY95_SOLCI	64.944	1064	328	12	15222355	15223403	1	1034	0.0	1349
XP_019175963.1	tr|A0A1J6K905|A0A1J6K905_NICAT	65.698	1067	332	11	15222355	15223403	1	1051	0.0	1348
XP_019175963.1	tr|A0A3Q7GLB0|A0A3Q7GLB0_SOLLC	64.756	1064	330	12	15222355	15223403	1	1034	0.0	1344
XP_019175963.1	tr|A0A5N6QB61|A0A5N6QB61_9ROSI	62.488	1061	360	11	15222355	15223403	1	1035	0.0	1339
XP_019175963.1	tr|A0A5J5T780|A0A5J5T780_GOSBA	82.068	764	130	2	13687602	13688359	305	1067	0.0	1335
XP_019175963.1	tr|A0A2R6RBA1|A0A2R6RBA1_ACTCC	62.160	1065	371	12	15222355	15223403	1	1049	0.0	1332
XP_019175963.1	tr|A0A6I9U982|A0A6I9U982_SESIN	62.407	1072	364	14	15222355	15223406	1	1053	0.0	1322
XP_019175963.1	tr|A0A061GNN3|A0A061GNN3_THECC	62.229	1059	368	13	15222355	15223403	1	1037	0.0	1318
XP_019175963.1	tr|A0A6P6UGW9|A0A6P6UGW9_COFAR	62.419	1075	355	12	15222355	15223403	1	1052	0.0	1308
XP_019175963.1	tr|A0A6P6UI25|A0A6P6UI25_COFAR	62.383	1066	359	11	15222355	15223403	1	1041	0.0	1307
XP_019175963.1	tr|A0A068U873|A0A068U873_COFCA	62.117	1077	355	12	15222355	15223403	1	1052	0.0	1306
XP_019175963.1	tr|A0A1U8GRF6|A0A1U8GRF6_CAPAN	63.378	1054	348	15	15222355	15223403	1	1021	0.0	1304
XP_019175963.1	tr|F6H7M2|F6H7M2_VITVI	62.167	1052	381	6	15222355	15223403	1	1038	0.0	1304
XP_019175963.1	tr|A0A2G2ZKN8|A0A2G2ZKN8_CAPAN	63.378	1054	348	15	15222355	15223403	1	1021	0.0	1304
XP_019175963.1	tr|A0A6J1B6U5|A0A6J1B6U5_9ROSI	61.278	1064	370	13	15222355	15223403	1	1037	0.0	1299
XP_019175963.1	tr|A0A6P6UBB9|A0A6P6UBB9_COFAR	61.751	1085	346	13	15222355	15223403	1	1052	0.0	1299
XP_019175963.1	tr|A0A067JDE0|A0A067JDE0_JATCU	60.338	1064	356	14	15222355	15223403	1	1013	0.0	1292
XP_019175963.1	tr|A0A175YL05|A0A175YL05_DAUCS	60.056	1069	381	13	15222355	15223406	1	1040	0.0	1276
XP_019175963.1	tr|A0A067GF57|A0A067GF57_CITSI	59.322	1062	372	11	15222355	15223403	39	1053	0.0	1275
XP_019175963.1	tr|A0A5C7GS75|A0A5C7GS75_9ROSI	58.909	1100	362	17	15222355	15223403	1	1061	0.0	1274
XP_019175963.1	tr|A0A6V7PIK7|A0A6V7PIK7_ANACO	72.059	816	228	0	1792130	1792945	1	816	0.0	1274
XP_019175963.1	tr|A0A2I4EDW1|A0A2I4EDW1_JUGRE	61.284	1059	381	10	15222355	15223403	1	1040	0.0	1273
XP_019175963.1	tr|A0A1R3I2K7|A0A1R3I2K7_COCAP	60.569	1055	377	13	15222355	15223403	1	1022	0.0	1273
XP_019175963.1	tr|A0A4V6A3U1|A0A4V6A3U1_POPAL	57.914	1074	389	9	15222355	15223404	1	1035	0.0	1272
XP_019175963.1	tr|A0A1U8BMU0|A0A1U8BMU0_NELNU	59.612	1082	386	13	15222355	15223403	1	1064	0.0	1272
XP_019175963.1	tr|A0A1R3H3C9|A0A1R3H3C9_9ROSI	60.415	1061	387	15	15222355	15223403	1	1040	0.0	1271
XP_019175963.1	tr|A0A5J4ZAW2|A0A5J4ZAW2_9ASTE	85.735	701	98	2	26004108	26004807	341	1040	0.0	1269
XP_019175963.1	tr|A0A2K2ANG5|A0A2K2ANG5_POPTR	58.450	1071	382	11	15222355	15223404	1	1029	0.0	1266
XP_019175963.1	tr|A0A6V7PIM1|A0A6V7PIM1_ANACO	71.691	816	231	0	1792130	1792945	1	816	0.0	1264
XP_019175963.1	tr|A0A2H5N4M6|A0A2H5N4M6_CITUN	57.661	1103	371	14	15222355	15223403	1	1061	0.0	1263
XP_019175963.1	tr|A0A6P5X626|A0A6P5X626_DURZI	61.242	1063	369	13	15222355	15223403	1	1034	0.0	1262
XP_019175963.1	tr|A0A2N9H668|A0A2N9H668_FAGSY	60.799	1051	359	8	15222355	15223399	1	1004	0.0	1259
XP_019175963.1	tr|A0A2G9GTN2|A0A2G9GTN2_9LAMI	60.261	1072	379	12	15222355	15223403	1	1048	0.0	1258
XP_019175963.1	tr|A0A0D2TRQ1|A0A0D2TRQ1_GOSRA	60.189	1060	389	13	15222355	15223403	1	1038	0.0	1258
XP_019175963.1	tr|A0A0B0MYD7|A0A0B0MYD7_GOSAR	60.395	1063	382	15	15222355	15223403	1	1038	0.0	1254
XP_019175963.1	tr|A0A5D2QGZ8|A0A5D2QGZ8_GOSTO	60.395	1063	382	15	15222355	15223403	1	1038	0.0	1253
XP_019175963.1	tr|A0A5B6U6Y0|A0A5B6U6Y0_9ROSI	60.207	1063	384	14	15222355	15223403	1	1038	0.0	1253
XP_019175963.1	tr|A0A022QMS6|A0A022QMS6_ERYGU	60.320	1061	361	13	15222355	15223408	1	1008	0.0	1253
XP_019175963.1	tr|A0A1Q3CY96|A0A1Q3CY96_CEPFO	59.544	1053	395	10	15222355	15223403	1	1026	0.0	1253
XP_019175963.1	tr|A0A087HJQ1|A0A087HJQ1_ARAAL	78.905	749	151	2	23153610	23154355	52	796	0.0	1251
XP_019175963.1	tr|A0A5D2GGR7|A0A5D2GGR7_GOSDA	60.301	1063	383	15	15222355	15223403	1	1038	0.0	1251
XP_019175963.1	tr|A0A5J5VQH6|A0A5J5VQH6_GOSBA	60.301	1063	383	15	15222355	15223403	1	1038	0.0	1250
XP_019175963.1	tr|A0A200Q7Z6|A0A200Q7Z6_9MAGN	59.193	1066	400	12	15222355	15223403	1	1048	0.0	1249
XP_019175963.1	tr|A0A1S2YNX4|A0A1S2YNX4_CICAR	58.318	1070	397	12	15222355	15223403	1	1042	0.0	1249
XP_019175963.1	tr|A0A2P5X880|A0A2P5X880_GOSBA	60.207	1063	384	15	15222355	15223403	1	1038	0.0	1249
XP_019175963.1	tr|A0A5A7QJ83|A0A5A7QJ83_STRAF	59.700	1067	389	15	15222355	15223403	1	1044	0.0	1248
XP_019175963.1	tr|A0A1U8PE95|A0A1U8PE95_GOSHI	60.113	1063	385	15	15222355	15223403	1	1038	0.0	1246
XP_019175963.1	tr|A0A4D9ATL0|A0A4D9ATL0_SALSN	59.925	1063	381	13	15222355	15223403	5	1036	0.0	1246
XP_019175963.1	tr|A0A2G3CIV4|A0A2G3CIV4_CAPCH	62.793	1024	343	15	15222355	15223373	1	991	0.0	1243
XP_019175963.1	tr|A0A2P5EEP9|A0A2P5EEP9_TREOI	60.112	1068	394	12	15222355	15223403	1	1055	0.0	1243
XP_019175963.1	tr|A0A5N5N1T6|A0A5N5N1T6_9ROSI	56.359	1093	394	10	15222355	15223404	1	1053	0.0	1242
XP_019175963.1	tr|A0A6J1EJK3|A0A6J1EJK3_CUCMO	58.263	1059	418	10	15222355	15223403	1	1045	0.0	1242
XP_019175963.1	tr|A0A0K9QR50|A0A0K9QR50_SPIOL	58.685	1065	397	9	15222355	15223402	1	1039	0.0	1241
XP_019175963.1	tr|A0A5N5FDA7|A0A5N5FDA7_9ROSA	60.056	1064	368	13	15222355	15223403	1	1022	0.0	1238
XP_019175963.1	tr|G7JJ74|G7JJ74_MEDTR	58.083	1064	409	13	15222355	15223403	1	1042	0.0	1238
XP_019175963.1	tr|A0A5N5FCZ4|A0A5N5FCZ4_9ROSA	59.963	1069	368	13	15222355	15223408	1	1024	0.0	1236
XP_019175963.1	tr|A0A5D2UXU6|A0A5D2UXU6_GOSMU	60.207	1063	384	15	15222355	15223403	1	1038	0.0	1235
XP_019175963.1	tr|A0A498JSJ0|A0A498JSJ0_MALDO	76.355	812	190	2	19048330	19049141	414	1223	0.0	1234
XP_019175963.1	tr|M5X2J6|M5X2J6_PRUPE	60.356	1067	382	12	15222355	15223410	1	1037	0.0	1233
XP_019175963.1	tr|A0A5D2CL42|A0A5D2CL42_GOSDA	60.113	1063	385	15	15222355	15223403	1	1038	0.0	1232
XP_019175963.1	tr|A0A2K3P0G2|A0A2K3P0G2_TRIPR	58.286	1062	405	14	15222355	15223400	1	1040	0.0	1232
XP_019175963.1	tr|A0A5J5RJE9|A0A5J5RJE9_GOSBA	60.113	1063	385	15	15222355	15223403	1	1038	0.0	1231
XP_019175963.1	tr|A0A6J1KKZ3|A0A6J1KKZ3_CUCMA	58.263	1059	418	10	15222355	15223403	1	1045	0.0	1231
XP_019175963.1	tr|A0A151STU5|A0A151STU5_CAJCA	57.248	1083	416	11	15222355	15223403	1	1070	0.0	1231
XP_019175963.1	tr|A0A218XF84|A0A218XF84_PUNGR	58.083	1064	386	12	15222355	15223405	1	1017	0.0	1231
XP_019175963.1	tr|A0A6P6FLP8|A0A6P6FLP8_ZIZJJ	59.163	1075	403	11	15222355	15223402	1	1066	0.0	1231
XP_019175963.1	tr|A0A5D2KWV5|A0A5D2KWV5_GOSTO	60.113	1063	385	15	15222355	15223403	1	1038	0.0	1230
XP_019175963.1	tr|I1KNC8|I1KNC8_SOYBN	59.168	1058	403	13	15222355	15223403	34	1071	0.0	1230
XP_019175963.1	tr|A0A445K1V7|A0A445K1V7_GLYSO	59.168	1058	403	13	15222355	15223403	34	1071	0.0	1230
XP_019175963.1	tr|B9RXL2|B9RXL2_RICCO	58.829	1042	384	9	15222355	15223388	1	1005	0.0	1229
XP_019175963.1	tr|A0A498IRF1|A0A498IRF1_MALDO	59.592	1079	384	14	15222355	15223422	1	1038	0.0	1229
XP_019175963.1	tr|A0A6J5X1P9|A0A6J5X1P9_PRUAR	60.472	1060	378	12	15222355	15223403	1	1030	0.0	1229
XP_019175963.1	tr|A0A4Y7K074|A0A4Y7K074_PAPSO	57.815	1062	412	11	15222355	15223402	1	1040	0.0	1229
XP_019175963.1	tr|A0A1S4DTB1|A0A1S4DTB1_CUCME	57.925	1060	407	13	15222355	15223403	1	1032	0.0	1228
XP_019175963.1	tr|A0A6J5UHG6|A0A6J5UHG6_PRUAR	60.377	1060	379	12	15222355	15223403	1	1030	0.0	1228
XP_019175963.1	tr|W9QG17|W9QG17_9ROSA	60.511	1056	375	11	15222355	15223402	1	1022	0.0	1227
XP_019175963.1	tr|A0A0A0KHU3|A0A0A0KHU3_CUCSA	57.895	1064	401	12	15222355	15223403	69	1100	0.0	1227
XP_019175963.1	tr|A0A5E4F749|A0A5E4F749_PRUDU	60.075	1067	385	12	15222355	15223410	1	1037	0.0	1224
XP_019175963.1	tr|A0A1U8JHT2|A0A1U8JHT2_GOSHI	59.888	1067	385	16	15222355	15223403	1	1042	0.0	1223
XP_019175963.1	tr|A0A6P8DLZ0|A0A6P8DLZ0_PUNGR	58.216	1065	383	13	15222355	15223405	1	1017	0.0	1223
XP_019175963.1	tr|A0A4Y7IEZ1|A0A4Y7IEZ1_PAPSO	57.840	1065	409	12	15222355	15223403	28	1068	0.0	1221
XP_019175963.1	tr|A0A314ZGB9|A0A314ZGB9_PRUYE	60.113	1063	377	14	15222355	15223403	1	1030	0.0	1221
XP_019175963.1	tr|A0A2P6Q2T6|A0A2P6Q2T6_ROSCH	58.184	1057	393	14	15222355	15223403	1	1016	0.0	1217
XP_019175963.1	tr|R0GSP1|R0GSP1_9BRAS	58.049	1056	374	11	15222355	15223403	1	994	0.0	1215
XP_019175963.1	tr|A0A6J1CKW3|A0A6J1CKW3_MOMCH	57.880	1066	414	12	15222355	15223403	1	1048	0.0	1214
XP_019175963.1	tr|A0A5D3CPE7|A0A5D3CPE7_CUCME	56.590	1085	407	14	15222355	15223403	1	1057	0.0	1214
XP_019175963.1	tr|A0A4D6KWJ7|A0A4D6KWJ7_VIGUN	58.177	1064	404	12	15222355	15223404	1	1037	0.0	1213
XP_019175963.1	tr|A0A2G5EQ57|A0A2G5EQ57_AQUCA	56.198	1073	423	10	15222355	15223403	1	1050	0.0	1212
XP_019175963.1	tr|A0A565C2E0|A0A565C2E0_9BRAS	56.874	1062	383	9	15222355	15223403	1	1000	0.0	1212
XP_019175963.1	tr|V7CAJ4|V7CAJ4_PHAVU	58.333	1056	414	9	15222355	15223403	15	1051	0.0	1211
XP_019175963.1	tr|A0A6A5NTK4|A0A6A5NTK4_LUPAL	57.642	1060	418	9	15222355	15223403	1	1040	0.0	1211
XP_019175963.1	tr|A0A2P5B544|A0A2P5B544_PARAD	59.305	1064	403	12	15222355	15223403	1	1049	0.0	1211
XP_019175963.1	tr|A0A6A4PKS6|A0A6A4PKS6_LUPAL	57.642	1060	418	9	15222355	15223403	15	1054	0.0	1210
XP_019175963.1	tr|A0A251PED9|A0A251PED9_PRUPE	59.193	1066	362	11	15222355	15223410	1	1003	0.0	1207
XP_019175963.1	tr|D7M1S7|D7M1S7_ARALL	58.009	1055	377	11	15222355	15223403	1	995	0.0	1204
XP_019175963.1	tr|A0A328DTX7|A0A328DTX7_9ASTE	81.191	739	128	6	21304425	21305154	1	737	0.0	1202
XP_019175963.1	tr|A0A178V1I7|A0A178V1I7_ARATH	56.792	1060	390	10	15222355	15223403	1	1003	0.0	1201
XP_019175963.1	tr|A0A1S3UW83|A0A1S3UW83_VIGRR	57.875	1054	423	9	15222355	15223403	1	1038	0.0	1200
XP_019175963.1	tr|A0A5S9XPY0|A0A5S9XPY0_ARATH	56.739	1061	381	10	15222355	15223403	1	995	0.0	1198
XP_019175963.1	sp|Q8W4K1|TYW23_ARATH	56.645	1061	382	10	15222355	15223403	1	995	0.0	1198
XP_019175963.1	tr|A0A178V2X8|A0A178V2X8_ARATH	56.645	1061	382	10	15222355	15223403	1	995	0.0	1197
XP_019175963.1	tr|V4UAC7|V4UAC7_CITCL	57.332	1057	363	15	15222355	15223403	29	1005	0.0	1197
XP_019175963.1	tr|A0A484N3H1|A0A484N3H1_9ASTE	81.310	733	124	6	21304432	21305154	1	730	0.0	1197
XP_019175963.1	tr|A0A0B2RMM0|A0A0B2RMM0_GLYSO	58.034	1058	401	14	15222355	15223403	1	1024	0.0	1191
XP_019175963.1	tr|A0A2Z7BRB9|A0A2Z7BRB9_9LAMI	59.454	1026	382	12	15222355	15223373	1	999	0.0	1190
XP_019175963.1	tr|A0A445AXJ8|A0A445AXJ8_ARAHY	58.696	1058	405	13	15222355	15223400	1	1038	0.0	1187
XP_019175963.1	tr|A0A6P4BJY0|A0A6P4BJY0_ARADU	58.818	1066	397	14	15222355	15223403	1	1041	0.0	1186
XP_019175963.1	tr|A0A1J7HY72|A0A1J7HY72_LUPAN	57.561	1058	416	9	15222355	15223400	1	1037	0.0	1181
XP_019175963.1	tr|A0A5D2Z7V8|A0A5D2Z7V8_GOSMU	59.883	1022	371	15	15222355	15223362	1	997	0.0	1181
XP_019175963.1	tr|A0A6N2L1B4|A0A6N2L1B4_SALVM	55.256	1075	387	12	15222355	15223404	1	1006	0.0	1179
XP_019175963.1	tr|A0A6P5MAK5|A0A6P5MAK5_ARADU	58.163	1078	397	15	15222355	15223403	1	1053	0.0	1178
XP_019175963.1	tr|A0A445ELF4|A0A445ELF4_ARAHY	58.608	1063	398	14	15222355	15223400	1	1038	0.0	1178
XP_019175963.1	tr|A0A6A6LTA2|A0A6A6LTA2_HEVBR	81.564	716	80	8	26004113	26004814	17	694	0.0	1177
XP_019175963.1	tr|A0A1U8BBG0|A0A1U8BBG0_NELNU	59.015	1015	365	13	15222355	15223336	1	997	0.0	1165
XP_019175963.1	tr|A0A6A6K2B8|A0A6A6K2B8_HEVBR	63.721	860	285	6	724211	725066	512	1348	0.0	1155
XP_019175963.1	tr|A0A059CAB1|A0A059CAB1_EUCGR	55.762	1076	421	13	15222355	15223403	1	1048	0.0	1149
XP_019175963.1	tr|M0TB91|M0TB91_MUSAM	53.867	1086	443	16	15222355	15223403	1	1065	0.0	1144
XP_019175963.1	tr|A0A0D3BP64|A0A0D3BP64_BRAOL	69.261	771	212	6	4547798	4548563	1	751	0.0	1127
XP_019175963.1	tr|A0A3P6C425|A0A3P6C425_BRAOL	69.041	772	213	6	4547798	4548563	1	752	0.0	1126
XP_019175963.1	tr|A0A2Z6M0F2|A0A2Z6M0F2_TRISU	55.502	1036	389	14	15222355	15223378	1	976	0.0	1125
XP_019175963.1	tr|A0A6I9RNK8|A0A6I9RNK8_ELAGV	52.035	1130	446	13	15222355	15223403	1	1115	0.0	1123
XP_019175963.1	tr|A0A6A6LCL5|A0A6A6LCL5_HEVBR	69.194	831	235	9	9198121	9198935	1	826	0.0	1121
XP_019175963.1	tr|H9C957|H9C957_IPOPU	99.446	542	1	1	388606	389147	1	540	0.0	1116
XP_019175963.1	tr|A0A6A2WKE5|A0A6A2WKE5_HIBSY	59.031	991	367	15	15222355	15223335	1	962	0.0	1113
XP_019175963.1	tr|A0A2G9HXJ1|A0A2G9HXJ1_9LAMI	74.194	744	153	11	21304425	21305153	1	720	0.0	1097
XP_019175963.1	tr|A0A6I9SPC7|A0A6I9SPC7_SESIN	74.899	745	153	10	21304425	21305152	1	728	0.0	1094
XP_019175963.1	tr|A0A1U8FX72|A0A1U8FX72_CAPAN	74.419	731	159	7	21304425	21305153	1	705	0.0	1093
XP_019175963.1	tr|A0A2G3CY80|A0A2G3CY80_CAPCH	74.692	731	156	8	21304425	21305153	1	704	0.0	1092
XP_019175963.1	tr|A0A6P5T3L4|A0A6P5T3L4_PRUAV	59.853	954	340	12	15222460	15223403	469	1389	0.0	1090
XP_019175963.1	tr|A0A5J5BHJ2|A0A5J5BHJ2_9ASTE	73.748	739	171	9	21304425	21305153	1	726	0.0	1089
XP_019175963.1	tr|A0A6P6XFQ0|A0A6P6XFQ0_COFAR	73.585	742	175	8	21304425	21305154	1	733	0.0	1088
XP_019175963.1	tr|A0A2G2X8G9|A0A2G2X8G9_CAPBA	74.419	731	158	8	21304425	21305153	1	704	0.0	1088
XP_019175963.1	tr|A0A5J5BGI0|A0A5J5BGI0_9ASTE	73.613	739	172	9	21304425	21305153	1	726	0.0	1087
XP_019175963.1	tr|A0A6P6X747|A0A6P6X747_COFAR	73.414	741	178	7	21304425	21305154	1	733	0.0	1085
XP_019175963.1	tr|A0A3Q7FPY3|A0A3Q7FPY3_SOLLC	80.149	670	128	4	21304486	21305153	64	730	0.0	1085
XP_019175963.1	tr|A0A1J6JVL4|A0A1J6JVL4_NICAT	75.101	739	153	9	21304425	21305154	1	717	0.0	1083
XP_019175963.1	tr|A0A068UWE9|A0A068UWE9_COFCA	73.315	742	177	8	21304425	21305154	1	733	0.0	1082
XP_019175963.1	tr|A0A6N2C900|A0A6N2C900_SOLCI	79.643	673	129	4	21304486	21305153	64	733	0.0	1082
XP_019175963.1	tr|M1BJR6|M1BJR6_SOLTU	78.752	673	131	5	21304486	21305153	64	729	0.0	1078
XP_019175963.1	tr|A0A6I9SQF3|A0A6I9SQF3_SESIN	74.829	731	150	10	21304425	21305138	1	714	0.0	1074
XP_019175963.1	tr|A0A1S4BZI5|A0A1S4BZI5_TOBAC	74.425	739	158	10	21304425	21305154	1	717	0.0	1074
XP_019175963.1	tr|A0A1U7WBK7|A0A1U7WBK7_NICSY	74.290	739	159	10	21304425	21305154	1	717	0.0	1073
XP_019175963.1	tr|A0A2I0VGA5|A0A2I0VGA5_9ASPA	52.979	1091	445	14	15222355	15223404	10	1073	0.0	1072
XP_019175963.1	tr|A0A1S4CB73|A0A1S4CB73_TOBAC	73.960	745	160	10	21304425	21305160	1	720	0.0	1070
XP_019175963.1	tr|A0A0E0EBY0|A0A0E0EBY0_9ORYZ	50.507	1085	473	12	15222355	15223404	1	1056	0.0	1066
XP_019175963.1	tr|A0A5B7API9|A0A5B7API9_DAVIN	72.973	740	179	9	21304425	21305153	78	807	0.0	1065
XP_019175963.1	tr|A0A5B7ARM4|A0A5B7ARM4_DAVIN	72.973	740	179	9	21304425	21305153	103	832	0.0	1065
XP_019175963.1	tr|U5CVJ2|U5CVJ2_AMBTC	51.031	1115	470	16	15222355	15223403	1	1105	0.0	1065
XP_019175963.1	sp|Q8H4D4|TYW23_ORYSJ	50.792	1073	474	14	15222355	15223404	1	1042	0.0	1065
XP_019175963.1	tr|A0A0E0I1D4|A0A0E0I1D4_ORYNI	50.370	1080	481	13	15222355	15223404	1	1055	0.0	1063
XP_019175963.1	tr|A0A0E0I1D5|A0A0E0I1D5_ORYNI	50.606	1073	476	14	15222355	15223404	1	1042	0.0	1061
XP_019175963.1	tr|A0A0E0Q8X9|A0A0E0Q8X9_ORYRU	50.092	1088	477	12	15222355	15223404	1	1060	0.0	1061
XP_019175963.1	tr|A0A2G2ZZF9|A0A2G2ZZF9_CAPAN	72.777	731	165	8	21304425	21305153	1	699	0.0	1060
XP_019175963.1	tr|A0A0D3GRL9|A0A0D3GRL9_9ORYZ	49.368	1108	478	12	15222355	15223404	1	1083	0.0	1059
XP_019175963.1	tr|A0A0E0AKJ4|A0A0E0AKJ4_9ORYZ	50.277	1084	474	15	15222355	15223404	1	1053	0.0	1059
XP_019175963.1	tr|A0A1B6QEI3|A0A1B6QEI3_SORBI	50.766	1109	456	13	15222355	15223403	1	1079	0.0	1058
XP_019175963.1	tr|B8B6M1|B8B6M1_ORYSI	49.321	1105	482	12	15222355	15223404	1	1082	0.0	1057
XP_019175963.1	tr|A0A287HWZ6|A0A287HWZ6_HORVV	51.199	1084	456	12	15222355	15223405	1	1044	0.0	1056
XP_019175963.1	tr|A0A0E0AKJ3|A0A0E0AKJ3_9ORYZ	49.319	1101	478	13	15222355	15223404	1	1072	0.0	1056
XP_019175963.1	tr|A0A5N6Q857|A0A5N6Q857_9ROSI	64.122	786	266	4	15222625	15223403	1	777	0.0	1053
XP_019175963.1	tr|A0A6G1D7P4|A0A6G1D7P4_9ORYZ	50.000	1086	478	11	15222355	15223403	1	1058	0.0	1052
XP_019175963.1	tr|A0A446KW95|A0A446KW95_TRITD	50.587	1107	463	14	15222355	15223405	1	1079	0.0	1051
XP_019175963.1	tr|A0A446KW96|A0A446KW96_TRITD	50.089	1118	460	14	15222355	15223405	1	1087	0.0	1050
XP_019175963.1	tr|A0A6P5F836|A0A6P5F836_ANACO	52.936	1090	439	15	15222355	15223403	1	1057	0.0	1049
XP_019175963.1	tr|A0A103YBZ2|A0A103YBZ2_CYNCS	73.569	734	172	10	21304425	21305152	1	718	0.0	1048
XP_019175963.1	tr|A0A3B6AX74|A0A3B6AX74_WHEAT	50.000	1118	461	14	15222355	15223405	1	1087	0.0	1047
XP_019175963.1	tr|A0A061GFS3|A0A061GFS3_THECC	64.706	782	261	4	15222623	15223403	58	825	0.0	1046
XP_019175963.1	tr|A0A287HX24|A0A287HX24_HORVV	49.643	1120	462	13	15222355	15223405	1	1087	0.0	1045
XP_019175963.1	tr|A0A446M6E0|A0A446M6E0_TRITD	50.453	1104	469	15	15222355	15223405	1	1079	0.0	1045
XP_019175963.1	tr|A0A3B6C4M0|A0A3B6C4M0_WHEAT	49.776	1115	468	14	15222355	15223405	1	1087	0.0	1045
XP_019175963.1	tr|A0A251RX75|A0A251RX75_HELAN	75.000	684	151	6	21304469	21305152	39	702	0.0	1045
XP_019175963.1	tr|A0A446M6C1|A0A446M6C1_TRITD	49.776	1115	468	14	15222355	15223405	1	1087	0.0	1045
XP_019175963.1	tr|A0A453BEC8|A0A453BEC8_AEGTS	50.495	1111	466	15	15222355	15223405	1	1087	0.0	1044
XP_019175963.1	tr|A0A2X0TSA2|A0A2X0TSA2_WHEAT	50.495	1111	466	15	15222355	15223405	1	1087	0.0	1044
XP_019175963.1	tr|A0A287HWZ1|A0A287HWZ1_HORVV	49.464	1120	461	13	15222355	15223405	6	1089	0.0	1042
XP_019175963.1	tr|A0A1D6ID10|A0A1D6ID10_MAIZE	49.909	1102	475	13	15222355	15223403	1	1078	0.0	1042
XP_019175963.1	tr|A0A4U6W136|A0A4U6W136_SETVI	50.542	1106	464	16	15222355	15223403	1	1080	0.0	1042
XP_019175963.1	tr|A0A0Q3JDG4|A0A0Q3JDG4_BRADI	50.861	1103	467	16	15222355	15223405	1	1080	0.0	1042
XP_019175963.1	tr|A0A5J9VRX0|A0A5J9VRX0_9POAL	51.046	1099	459	17	15222355	15223403	1	1070	0.0	1041
XP_019175963.1	tr|A0A5N6NJ09|A0A5N6NJ09_9ASTR	71.781	730	188	8	21304425	21305152	1	714	0.0	1041
XP_019175963.1	tr|A0A1D6ICZ6|A0A1D6ICZ6_MAIZE	49.638	1106	476	12	15222355	15223403	1	1082	0.0	1040
XP_019175963.1	tr|A0A2S3H2T1|A0A2S3H2T1_9POAL	50.045	1103	460	15	15222355	15223403	1	1066	0.0	1034
XP_019175963.1	tr|J3MLB2|J3MLB2_ORYBR	50.000	1072	485	14	15222355	15223403	1	1044	0.0	1033
XP_019175963.1	tr|A0A2T7EWM3|A0A2T7EWM3_9POAL	50.045	1103	460	15	15222355	15223403	1	1066	0.0	1033
XP_019175963.1	tr|A0A368Q5E9|A0A368Q5E9_SETIT	50.045	1103	474	14	15222355	15223403	1	1080	0.0	1032
XP_019175963.1	tr|A0A2H3YV81|A0A2H3YV81_PHODC	51.583	1074	404	13	15222355	15223337	1	1049	0.0	1032
XP_019175963.1	tr|A0A2S3H327|A0A2S3H327_9POAL	49.552	1116	458	16	15222355	15223403	1	1078	0.0	1032
XP_019175963.1	tr|A0A2T7EWN4|A0A2T7EWN4_9POAL	49.642	1116	457	16	15222355	15223403	1	1078	0.0	1031
XP_019175963.1	tr|I1GU05|I1GU05_BRADI	50.135	1113	468	16	15222355	15223405	1	1088	0.0	1030
XP_019175963.1	tr|A0A6S7KU85|A0A6S7KU85_LACSI	74.564	688	152	9	21304471	21305152	36	706	0.0	1026
XP_019175963.1	tr|A0A6B9MN81|A0A6B9MN81_9LILI	96.552	522	16	1	7586568	7587087	1	522	0.0	1025
XP_019175963.1	tr|A0A4S4EY09|A0A4S4EY09_CAMSI	75.232	646	157	1	5774562	5775207	569	1211	0.0	1025
XP_019175963.1	tr|A0A199W1Q3|A0A199W1Q3_ANACO	50.919	1088	454	16	2216166	2217239	1047	2068	0.0	1024
XP_019175963.1	tr|A0A4D8YG61|A0A4D8YG61_SALSN	71.191	722	172	9	21304425	21305138	1	694	0.0	1022
XP_019175963.1	tr|A0A446KW84|A0A446KW84_TRITD	48.845	1126	470	14	15222355	15223405	1	1095	0.0	1022
XP_019175963.1	tr|A0A287HX19|A0A287HX19_HORVV	48.754	1124	472	14	15222355	15223405	1	1093	0.0	1020
XP_019175963.1	tr|A0A2J6LPZ1|A0A2J6LPZ1_LACSA	74.524	683	161	7	21304471	21305152	36	706	0.0	1020
XP_019175963.1	tr|A0A4D8ZKC3|A0A4D8ZKC3_SALSN	71.730	711	176	7	21304432	21305138	1	690	0.0	1019
XP_019175963.1	tr|A0A446M6F7|A0A446M6F7_TRITD	48.707	1121	479	15	15222355	15223405	1	1095	0.0	1017
XP_019175963.1	tr|A0A6B9F314|A0A6B9F314_IPOPU	99.205	503	4	0	25377660	25378162	1	503	0.0	1015
XP_019175963.1	tr|A0A540KN05|A0A540KN05_MALBA	58.037	927	332	12	15222355	15223266	1	885	0.0	1014
XP_019175963.1	tr|A0A6P5Y7D7|A0A6P5Y7D7_DURZI	74.474	666	159	8	21304488	21305152	65	720	0.0	1013
XP_019175963.1	tr|A0A5D2K3T2|A0A5D2K3T2_GOSTO	74.775	666	158	7	21304488	21305152	64	720	0.0	1013
XP_019175963.1	tr|A0A5D2U4Y3|A0A5D2U4Y3_GOSMU	74.775	666	158	7	21304488	21305152	64	720	0.0	1012
XP_019175963.1	tr|A0A0L9V7B5|A0A0L9V7B5_PHAAN	65.779	751	253	2	4514246	4514992	389	1139	0.0	1012
XP_019175963.1	tr|A0A067KFH1|A0A067KFH1_JATCU	70.355	732	191	11	21304427	21305152	4	715	0.0	1011
XP_019175963.1	tr|M1C562|M1C562_SOLTU	65.486	762	241	6	15222645	15223403	1	743	0.0	1011
XP_019175963.1	tr|A0A5D2BVE5|A0A5D2BVE5_GOSDA	74.625	666	159	7	21304488	21305152	64	720	0.0	1010
XP_019175963.1	tr|A0A5J5QQ34|A0A5J5QQ34_GOSBA	74.625	666	159	7	21304488	21305152	64	720	0.0	1010
XP_019175963.1	tr|A0A2U1P915|A0A2U1P915_ARTAN	75.115	655	153	4	21304502	21305152	6	654	0.0	1009
XP_019175963.1	tr|A0A059A5U0|A0A059A5U0_EUCGR	69.536	732	185	10	21304437	21305152	2	711	0.0	1009
XP_019175963.1	tr|A0A6P4A9U1|A0A6P4A9U1_ZIZJJ	74.925	670	154	8	21304487	21305153	71	729	0.0	1009
XP_019175963.1	tr|A0A5D2YHM1|A0A5D2YHM1_GOSMU	70.151	727	191	11	21304443	21305152	3	720	0.0	1008
XP_019175963.1	tr|A0A5D2PQB2|A0A5D2PQB2_GOSTO	74.174	666	162	7	21304488	21305152	64	720	0.0	1008
XP_019175963.1	tr|A0A5N6RTP0|A0A5N6RTP0_9ROSI	74.962	655	151	7	21304498	21305151	228	870	0.0	1008
XP_019175963.1	tr|A0A438KBK4|A0A438KBK4_VITVI	75.150	668	156	7	21304486	21305153	76	733	0.0	1007
XP_019175963.1	tr|A0A5D2FUJ1|A0A5D2FUJ1_GOSDA	74.174	666	162	7	21304488	21305152	64	720	0.0	1007
XP_019175963.1	tr|A0A5J5V0E1|A0A5J5V0E1_GOSBA	70.014	727	192	11	21304443	21305152	3	720	0.0	1006
XP_019175963.1	tr|A0A0D2PMJ8|A0A0D2PMJ8_GOSRA	74.324	666	161	7	21304488	21305152	64	720	0.0	1006
XP_019175963.1	tr|A0A2U1NTP0|A0A2U1NTP0_ARTAN	74.370	675	160	5	21304480	21305152	35	698	0.0	1005
XP_019175963.1	tr|A0A0B0Q308|A0A0B0Q308_GOSAR	74.174	666	162	7	21304488	21305152	64	720	0.0	1005
XP_019175963.1	tr|A0A4S4DP15|A0A4S4DP15_CAMSI	80.976	594	110	2	21304560	21305153	2	592	0.0	1005
XP_019175963.1	tr|A0A314YKE3|A0A314YKE3_PRUYE	70.937	726	183	12	21304449	21305161	34	744	0.0	1005
XP_019175963.1	tr|A0A4U5QC62|A0A4U5QC62_POPAL	73.333	660	166	6	21304493	21305152	65	714	0.0	1004
XP_019175963.1	tr|A0A6M2EEY1|A0A6M2EEY1_9ROSI	73.636	660	164	7	21304493	21305152	65	714	0.0	1004
XP_019175963.1	tr|A0A061FYZ6|A0A061FYZ6_THECC	75.303	660	153	7	21304493	21305152	69	718	0.0	1003
XP_019175963.1	tr|A0A6J1C564|A0A6J1C564_MOMCH	68.378	740	201	11	21304427	21305154	4	722	0.0	1002
XP_019175963.1	tr|A0A0D2QI62|A0A0D2QI62_GOSRA	62.500	784	281	4	15222620	15223403	30	800	0.0	1002
XP_019175963.1	tr|A0A6P8BU27|A0A6P8BU27_PUNGR	69.168	733	211	8	21304425	21305153	1	722	0.0	1002
XP_019175963.1	tr|A0A2K1XK28|A0A2K1XK28_POPTR	68.414	725	192	8	21304452	21305152	3	714	0.0	1001
XP_019175963.1	tr|A0A6J1AHT0|A0A6J1AHT0_9ROSI	74.513	667	159	8	21304487	21305152	62	718	0.0	1001
XP_019175963.1	tr|A0A2I0A1V1|A0A2I0A1V1_9ASPA	53.167	963	356	14	724180	725101	12	920	0.0	1000
XP_019175963.1	tr|A0A140B478|A0A140B478_PRUPE	72.409	714	169	13	21304451	21305153	34	730	0.0	999
XP_019175963.1	tr|A0A1R3IY99|A0A1R3IY99_9ROSI	70.124	723	192	10	21304443	21305152	1	712	0.0	999
XP_019175963.1	tr|A0A1U8LER0|A0A1U8LER0_GOSHI	74.316	658	160	6	21304495	21305152	72	720	0.0	999
XP_019175963.1	tr|A0A5J9VTC8|A0A5J9VTC8_9POAL	50.469	1066	484	13	15222355	15223402	1	1040	0.0	999
XP_019175963.1	tr|M5WG82|M5WG82_PRUPE	72.409	714	169	13	21304451	21305153	34	730	0.0	999
XP_019175963.1	tr|A0A2C9VPZ6|A0A2C9VPZ6_MANES	69.156	723	211	8	21304437	21305158	10	721	0.0	999
XP_019175963.1	tr|A0A498I2C9|A0A498I2C9_MALDO	71.845	721	177	13	21304440	21305153	32	733	0.0	999
XP_019175963.1	tr|A0A2I4G887|A0A2I4G887_JUGRE	70.982	703	182	10	21304450	21305151	45	726	0.0	998
XP_019175963.1	tr|A0A6J1ED41|A0A6J1ED41_CUCMO	73.835	665	165	5	21304490	21305154	66	721	0.0	997
XP_019175963.1	tr|A0A5E4FD74|A0A5E4FD74_PRUDU	72.269	714	170	13	21304451	21305153	34	730	0.0	997
XP_019175963.1	tr|A0A5B6UM02|A0A5B6UM02_9ROSI	73.874	666	164	7	21304488	21305152	58	714	0.0	997
XP_019175963.1	tr|A0A5C7H062|A0A5C7H062_9ROSI	68.392	734	215	7	21304424	21305153	1	721	0.0	996
XP_019175963.1	tr|A0A5J5BMJ4|A0A5J5BMJ4_9ASTE	69.656	669	187	7	2988295	2988960	39	694	0.0	995
XP_019175963.1	tr|A0A4Y1RIM8|A0A4Y1RIM8_PRUDU	72.269	714	170	13	21304451	21305153	34	730	0.0	995
XP_019175963.1	tr|A0A161X6M3|A0A161X6M3_DAUCS	75.767	652	145	6	21304489	21305140	55	693	0.0	994
XP_019175963.1	tr|A0A1Q3BBC6|A0A1Q3BBC6_CEPFO	70.875	697	174	9	21304468	21305153	25	703	0.0	994
XP_019175963.1	tr|A0A2P6P5L2|A0A2P6P5L2_ROSCH	71.206	705	185	8	21304448	21305151	34	721	0.0	994
XP_019175963.1	tr|A0A5B7APD3|A0A5B7APD3_DAVIN	80.135	594	114	3	21304560	21305153	2	591	0.0	993
XP_019175963.1	tr|A0A5D2QGQ3|A0A5D2QGQ3_GOSTO	62.916	782	271	6	15222625	15223403	1	766	0.0	993
XP_019175963.1	tr|A0A6P5RFL3|A0A6P5RFL3_PRUAV	71.309	718	170	13	21304451	21305153	36	732	0.0	993
XP_019175963.1	tr|A0A6J1KPX9|A0A6J1KPX9_CUCMA	73.383	665	168	5	21304490	21305154	66	721	0.0	991
XP_019175963.1	tr|A0A6B9ER56|A0A6B9ER56_IPOPU	99.388	490	3	0	25377677	25378166	1	490	0.0	990
XP_019175963.1	tr|A0A5D2GHF8|A0A5D2GHF8_GOSDA	62.788	782	272	6	15222625	15223403	1	766	0.0	989
XP_019175963.1	tr|V4TNG2|V4TNG2_CITCL	73.353	668	164	6	21304486	21305153	66	719	0.0	989
XP_019175963.1	tr|A0A6B9EQ80|A0A6B9EQ80_IPOPU	99.388	490	3	0	25377677	25378166	1	490	0.0	989
XP_019175963.1	tr|A0A6J5UXN7|A0A6J5UXN7_PRUAR	71.648	716	173	12	21304451	21305153	31	729	0.0	989
XP_019175963.1	tr|A0A5J5VPQ2|A0A5J5VPQ2_GOSBA	62.788	782	272	6	15222625	15223403	1	766	0.0	989
XP_019175963.1	tr|A0A6B9ESB5|A0A6B9ESB5_IPOPU	99.387	489	3	0	25377677	25378165	1	489	0.0	988
XP_019175963.1	tr|A0A6B9ENH7|A0A6B9ENH7_IPOPU	99.184	490	4	0	25377677	25378166	1	490	0.0	988
XP_019175963.1	tr|W9RJG8|W9RJG8_9ROSA	76.308	650	143	6	21304504	21305153	80	718	0.0	987
XP_019175963.1	tr|A0A498JMR4|A0A498JMR4_MALDO	71.932	709	170	13	21304451	21305153	43	728	0.0	987
XP_019175963.1	tr|A0A6A1VWD4|A0A6A1VWD4_9ROSI	73.374	661	158	9	21304493	21305151	13	657	0.0	987
XP_019175963.1	tr|A0A1R3G1R0|A0A1R3G1R0_COCAP	71.083	702	180	10	21304464	21305152	17	708	0.0	987
XP_019175963.1	tr|A0A6B9ENN8|A0A6B9ENN8_IPOPU	99.182	489	4	0	25377674	25378162	3	491	0.0	986
XP_019175963.1	tr|A0A6B9EWQ0|A0A6B9EWQ0_IPOPU	99.385	488	3	0	25377677	25378164	1	488	0.0	986
XP_019175963.1	tr|A0A6B9ESI0|A0A6B9ESI0_IPOPU	99.182	489	4	0	25377674	25378162	2	490	0.0	986
XP_019175963.1	tr|A0A6B9ERL8|A0A6B9ERL8_IPOPU	99.182	489	4	0	25377674	25378162	1	489	0.0	986
XP_019175963.1	tr|A0A6B9ENH8|A0A6B9ENH8_IPOPU	99.182	489	4	0	25377677	25378165	1	489	0.0	986
XP_019175963.1	tr|A0A6B9ENN7|A0A6B9ENN7_IPOPU	99.385	488	3	0	25377675	25378162	1	488	0.0	986
XP_019175963.1	tr|A0A445EQT2|A0A445EQT2_ARAHY	71.898	669	181	5	21304486	21305153	51	713	0.0	985
XP_019175963.1	tr|V4VKF9|V4VKF9_CITCL	73.244	669	164	7	21304486	21305153	66	720	0.0	985
XP_019175963.1	tr|A0A2G5E779|A0A2G5E779_AQUCA	67.075	735	216	10	21304425	21305153	1	715	0.0	985
XP_019175963.1	tr|A0A445ATT9|A0A445ATT9_ARAHY	72.197	669	179	5	21304486	21305153	51	713	0.0	985
XP_019175963.1	tr|A0A6P4DG82|A0A6P4DG82_ARADU	71.898	669	181	5	21304486	21305153	51	713	0.0	984
XP_019175963.1	tr|A0A1D6ID18|A0A1D6ID18_MAIZE	47.822	1102	461	12	15222355	15223403	1	1041	0.0	984
XP_019175963.1	tr|A0A328D3E6|A0A328D3E6_9ASTE	89.942	517	50	1	1973335	1973851	1	515	0.0	984
XP_019175963.1	tr|A0A484LPG1|A0A484LPG1_9ASTE	89.942	517	50	1	1973335	1973851	1	515	0.0	984
XP_019175963.1	tr|A0A6B9ERJ0|A0A6B9ERJ0_IPOPU	99.384	487	3	0	25377675	25378161	1	487	0.0	983
XP_019175963.1	tr|A0A1S3AXE7|A0A1S3AXE7_CUCME	68.994	716	196	9	21304453	21305154	11	714	0.0	983
XP_019175963.1	tr|A0A6B9ENI7|A0A6B9ENI7_IPOPU	99.384	487	3	0	25377677	25378163	1	487	0.0	983
XP_019175963.1	tr|A0A5A7UJT0|A0A5A7UJT0_CUCME	68.994	716	196	9	21304453	21305154	11	714	0.0	983
XP_019175963.1	tr|A0A2Z6P3K2|A0A2Z6P3K2_TRISU	70.370	675	184	7	21304479	21305153	30	688	0.0	983
XP_019175963.1	tr|A0A0A0LRC5|A0A0A0LRC5_CUCSA	72.496	669	169	6	21304489	21305154	58	714	0.0	982
XP_019175963.1	tr|A0A484MJ46|A0A484MJ46_9ASTE	89.749	517	51	1	1973335	1973851	1	515	0.0	982
XP_019175963.1	tr|A0A540KEW7|A0A540KEW7_MALBA	71.289	714	178	12	21304446	21305153	36	728	0.0	981
XP_019175963.1	tr|A0A6B9F2X6|A0A6B9F2X6_IPOPU	99.383	486	3	0	25377675	25378160	1	486	0.0	981
XP_019175963.1	tr|A0A6B9ENL3|A0A6B9ENL3_IPOPU	99.383	486	3	0	25377677	25378162	1	486	0.0	981
XP_019175963.1	tr|A0A5N5K5J3|A0A5N5K5J3_9ROSI	71.386	671	171	8	21304493	21305152	65	725	0.0	980
XP_019175963.1	tr|A0A072UQY1|A0A072UQY1_MEDTR	69.885	694	194	8	21304464	21305153	3	685	0.0	980
XP_019175963.1	tr|A0A6B9F2Z4|A0A6B9F2Z4_IPOPU	99.177	486	4	0	25377677	25378162	1	486	0.0	979
XP_019175963.1	tr|A0A6B9ER37|A0A6B9ER37_IPOPU	99.381	485	3	0	25377677	25378161	1	485	0.0	979
XP_019175963.1	tr|A0A6B9ERH8|A0A6B9ERH8_IPOPU	99.381	485	3	0	25377678	25378162	1	485	0.0	979
XP_019175963.1	tr|A0A1S2Z6E5|A0A1S2Z6E5_CICAR	67.127	724	213	9	21304432	21305153	1	701	0.0	978
XP_019175963.1	tr|A0A5D2UY06|A0A5D2UY06_GOSMU	62.516	787	276	6	15222620	15223403	30	800	0.0	978
XP_019175963.1	tr|A0A438JG19|A0A438JG19_VITVI	60.319	814	274	6	15222613	15223403	109	896	0.0	978
XP_019175963.1	tr|A0A396ICX7|A0A396ICX7_MEDTR	71.049	677	182	7	21304481	21305153	73	739	0.0	978
XP_019175963.1	tr|A0A6A6K2D4|A0A6A6K2D4_HEVBR	70.897	725	107	11	26004119	26004834	8	637	0.0	978
XP_019175963.1	tr|A0A2P5DGA2|A0A2P5DGA2_PARAD	73.163	667	147	6	21304512	21305153	89	748	0.0	976
XP_019175963.1	tr|A0A5D2CL15|A0A5D2CL15_GOSDA	62.389	787	277	6	15222620	15223403	30	800	0.0	976
XP_019175963.1	tr|A0A5J5RFH8|A0A5J5RFH8_GOSBA	62.389	787	277	6	15222620	15223403	30	800	0.0	976
XP_019175963.1	tr|A0A1U7ZBU1|A0A1U7ZBU1_NELNU	72.523	666	173	6	21304489	21305152	73	730	0.0	975
XP_019175963.1	tr|A0A151QWV2|A0A151QWV2_CAJCA	74.254	637	159	4	21304517	21305153	1	632	0.0	974
XP_019175963.1	tr|A0A6B9F2T3|A0A6B9F2T3_IPOPU	99.174	484	4	0	25377677	25378160	1	484	0.0	974
XP_019175963.1	tr|A0A5D2KWD9|A0A5D2KWD9_GOSTO	62.389	787	277	6	15222620	15223403	30	800	0.0	974
XP_019175963.1	tr|A0A6B9ENM6|A0A6B9ENM6_IPOPU	99.379	483	3	0	25377678	25378160	1	483	0.0	973
XP_019175963.1	tr|A0A484LRA7|A0A484LRA7_9ASTE	87.845	543	61	2	388606	389147	1	539	0.0	973
XP_019175963.1	tr|A0A484LDV7|A0A484LDV7_9ASTE	87.845	543	61	2	388606	389147	1	539	0.0	972
XP_019175963.1	tr|A0A443NYX8|A0A443NYX8_9MAGN	73.197	638	166	4	21304516	21305153	75	707	0.0	972
XP_019175963.1	tr|A0A371E9T1|A0A371E9T1_MUCPR	71.134	679	183	6	21304488	21305164	105	772	0.0	971
XP_019175963.1	tr|A0A0K9RBU1|A0A0K9RBU1_SPIOL	67.883	685	213	4	21304470	21305153	31	709	0.0	969
XP_019175963.1	tr|A0A1W0W6I6|A0A1W0W6I6_SORBI	49.952	1043	432	13	15222355	15223337	1	1013	0.0	969
XP_019175963.1	tr|A0A6N2KI34|A0A6N2KI34_SALVM	72.576	660	170	8	21304493	21305152	65	713	0.0	969
XP_019175963.1	tr|A0A328DSP0|A0A328DSP0_9ASTE	87.477	543	63	2	388606	389147	1	539	0.0	969
XP_019175963.1	tr|A0A0V0IWX9|A0A0V0IWX9_SOLCH	66.038	742	234	7	15222663	15223403	2	726	0.0	967
XP_019175963.1	tr|A0A1W0W6N1|A0A1W0W6N1_SORBI	49.904	1042	432	13	15222355	15223336	1	1012	0.0	967
XP_019175963.1	tr|I1QB48|I1QB48_ORYGL	50.833	960	426	12	15222460	15223404	114	1042	0.0	966
XP_019175963.1	tr|A0A314Y6G5|A0A314Y6G5_PRUYE	68.598	742	181	12	21304427	21305153	6	710	0.0	966
XP_019175963.1	tr|A0A0J8B6B0|A0A0J8B6B0_BETVU	67.723	694	201	5	21304464	21305153	37	711	0.0	965
XP_019175963.1	tr|A0A5C7GZU5|A0A5C7GZU5_9ROSI	66.213	734	209	8	21304424	21305153	1	699	0.0	964
XP_019175963.1	tr|A0A251PEG6|A0A251PEG6_PRUPE	62.104	789	289	6	15222625	15223410	1	782	0.0	963
XP_019175963.1	tr|A0A6J1K2I2|A0A6J1K2I2_CUCMA	67.764	729	192	9	21304446	21305154	7	712	0.0	962
XP_019175963.1	tr|D7MPK3|D7MPK3_ARALL	70.695	662	174	7	21304493	21305152	66	709	0.0	961
XP_019175963.1	tr|V7CDT2|V7CDT2_PHAVU	66.529	729	222	8	21304437	21305159	63	775	0.0	961
XP_019175963.1	tr|A0A6B9EWY2|A0A6B9EWY2_IPOPU	99.368	475	3	0	25377691	25378165	1	475	0.0	961
XP_019175963.1	tr|I1K055|I1K055_SOYBN	70.783	664	181	5	21304490	21305153	49	699	0.0	959
XP_019175963.1	tr|A0A445KJX3|A0A445KJX3_GLYSO	70.783	664	181	5	21304490	21305153	49	699	0.0	959
XP_019175963.1	tr|V4LUR4|V4LUR4_EUTSA	71.231	650	174	6	21304510	21305158	74	711	0.0	957
XP_019175963.1	tr|A0A5E4F3C6|A0A5E4F3C6_PRUDU	61.977	789	290	6	15222625	15223410	1	782	0.0	957
XP_019175963.1	tr|A0A4P1R3Q5|A0A4P1R3Q5_LUPAN	69.242	712	204	8	21304445	21305154	3	701	0.0	956
XP_019175963.1	tr|A0A0E0FEJ6|A0A0E0FEJ6_9ORYZ	54.995	911	359	10	3667569	3668462	430	1306	0.0	956
XP_019175963.1	tr|A0A0S3R5T2|A0A0S3R5T2_PHAAN	65.574	732	213	9	21304432	21305162	16	709	0.0	953
XP_019175963.1	tr|A0A0L9TQI8|A0A0L9TQI8_PHAAN	65.574	732	213	9	21304432	21305162	16	709	0.0	953
XP_019175963.1	tr|A0A6A5MX98|A0A6A5MX98_LUPAL	68.347	714	206	8	21304442	21305154	14	708	0.0	952
XP_019175963.1	tr|A0A2I0HHV8|A0A2I0HHV8_PUNGR	59.108	785	281	6	15222632	15223405	3	758	0.0	951
XP_019175963.1	tr|A0A1S3TA27|A0A1S3TA27_VIGRR	70.075	665	184	6	21304490	21305153	53	703	0.0	950
XP_019175963.1	tr|A0A178UIT6|A0A178UIT6_ARATH	71.429	644	171	5	21304510	21305152	81	712	0.0	949
XP_019175963.1	sp|Q9FGS4|NADA_ARATH	71.429	644	171	5	21304510	21305152	81	712	0.0	949
XP_019175963.1	tr|A0A2J6K2K3|A0A2J6K2K3_LACSA	65.929	678	230	1	4511863	4512540	415	1091	0.0	947
XP_019175963.1	tr|D7SHG8|D7SHG8_VITVI	77.946	594	126	4	21304560	21305153	2	590	0.0	947
XP_019175963.1	tr|B2CM20|B2CM20_9ASTE	93.462	520	34	0	7586568	7587087	1	520	0.0	947
XP_019175963.1	tr|A0A6D2ISF9|A0A6D2ISF9_9BRAS	70.923	650	175	7	21304510	21305158	72	708	0.0	946
XP_019175963.1	tr|A0A4S8K770|A0A4S8K770_MUSBA	70.499	661	185	4	21304501	21305157	42	696	0.0	946
XP_019175963.1	tr|A0A2R6PS41|A0A2R6PS41_ACTCC	76.936	594	128	4	21304560	21305153	2	586	0.0	945
XP_019175963.1	tr|A0A314KKJ9|A0A314KKJ9_NICAT	84.699	549	65	4	388607	389147	1	538	0.0	945
XP_019175963.1	tr|A0A087G9V4|A0A087G9V4_ARAAL	70.497	644	178	5	21304510	21305152	78	710	0.0	944
XP_019175963.1	tr|A9PF21|A9PF21_POPTR	85.150	532	69	4	17276627	17277157	4	526	0.0	943
XP_019175963.1	tr|A0A1J3ELC3|A0A1J3ELC3_NOCCA	71.538	650	171	7	21304510	21305158	109	745	0.0	942
XP_019175963.1	tr|A0A2N9IVJ9|A0A2N9IVJ9_FAGSY	76.073	606	134	6	21304547	21305151	1	596	0.0	942
XP_019175963.1	tr|A0A1D1YAV0|A0A1D1YAV0_9ARAE	70.978	634	180	3	21304521	21305154	134	763	0.0	942
XP_019175963.1	tr|A0A1S3ZMB9|A0A1S3ZMB9_TOBAC	85.794	535	64	3	388614	389147	17	540	0.0	942
XP_019175963.1	tr|A0A0D3E9Q0|A0A0D3E9Q0_BRAOL	70.762	643	176	6	21304517	21305158	140	771	0.0	942
XP_019175963.1	tr|A0A1U7YT24|A0A1U7YT24_NICSY	85.794	535	64	3	388614	389147	17	540	0.0	942
XP_019175963.1	tr|A0A3P6EJI2|A0A3P6EJI2_BRAOL	70.762	643	176	6	21304517	21305158	140	771	0.0	942
XP_019175963.1	tr|A0A1J3E8N4|A0A1J3E8N4_NOCCA	71.385	650	172	7	21304510	21305158	109	745	0.0	941
XP_019175963.1	tr|A0A4D6KX85|A0A4D6KX85_VIGUN	65.897	736	209	13	21304428	21305159	2	699	0.0	940
XP_019175963.1	tr|A0A1J3HMU1|A0A1J3HMU1_NOCCA	71.385	650	168	7	21304510	21305158	77	709	0.0	940
XP_019175963.1	tr|A0A6A6KYU6|A0A6A6KYU6_HEVBR	76.094	594	136	5	21304560	21305153	2	589	0.0	939
XP_019175963.1	tr|A0A4U5QLM3|A0A4U5QLM3_POPAL	84.962	532	70	4	17276627	17277157	4	526	0.0	939
XP_019175963.1	tr|O24051|O24051_MORCI	85.213	541	68	6	17276621	17277157	1	533	0.0	939
XP_019175963.1	tr|A0A3N6RFX1|A0A3N6RFX1_BRACR	70.451	643	178	6	21304517	21305158	81	712	0.0	939
XP_019175963.1	tr|A0A1J3K599|A0A1J3K599_NOCCA	71.231	650	173	7	21304510	21305158	118	754	0.0	938
XP_019175963.1	tr|A0A1S3YFE9|A0A1S3YFE9_TOBAC	85.607	535	65	3	388614	389147	17	540	0.0	937
XP_019175963.1	sp|P27608|AROF_TOBAC	85.607	535	65	3	388614	389147	17	540	0.0	937
XP_019175963.1	tr|A0A6B9ERG6|A0A6B9ERG6_IPOPU	99.143	467	4	0	25377677	25378143	1	467	0.0	936
XP_019175963.1	tr|A0A061GH36|A0A061GH36_THECC	63.561	719	247	4	15222620	15223337	55	759	0.0	936
XP_019175963.1	tr|A0A2H3Y631|A0A2H3Y631_PHODC	72.152	632	173	2	21304523	21305154	92	720	0.0	936
XP_019175963.1	tr|A0A251PEH4|A0A251PEH4_PRUPE	60.533	788	269	5	15222625	15223410	1	748	0.0	936
XP_019175963.1	tr|A0A200RD20|A0A200RD20_9MAGN	71.651	642	172	6	21304489	21305128	83	716	0.0	935
XP_019175963.1	tr|A0A4U5PQA1|A0A4U5PQA1_POPAL	84.586	532	72	4	17276627	17277157	4	526	0.0	935
XP_019175963.1	tr|A0A6J0LHK6|A0A6J0LHK6_RAPSA	71.229	643	175	6	21304517	21305158	80	713	0.0	935
XP_019175963.1	tr|A0A5B6ZUY3|A0A5B6ZUY3_DAVIN	82.633	547	86	4	388602	389143	12	554	0.0	935
XP_019175963.1	tr|B9GUY5|B9GUY5_POPTR	84.398	532	73	4	17276627	17277157	4	526	0.0	934
XP_019175963.1	tr|A0A6N2LNE7|A0A6N2LNE7_SALVM	83.799	537	75	5	17276627	17277162	4	529	0.0	934
XP_019175963.1	tr|A0A5J5ADJ6|A0A5J5ADJ6_9ASTE	83.029	548	81	6	388606	389147	1	542	0.0	934
XP_019175963.1	tr|A0A6P6UTR6|A0A6P6UTR6_COFAR	84.572	538	78	3	17276621	17277157	1	534	0.0	934
XP_019175963.1	tr|A0A0D5ZBC4|A0A0D5ZBC4_GOSHI	85.795	528	73	2	388617	389143	3	529	0.0	933
XP_019175963.1	tr|A0A0D2UST6|A0A0D2UST6_GOSRA	85.795	528	73	2	388617	389143	3	529	0.0	933
XP_019175963.1	tr|A0A6V7NN78|A0A6V7NN78_ANACO	69.565	644	188	3	21304516	21305154	89	729	0.0	933
XP_019175963.1	tr|A0A5N5NM97|A0A5N5NM97_9ROSI	84.270	534	74	4	17276625	17277157	2	526	0.0	933
XP_019175963.1	tr|A0A1R3JI20|A0A1R3JI20_COCAP	88.386	508	51	3	17276662	17277161	30	537	0.0	933
XP_019175963.1	tr|A0A5B6U9D1|A0A5B6U9D1_9ROSI	85.606	528	74	2	388617	389143	3	529	0.0	933
XP_019175963.1	tr|A0A6J0LBY6|A0A6J0LBY6_RAPSA	71.317	638	170	6	21304517	21305152	86	712	0.0	933
XP_019175963.1	tr|A0A5D2V087|A0A5D2V087_GOSMU	85.606	528	74	2	388617	389143	3	529	0.0	932
XP_019175963.1	tr|A0A5D2KZ12|A0A5D2KZ12_GOSTO	85.606	528	74	2	388617	389143	3	529	0.0	932
XP_019175963.1	tr|A0A5D2CLR9|A0A5D2CLR9_GOSDA	85.606	528	74	2	388617	389143	3	529	0.0	932
XP_019175963.1	tr|A0A5J5RGX9|A0A5J5RGX9_GOSBA	85.606	528	74	2	388617	389143	3	529	0.0	932
XP_019175963.1	tr|A0A5N5MQ71|A0A5N5MQ71_9ROSI	83.799	537	75	5	17276627	17277162	4	529	0.0	932
XP_019175963.1	tr|A0A6N2BJU1|A0A6N2BJU1_SOLCI	83.577	548	75	5	388606	389147	1	539	0.0	932
XP_019175963.1	tr|A0A6I9SU57|A0A6I9SU57_SESIN	84.015	538	67	5	17276621	17277157	1	520	0.0	932
XP_019175963.1	tr|A0A7G2FJH7|A0A7G2FJH7_ARATH	70.497	644	171	6	21304510	21305152	81	706	0.0	931
XP_019175963.1	tr|A0A068TYU2|A0A068TYU2_COFCA	84.201	538	80	3	17276621	17277157	1	534	0.0	931
XP_019175963.1	tr|A0A6P6UL79|A0A6P6UL79_COFAR	84.201	538	80	3	17276621	17277157	1	534	0.0	931
XP_019175963.1	tr|A0A3Q7H097|A0A3Q7H097_SOLLC	83.759	548	74	4	388606	389147	1	539	0.0	931
XP_019175963.1	tr|A0A5B6ZSQ4|A0A5B6ZSQ4_DAVIN	83.181	547	83	4	388602	389143	12	554	0.0	931
XP_019175963.1	tr|A0A6B9EQC6|A0A6B9EQC6_IPOPU	99.351	462	3	0	25377676	25378137	1	462	0.0	931
XP_019175963.1	sp|P37216|AROG_SOLLC	83.394	548	76	5	388606	389147	1	539	0.0	931
XP_019175963.1	tr|A0A1U8JA26|A0A1U8JA26_GOSHI	85.417	528	75	2	388617	389143	3	529	0.0	931
XP_019175963.1	tr|A0A1U8PCH5|A0A1U8PCH5_GOSHI	85.417	528	75	2	388617	389143	3	529	0.0	931
XP_019175963.1	tr|A0A397XIX6|A0A397XIX6_BRACM	70.388	645	175	7	21304517	21305158	83	714	0.0	931
XP_019175963.1	tr|A0A6P4P4L0|A0A6P4P4L0_GOSAR	85.417	528	75	2	388617	389143	3	529	0.0	931
XP_019175963.1	tr|A0A5D2QJ48|A0A5D2QJ48_GOSTO	85.417	528	75	2	388617	389143	3	529	0.0	931
XP_019175963.1	tr|A0A5B6ZSA9|A0A5B6ZSA9_DAVIN	83.241	543	80	5	388606	389143	1	537	0.0	930
XP_019175963.1	tr|A0A6B9EQF2|A0A6B9EQF2_IPOPU	99.351	462	3	0	25377677	25378138	1	462	0.0	930
XP_019175963.1	tr|M1D1C6|M1D1C6_SOLTU	83.759	548	74	4	388606	389147	1	539	0.0	930
XP_019175963.1	tr|A0A6N2MHG4|A0A6N2MHG4_SALVM	84.211	532	74	4	17276627	17277157	4	526	0.0	929
XP_019175963.1	sp|P21357|AROF_SOLTU	84.066	546	72	4	388606	389145	1	537	0.0	929
XP_019175963.1	tr|A0A5J5B4J3|A0A5J5B4J3_9ASTE	83.853	545	77	5	388606	389145	1	539	0.0	929
XP_019175963.1	tr|A0A3P6D7F6|A0A3P6D7F6_BRACM	70.233	645	176	7	21304517	21305158	83	714	0.0	929
XP_019175963.1	tr|A0A5D2GIV2|A0A5D2GIV2_GOSDA	85.227	528	76	2	388617	389143	3	529	0.0	929
XP_019175963.1	tr|A0A5J5VS27|A0A5J5VS27_GOSBA	85.227	528	76	2	388617	389143	3	529	0.0	929
XP_019175963.1	tr|A0A1S3Z7J6|A0A1S3Z7J6_TOBAC	84.259	540	73	4	17276621	17277157	1	531	0.0	928
XP_019175963.1	tr|A0A1U7XV16|A0A1U7XV16_NICSY	84.259	540	73	4	17276621	17277157	1	531	0.0	928
XP_019175963.1	tr|A0A4S8IBA1|A0A4S8IBA1_MUSBA	66.222	749	237	6	13073655	13074393	24	766	0.0	928
XP_019175963.1	tr|A0A061GGM5|A0A061GGM5_THECC	63.572	711	244	4	15222623	15223332	58	754	0.0	928
XP_019175963.1	tr|Q8H9C9|Q8H9C9_SOLTU	83.883	546	73	4	388606	389145	1	537	0.0	928
XP_019175963.1	tr|A0A5D2ZCA2|A0A5D2ZCA2_GOSMU	85.227	528	76	2	388617	389143	3	529	0.0	927
XP_019175963.1	tr|A0A5B6ZV29|A0A5B6ZV29_DAVIN	84.162	543	75	5	388606	389143	1	537	0.0	927
XP_019175963.1	tr|A0A6P5GGX4|A0A6P5GGX4_ANACO	69.922	645	185	4	21304516	21305154	91	732	0.0	927
XP_019175963.1	tr|A0A164ZIG1|A0A164ZIG1_DAUCS	83.364	547	82	5	388605	389147	1	542	0.0	927
XP_019175963.1	tr|A0A6P5YBN5|A0A6P5YBN5_DURZI	84.954	545	62	6	17276621	17277157	1	533	0.0	926
XP_019175963.1	tr|A0A151TBU8|A0A151TBU8_CAJCA	67.776	661	201	7	7150161	7150811	1	659	0.0	925
XP_019175963.1	tr|A0A1R3K2D8|A0A1R3K2D8_9ROSI	83.789	549	69	6	17276621	17277161	1	537	0.0	925
XP_019175963.1	tr|A0A1S4CQF5|A0A1S4CQF5_TOBAC	83.677	533	68	6	1973335	1973851	1	530	0.0	925
XP_019175963.1	tr|A0A4S4DA65|A0A4S4DA65_CAMSI	87.426	509	58	2	388640	389147	34	537	0.0	925
XP_019175963.1	tr|A0A2P5D9S0|A0A2P5D9S0_TREOI	82.505	543	79	4	388606	389141	1	534	0.0	924
XP_019175963.1	tr|A0A6G1D8R6|A0A6G1D8R6_9ORYZ	49.200	937	421	9	15222495	15223403	38	947	0.0	924
XP_019175963.1	tr|A0A200PN23|A0A200PN23_9MAGN	87.103	504	51	3	17276654	17277157	32	521	0.0	923
XP_019175963.1	tr|U5D2A3|U5D2A3_AMBTC	64.812	719	241	6	21304438	21305154	29	737	0.0	923
XP_019175963.1	tr|A0A2G2WZU1|A0A2G2WZU1_CAPBA	84.758	538	77	3	17276621	17277157	1	534	0.0	923
XP_019175963.1	tr|A0A498HT53|A0A498HT53_MALDO	83.148	540	79	6	388606	389143	1	530	0.0	923
XP_019175963.1	tr|B3GGJ9|B3GGJ9_CONAR	91.731	520	43	0	7586568	7587087	1	520	0.0	922
XP_019175963.1	tr|A0A6P6AU60|A0A6P6AU60_DURZI	84.023	532	83	2	388617	389147	3	533	0.0	922
XP_019175963.1	tr|A0A199VCJ4|A0A199VCJ4_ANACO	69.505	646	187	4	21304516	21305154	91	733	0.0	922
XP_019175963.1	tr|A0A1U7V1H3|A0A1U7V1H3_NICSY	83.490	533	69	6	1973335	1973851	1	530	0.0	922
XP_019175963.1	tr|A0A5D2Z8S8|A0A5D2Z8S8_GOSMU	62.348	741	260	6	15222625	15223362	1	725	0.0	921
XP_019175963.1	tr|A0A2G3CNR9|A0A2G3CNR9_CAPCH	84.387	538	79	3	17276621	17277157	1	534	0.0	921
XP_019175963.1	tr|A0A6A4M007|A0A6A4M007_9ERIC	61.385	751	247	7	15222694	15223403	1	749	0.0	921
XP_019175963.1	tr|A0A1U8GKC8|A0A1U8GKC8_CAPAN	84.572	538	78	3	17276621	17277157	1	534	0.0	921
XP_019175963.1	tr|A0A2P5XHT4|A0A2P5XHT4_GOSBA	83.488	539	76	3	388617	389143	3	540	0.0	921
XP_019175963.1	tr|A0A3S4NMX3|A0A3S4NMX3_9MAGN	82.505	543	74	3	17276621	17277159	1	526	0.0	920
XP_019175963.1	tr|A0A0M3TBB3|A0A0M3TBB3_9ROSA	82.746	539	86	4	17276621	17277157	1	534	0.0	920
XP_019175963.1	tr|A0A5B6ZS20|A0A5B6ZS20_DAVIN	85.164	519	70	3	388628	389143	3	517	0.0	920
XP_019175963.1	tr|V4T255|V4T255_CITCL	82.900	538	74	5	17276621	17277157	1	521	0.0	920
XP_019175963.1	tr|A0A2C9WE20|A0A2C9WE20_MANES	83.054	537	80	3	17276625	17277157	2	531	0.0	920
XP_019175963.1	tr|A0A5N5GTP8|A0A5N5GTP8_9ROSA	82.746	539	86	4	17276621	17277157	1	534	0.0	919
XP_019175963.1	tr|O22407|O22407_PETCR	82.000	550	91	4	388605	389150	1	546	0.0	919
XP_019175963.1	tr|A0A328D530|A0A328D530_9ASTE	83.784	555	75	1	2050984	2051523	1	555	0.0	919
XP_019175963.1	tr|A0A6P6B5I5|A0A6P6B5I5_DURZI	83.333	534	86	2	388617	389147	3	536	0.0	918
XP_019175963.1	tr|A0A6I9RPR4|A0A6I9RPR4_ELAGV	73.782	595	153	2	21304560	21305154	2	593	0.0	918
XP_019175963.1	tr|M5XCR9|M5XCR9_PRUPE	82.320	543	88	4	17276619	17277157	65	603	0.0	918
XP_019175963.1	tr|B9RJN2|B9RJN2_RICCO	82.994	541	78	3	17276625	17277161	2	532	0.0	918
XP_019175963.1	tr|A0A2P5D9C6|A0A2P5D9C6_PARAD	81.768	543	83	4	388606	389141	1	534	0.0	917
XP_019175963.1	tr|A0A2R6RNL7|A0A2R6RNL7_ACTCC	83.364	541	80	5	388606	389143	1	534	0.0	917
XP_019175963.1	tr|A0A2P6PIR9|A0A2P6PIR9_ROSCH	81.734	542	86	6	17276621	17277157	1	534	0.0	917
XP_019175963.1	tr|A0A2C9U1Y8|A0A2C9U1Y8_MANES	82.625	541	79	4	17276627	17277157	4	539	0.0	917
XP_019175963.1	tr|M4FA19|M4FA19_BRARP	68.120	665	176	8	21304517	21305158	83	734	0.0	917
XP_019175963.1	tr|A0A6P3ZUU8|A0A6P3ZUU8_ZIZJJ	82.657	542	79	4	17276627	17277159	11	546	0.0	917
XP_019175963.1	tr|A0A540NNN4|A0A540NNN4_MALBA	82.560	539	87	4	17276621	17277157	1	534	0.0	916
XP_019175963.1	tr|A0A061GHU1|A0A061GHU1_THECC	63.585	703	241	4	15222623	15223324	58	746	0.0	916
XP_019175963.1	tr|A0A314LC12|A0A314LC12_NICAT	82.674	531	76	5	1973335	1973850	1	530	0.0	916
XP_019175963.1	tr|A0A2I0AIZ3|A0A2I0AIZ3_9ASPA	69.859	637	186	3	21304516	21305152	78	708	0.0	916
XP_019175963.1	tr|D3YIJ4|D3YIJ4_SOLTO	82.784	546	79	4	388606	389145	1	537	0.0	915
XP_019175963.1	tr|A0A6P5S2U4|A0A6P5S2U4_PRUAV	81.239	549	77	4	17276621	17277157	1	535	0.0	915
XP_019175963.1	tr|A0A6G1D8Y4|A0A6G1D8Y4_9ORYZ	48.977	929	416	8	15222505	15223403	1	901	0.0	915
XP_019175963.1	tr|A0A6B9ER69|A0A6B9ER69_IPOPU	99.123	456	4	0	25377674	25378129	2	457	0.0	915
XP_019175963.1	tr|Q30D02|Q30D02_FAGSY	82.117	548	85	5	388606	389149	1	539	0.0	915
XP_019175963.1	tr|A0A251RGU3|A0A251RGU3_PRUPE	82.440	541	87	4	17276621	17277157	1	537	0.0	915
XP_019175963.1	sp|A0A067XH53|AROG1_PETHY	83.673	539	78	4	17276621	17277157	1	531	0.0	915
XP_019175963.1	tr|A0A1U8DW71|A0A1U8DW71_CAPAN	84.496	516	74	3	1973338	1973849	3	516	0.0	914
XP_019175963.1	tr|A0A0A6Z9Z1|A0A0A6Z9Z1_HEVBR	82.593	540	79	4	17276625	17277154	2	536	0.0	914
XP_019175963.1	tr|A0A438FZL6|A0A438FZL6_VITVI	88.224	501	54	1	17276662	17277157	43	543	0.0	913
XP_019175963.1	tr|D0VBC5|D0VBC5_VITVI	88.224	501	54	1	17276662	17277157	43	543	0.0	913
XP_019175963.1	tr|A0A371FD57|A0A371FD57_MUCPR	82.495	537	90	2	17276621	17277157	1	533	0.0	913
XP_019175963.1	tr|A0A067L2E8|A0A067L2E8_JATCU	82.560	539	80	3	17276625	17277157	2	532	0.0	913
XP_019175963.1	tr|A0A1U8AY14|A0A1U8AY14_NELNU	84.261	521	68	4	388625	389143	23	531	0.0	913
XP_019175963.1	tr|A0A2H9ZZD1|A0A2H9ZZD1_9ASPA	50.806	931	416	11	15222498	15223404	107	1019	0.0	912
XP_019175963.1	tr|A0A6J5TVF4|A0A6J5TVF4_PRUAR	81.056	549	78	4	17276621	17277157	1	535	0.0	912
XP_019175963.1	tr|A0A498JAF2|A0A498JAF2_MALDO	81.434	544	90	5	388606	389147	1	535	0.0	912
XP_019175963.1	tr|A0A5C7H742|A0A5C7H742_9ROSI	85.800	500	64	1	17276655	17277154	25	517	0.0	912
XP_019175963.1	tr|F6H0X2|F6H0X2_VITVI	83.516	546	78	5	17276621	17277157	1	543	0.0	912
