XP_019175963.1	sp|O04385|IEMT_CLABR	70.652	368	106	2	27035220	27035585	1	368	2.52e-177	552
XP_019175963.1	tr|A0A2P6PYP3|A0A2P6PYP3_ROSCH	83.172	309	52	0	565576	565884	1	309	4.88e-173	537
XP_019175963.1	sp|B2WSN1|EGS1_PETHY	83.062	307	52	0	565577	565883	1	307	4.05e-170	529
XP_019175963.1	sp|B2WSN0|EGS2_CLABR	81.553	309	56	1	565577	565884	1	309	7.02e-166	517
XP_019175963.1	tr|B9RVQ8|B9RVQ8_RICCO	67.147	347	112	2	15797233	15797578	10	355	2.17e-159	500
XP_019175963.1	tr|B9SGP0|B9SGP0_RICCO	65.517	348	118	2	15797233	15797579	10	356	2.08e-153	483
XP_019175963.1	tr|B9SGP1|B9SGP1_RICCO	64.756	349	121	2	15797232	15797579	9	356	5.07e-153	482
XP_019175963.1	tr|A0A072V477|A0A072V477_MEDTR	75.649	308	75	0	565577	565884	1	308	8.53e-152	476
XP_019175963.1	tr|G7J743|G7J743_MEDTR	73.684	304	80	0	565581	565884	9	312	7.20e-149	468
XP_019175963.1	tr|A0A2P6PPB1|A0A2P6PPB1_ROSCH	71.845	309	86	1	565577	565884	1	309	2.63e-145	458
XP_019175963.1	tr|B9RW38|B9RW38_RICCO	61.625	357	131	5	5521616	5521971	1	352	3.62e-141	448
XP_019175963.1	tr|A0A2P6PYS0|A0A2P6PYS0_ROSCH	75.000	308	75	2	565579	565884	5	312	6.85e-141	445
XP_019175963.1	tr|A0A2P6SIU6|A0A2P6SIU6_ROSCH	58.924	353	136	2	10148896	10149248	19	362	7.41e-137	436
XP_019175963.1	tr|B9S932|B9S932_RICCO	57.465	355	147	3	15797228	15797579	6	359	8.57e-135	430
XP_019175963.1	tr|B9RW39|B9RW39_RICCO	58.028	355	143	5	5521618	5521971	2	351	5.04e-134	427
XP_019175963.1	tr|B9RVR3|B9RVR3_RICCO	56.980	351	151	0	15797229	15797579	7	357	1.66e-133	426
XP_019175963.1	tr|B9RVR4|B9RVR4_RICCO	56.695	351	152	0	15797229	15797579	22	372	2.79e-132	423
XP_019175963.1	tr|B9RVR6|B9RVR6_RICCO	56.410	351	152	1	15797229	15797579	7	356	2.74e-129	414
XP_019175963.1	tr|B9RVR5|B9RVR5_RICCO	58.074	353	143	3	15797232	15797579	10	362	2.22e-128	412
XP_019175963.1	tr|B9S931|B9S931_RICCO	52.909	361	160	6	3445469	3445827	7	359	2.64e-124	400
XP_019175963.1	tr|A0A2P6QQ71|A0A2P6QQ71_ROSCH	52.975	353	158	1	10148896	10149248	22	366	4.38e-124	399
XP_019175963.1	tr|B9SUX6|B9SUX6_RICCO	50.376	399	132	7	4919680	4920078	13	345	1.61e-115	374
XP_019175963.1	tr|B9RGB0|B9RGB0_RICCO	53.239	355	155	6	5521621	5521969	9	358	2.55e-115	374
XP_019175963.1	tr|G7IVJ4|G7IVJ4_MEDTR	54.574	317	143	1	23549484	23549800	1	316	2.56e-114	369
XP_019175963.1	tr|A0A2G9G1H8|A0A2G9G1H8_9LAMI	53.312	317	143	1	23549484	23549800	1	312	1.88e-113	367
XP_019175963.1	sp|Q93WU2|EOMT1_OCIBA	51.130	354	168	3	15797227	15797579	8	357	8.61e-112	364
XP_019175963.1	sp|D0VWT0|EGS1_CLABR	53.968	315	141	2	23549490	23549800	3	317	1.48e-111	362
XP_019175963.1	tr|B9SGP4|B9SGP4_RICCO	54.313	313	143	0	15796801	15797113	7	319	2.81e-110	358
XP_019175963.1	sp|Q93WU3|CVMT1_OCIBA	50.847	354	168	3	15797227	15797579	8	356	4.78e-110	359
XP_019175963.1	tr|A0A2G9GVK1|A0A2G9GVK1_9LAMI	52.050	317	147	1	23549484	23549800	1	312	9.45e-109	353
XP_019175963.1	tr|A0A4D6DKJ4|A0A4D6DKJ4_9LAMI	52.647	340	156	3	15797234	15797572	1	336	1.74e-108	353
XP_019175963.1	tr|G7IVK6|G7IVK6_MEDTR	52.366	317	150	1	23549484	23549800	1	316	3.53e-108	352
XP_019175963.1	tr|A0A4D6DKG7|A0A4D6DKG7_9LAMI	52.353	340	157	3	15797234	15797572	1	336	4.12e-108	352
XP_019175963.1	sp|Q15GI4|EGS1_OCIBA	52.698	315	144	1	23549486	23549800	5	314	5.84e-108	351
XP_019175963.1	tr|A0A4D6DKB7|A0A4D6DKB7_9LAMI	52.507	339	156	3	15797234	15797571	1	335	1.29e-107	351
XP_019175963.1	tr|A0A4D6DKK9|A0A4D6DKK9_9LAMI	52.507	339	156	3	15797234	15797571	1	335	2.01e-107	350
XP_019175963.1	tr|A0A4D6DKG3|A0A4D6DKG3_9LAMI	52.212	339	157	3	15797234	15797571	1	335	2.18e-107	350
XP_019175963.1	tr|A0A4D6DKU0|A0A4D6DKU0_9LAMI	52.212	339	157	3	15797234	15797571	1	335	5.65e-107	349
XP_019175963.1	tr|A0A4D6DKE5|A0A4D6DKE5_9LAMI	52.836	335	153	3	15797234	15797567	1	331	6.46e-107	349
XP_019175963.1	tr|A0A4D6DKA5|A0A4D6DKA5_9LAMI	52.212	339	157	3	15797234	15797571	1	335	1.50e-106	348
XP_019175963.1	tr|A0A4D6DKU7|A0A4D6DKU7_9LAMI	51.917	339	158	3	15797234	15797571	1	335	2.14e-106	347
XP_019175963.1	tr|A0A4D6DKF9|A0A4D6DKF9_9LAMI	49.851	335	164	3	15797234	15797567	1	332	5.76e-106	346
XP_019175963.1	tr|A0A4D6DKH0|A0A4D6DKH0_9LAMI	52.870	331	151	3	15797234	15797563	1	327	7.50e-106	346
XP_019175963.1	tr|A0A4D6DKF2|A0A4D6DKF2_9LAMI	50.882	340	161	3	15797234	15797572	1	335	8.76e-106	345
XP_019175963.1	tr|A0A4D6DK86|A0A4D6DK86_9LAMI	50.882	340	161	3	15797234	15797572	1	335	8.93e-106	345
XP_019175963.1	tr|A0A4D6DKC7|A0A4D6DKC7_9LAMI	52.870	331	151	3	15797234	15797563	1	327	1.28e-105	345
XP_019175963.1	tr|A0A4D6DKT6|A0A4D6DKT6_OCIBA	50.882	340	161	3	15797234	15797572	1	335	1.93e-105	345
XP_019175963.1	tr|A0A4D6DKD2|A0A4D6DKD2_OCIBA	50.588	340	162	3	15797234	15797572	1	335	3.10e-105	344
XP_019175963.1	tr|A0A4D6DKA6|A0A4D6DKA6_9LAMI	52.568	331	152	3	15797234	15797563	1	327	4.37e-105	343
XP_019175963.1	tr|A0A4D6DKJ1|A0A4D6DKJ1_9LAMI	51.964	331	154	3	15797234	15797563	1	327	4.50e-105	343
XP_019175963.1	tr|A0A4D6DKA0|A0A4D6DKA0_9LAMI	51.622	339	159	3	15797234	15797571	1	335	5.59e-105	343
XP_019175963.1	tr|A0A4D6DK91|A0A4D6DK91_9LAMI	50.440	341	158	4	15797234	15797572	1	332	4.55e-104	340
XP_019175963.1	tr|A0A4D6DKB1|A0A4D6DKB1_9LAMI	50.733	341	161	4	15797234	15797572	1	336	9.05e-104	340
XP_019175963.1	tr|A0A4D6DKH4|A0A4D6DKH4_9LAMI	50.453	331	159	3	15797234	15797563	1	327	6.80e-103	337
XP_019175963.1	tr|A0A4D6DKB6|A0A4D6DKB6_9LAMI	50.294	340	164	3	15797234	15797572	1	336	1.36e-102	337
XP_019175963.1	tr|A0A4D6DKK0|A0A4D6DKK0_9LAMI	51.534	326	153	3	15797234	15797558	1	322	3.32e-102	335
XP_019175963.1	tr|A0A4D6DKD9|A0A4D6DKD9_9LAMI	52.351	319	147	3	15797254	15797571	1	315	2.55e-98	323
XP_019175963.1	tr|B9TKY3|B9TKY3_RICCO	68.500	200	61	2	15796101	15796299	29	227	1.06e-87	289
XP_019175963.1	tr|A0A2P6PYQ4|A0A2P6PYQ4_ROSCH	61.753	251	69	3	565579	565828	5	229	1.58e-87	289
XP_019175963.1	sp|A8QW52|OMT1_SORBI	41.737	357	201	4	12327714	12328063	20	376	3.10e-86	291
XP_019175963.1	tr|A0A396IJI8|A0A396IJI8_MEDTR	54.245	212	96	1	23549589	23549800	12	222	5.31e-71	241
XP_019175963.1	tr|B9RVR2|B9RVR2_RICCO	61.585	164	62	1	15796805	15796968	10	172	4.66e-62	213
XP_019175963.1	tr|B9SGP3|B9SGP3_RICCO	61.739	115	44	0	15796805	15796919	10	124	6.27e-43	157
XP_019175963.1	tr|B9SGP2|B9SGP2_RICCO	57.600	125	53	0	15796804	15796928	7	131	9.54e-42	154
XP_019175963.1	tr|A0A396GKB8|A0A396GKB8_MEDTR	48.872	133	59	2	10148897	10149025	6	133	3.86e-33	129
XP_019175963.1	tr|B9T9S0|B9T9S0_RICCO	42.857	133	43	2	4919946	4920078	11	110	3.23e-25	105
XP_019175963.1	tr|B9RVQ9|B9RVQ9_RICCO	54.737	95	41	1	15797487	15797579	11	105	1.34e-24	103
XP_019175963.1	tr|A0A396JW13|A0A396JW13_MEDTR	51.389	72	32	2	12327977	12328047	20	89	5.37e-14	73.6
