XP_019175963.1	tr|A0A1R3KD90|A0A1R3KD90_9ROSI	61.596	802	281	10	24924078	24924858	1	796	0.0	1041
XP_019175963.1	tr|A0A6P6AYJ3|A0A6P6AYJ3_DURZI	62.437	788	277	9	24923199	24923972	36	818	0.0	1038
XP_019175963.1	tr|A0A061DRP6|A0A061DRP6_THECC	62.000	800	279	9	24924076	24924858	28	819	0.0	1038
XP_019175963.1	tr|A0A6J1A3D9|A0A6J1A3D9_9ROSI	60.386	828	296	11	24924048	24924858	8	820	0.0	1033
XP_019175963.1	tr|A0A6P6A408|A0A6P6A408_DURZI	61.958	807	270	10	24924077	24924858	26	820	0.0	1029
XP_019175963.1	tr|A0A6P5XJQ6|A0A6P5XJQ6_DURZI	61.290	806	285	12	24924069	24924858	35	829	0.0	1012
XP_019175963.1	tr|A0A6A2ZK67|A0A6A2ZK67_HIBSY	59.901	808	290	10	24924069	24924858	21	812	0.0	1010
XP_019175963.1	tr|A0A5D2EL01|A0A5D2EL01_GOSDA	60.599	802	289	12	24924076	24924858	27	820	0.0	1009
XP_019175963.1	tr|A0A5J5TRU2|A0A5J5TRU2_GOSBA	60.599	802	289	12	24924076	24924858	27	820	0.0	1009
XP_019175963.1	tr|A0A0B0MLW2|A0A0B0MLW2_GOSAR	60.599	802	289	12	24924076	24924858	27	820	0.0	1009
XP_019175963.1	tr|A0A6P4PFN7|A0A6P4PFN7_GOSAR	60.599	802	289	12	24924076	24924858	27	820	0.0	1009
XP_019175963.1	tr|A0A1U8L252|A0A1U8L252_GOSHI	60.599	802	289	12	24924076	24924858	27	820	0.0	1008
XP_019175963.1	tr|A0A5D2NAU5|A0A5D2NAU5_GOSTO	60.474	802	290	12	24924076	24924858	27	820	0.0	1007
XP_019175963.1	tr|A0A2P5YB68|A0A2P5YB68_GOSBA	59.291	818	312	10	24924057	24924858	23	835	0.0	1007
XP_019175963.1	tr|A0A0D2SCU6|A0A0D2SCU6_GOSRA	60.424	801	292	12	24924076	24924858	27	820	0.0	1006
XP_019175963.1	tr|A0A5D2AKU9|A0A5D2AKU9_GOSDA	60.549	801	291	12	24924076	24924858	27	820	0.0	1005
XP_019175963.1	tr|A0A5D2IMT8|A0A5D2IMT8_GOSTO	60.549	801	291	12	24924076	24924858	27	820	0.0	1005
XP_019175963.1	tr|A0A5J5PBE5|A0A5J5PBE5_GOSBA	60.549	801	291	12	24924076	24924858	27	820	0.0	1005
XP_019175963.1	tr|A0A0F6P1E0|A0A0F6P1E0_GOSHI	60.349	802	291	12	24924076	24924858	27	820	0.0	1005
XP_019175963.1	tr|A0A2P5VNL3|A0A2P5VNL3_GOSBA	59.696	789	300	10	24924084	24924858	36	820	0.0	1005
XP_019175963.1	tr|A0A1U8K0S2|A0A1U8K0S2_GOSHI	60.549	801	291	12	24924076	24924858	27	820	0.0	1004
XP_019175963.1	tr|A0A5D2SRA1|A0A5D2SRA1_GOSMU	60.424	801	292	12	24924076	24924858	27	820	0.0	1004
XP_019175963.1	tr|A0A0D2RVD7|A0A0D2RVD7_GOSRA	59.153	803	288	12	24924084	24924858	36	826	0.0	1003
XP_019175963.1	tr|A0A0D2TEJ4|A0A0D2TEJ4_GOSRA	60.606	792	290	11	24924085	24924858	38	825	0.0	1003
XP_019175963.1	tr|A0A6P4NY08|A0A6P4NY08_GOSAR	58.949	799	295	11	24924084	24924858	33	822	0.0	999
XP_019175963.1	tr|A0A5J5UM44|A0A5J5UM44_GOSBA	58.949	799	295	11	24924084	24924858	32	821	0.0	998
XP_019175963.1	tr|A0A5B6W1C0|A0A5B6W1C0_9ROSI	58.625	829	290	13	24924076	24924858	27	848	0.0	997
XP_019175963.1	tr|A0A1U8JKU5|A0A1U8JKU5_GOSHI	59.466	787	298	9	24924090	24924858	267	1050	0.0	997
XP_019175963.1	tr|A0A5D2JSC8|A0A5D2JSC8_GOSTO	58.531	803	302	11	24924084	24924858	33	832	0.0	995
XP_019175963.1	tr|A0A5D2TSY5|A0A5D2TSY5_GOSMU	58.971	797	293	12	24924084	24924858	36	820	0.0	991
XP_019175963.1	tr|A0A5J5QAP1|A0A5J5QAP1_GOSBA	57.230	823	301	11	24924084	24924858	33	852	0.0	989
XP_019175963.1	tr|A0A0D2QU00|A0A0D2QU00_GOSRA	58.625	800	291	12	24924084	24924858	36	820	0.0	988
XP_019175963.1	tr|A0A5D2FHC5|A0A5D2FHC5_GOSDA	57.439	820	295	12	24924084	24924858	32	842	0.0	986
XP_019175963.1	tr|A0A5D2BHS4|A0A5D2BHS4_GOSDA	57.108	823	302	11	24924084	24924858	33	852	0.0	983
XP_019175963.1	tr|A0A6A2YFA9|A0A6A2YFA9_HIBSY	60.705	766	279	9	24924110	24924857	31	792	0.0	977
XP_019175963.1	tr|A0A6A2WL80|A0A6A2WL80_HIBSY	57.050	766	262	8	24924102	24924858	45	752	0.0	924
XP_019175963.1	tr|A0A5D2PBY4|A0A5D2PBY4_GOSTO	55.820	799	290	13	24924084	24924858	32	791	0.0	922
XP_019175963.1	tr|A0A061FB72|A0A061FB72_THECC	61.104	743	285	3	25014248	25014987	39	780	0.0	919
XP_019175963.1	tr|A0A6P5Y2X1|A0A6P5Y2X1_DURZI	60.887	744	287	3	25014247	25014987	42	784	0.0	915
XP_019175963.1	tr|A0A5B6VQ16|A0A5B6VQ16_9ROSI	54.258	822	310	14	24924061	24924858	5	784	0.0	912
XP_019175963.1	tr|A0A6J1BJJ9|A0A6J1BJJ9_9ROSI	57.921	789	325	4	25014205	25014987	12	799	0.0	912
XP_019175963.1	tr|A0A6J1BMG1|A0A6J1BMG1_9ROSI	60.431	743	290	3	25014248	25014987	25	766	0.0	910
XP_019175963.1	tr|A0A0F6P1F4|A0A0F6P1F4_GOSHI	59.274	744	297	3	25014247	25014987	35	775	0.0	909
XP_019175963.1	tr|A0A6J1BJ26|A0A6J1BJ26_9ROSI	60.431	743	290	3	25014248	25014987	39	780	0.0	909
XP_019175963.1	tr|A0A0D2NL89|A0A0D2NL89_GOSRA	59.140	744	298	3	25014247	25014987	35	775	0.0	906
XP_019175963.1	tr|A0A5D3AFA5|A0A5D3AFA5_GOSMU	57.623	774	317	5	25014220	25014987	7	775	0.0	904
XP_019175963.1	tr|A0A5J5SM30|A0A5J5SM30_GOSBA	59.140	744	298	3	25014247	25014987	35	775	0.0	904
XP_019175963.1	tr|A0A5D2DNV7|A0A5D2DNV7_GOSDA	59.140	744	298	3	25014247	25014987	35	775	0.0	904
XP_019175963.1	tr|A0A5D2HL30|A0A5D2HL30_GOSDA	57.494	774	318	5	25014220	25014987	7	775	0.0	902
XP_019175963.1	tr|A0A5D2W609|A0A5D2W609_GOSMU	59.005	744	299	3	25014247	25014987	35	775	0.0	902
XP_019175963.1	tr|A0A5J5WY97|A0A5J5WY97_GOSBA	57.494	774	318	5	25014220	25014987	7	775	0.0	902
XP_019175963.1	tr|A0A5D2M7V5|A0A5D2M7V5_GOSTO	59.005	744	299	3	25014247	25014987	35	775	0.0	902
XP_019175963.1	tr|A0A2P5YL47|A0A2P5YL47_GOSBA	57.494	774	318	5	25014220	25014987	7	775	0.0	902
XP_019175963.1	tr|A0A5J5SP36|A0A5J5SP36_GOSBA	59.140	744	297	4	25014247	25014987	35	774	0.0	901
XP_019175963.1	tr|A0A6P4NJJ4|A0A6P4NJJ4_GOSAR	57.364	774	319	5	25014220	25014987	7	775	0.0	900
XP_019175963.1	tr|A0A5D2RT53|A0A5D2RT53_GOSTO	57.364	774	319	5	25014220	25014987	7	775	0.0	900
XP_019175963.1	tr|A0A1U8KVQ8|A0A1U8KVQ8_GOSHI	58.871	744	300	3	25014247	25014987	35	775	0.0	899
XP_019175963.1	tr|A0A0D2P8N6|A0A0D2P8N6_GOSRA	60.231	694	249	8	24923297	24923972	13	697	0.0	899
XP_019175963.1	tr|A0A1R3JZA1|A0A1R3JZA1_COCAP	60.982	733	282	3	25014258	25014987	1	732	0.0	898
XP_019175963.1	tr|A0A6P4Q6U7|A0A6P4Q6U7_GOSAR	57.364	774	318	6	25014220	25014987	7	774	0.0	897
XP_019175963.1	tr|A0A1U8KZL8|A0A1U8KZL8_GOSHI	58.871	744	299	4	25014247	25014987	35	774	0.0	895
XP_019175963.1	tr|A0A1R3I5L9|A0A1R3I5L9_9ROSI	60.982	733	282	3	25014258	25014987	1	732	0.0	895
XP_019175963.1	tr|A0A0B0NPR1|A0A0B0NPR1_GOSAR	59.072	733	294	3	25014258	25014987	1	730	0.0	887
XP_019175963.1	tr|A0A0D2MVC3|A0A0D2MVC3_GOSRA	59.684	697	242	10	24923297	24923972	13	691	0.0	884
XP_019175963.1	tr|A0A5D2HLR1|A0A5D2HLR1_GOSDA	56.589	774	309	6	25014220	25014987	7	759	0.0	880
XP_019175963.1	tr|A0A2P5YCV9|A0A2P5YCV9_GOSBA	51.237	849	277	15	24924084	24924858	32	817	0.0	861
XP_019175963.1	tr|A0A1U8I4V5|A0A1U8I4V5_GOSHI	64.538	595	204	4	24924084	24924671	35	629	0.0	855
XP_019175963.1	tr|A0A1U8KGL4|A0A1U8KGL4_GOSHI	54.651	774	302	6	25014220	25014987	7	737	0.0	842
XP_019175963.1	tr|A0A6J1B7I3|A0A6J1B7I3_9ROSI	50.288	869	385	13	6447416	6448276	4	833	0.0	842
XP_019175963.1	tr|A0A6P6BJR6|A0A6P6BJR6_DURZI	51.990	829	368	10	6447420	6448243	8	811	0.0	839
XP_019175963.1	tr|A0A061GFZ6|A0A061GFZ6_THECC	52.357	806	351	12	6447416	6448212	4	785	0.0	828
XP_019175963.1	tr|A0A061GEP1|A0A061GEP1_THECC	52.828	778	345	10	6447420	6448189	8	771	0.0	811
XP_019175963.1	tr|A0A6P5WKF2|A0A6P5WKF2_DURZI	52.252	777	350	9	6447417	6448188	5	765	0.0	807
XP_019175963.1	tr|A0A1R3I1N0|A0A1R3I1N0_COCAP	50.119	840	387	14	6447415	6448245	954	1770	0.0	799
XP_019175963.1	tr|A0A061GGQ0|A0A061GGQ0_THECC	51.928	778	353	9	6447420	6448189	8	772	0.0	799
XP_019175963.1	tr|A0A6P5X9V3|A0A6P5X9V3_DURZI	51.154	780	357	10	6447420	6448192	8	770	0.0	795
XP_019175963.1	tr|A0A6J1B6G5|A0A6J1B6G5_9ROSI	51.671	778	354	10	6447420	6448189	8	771	0.0	791
XP_019175963.1	tr|A0A6A3AVR3|A0A6A3AVR3_HIBSY	51.151	782	361	9	6447415	6448190	4	770	0.0	790
XP_019175963.1	tr|A0A5D2X6M0|A0A5D2X6M0_GOSMU	61.564	614	219	8	24923371	24923972	1	609	0.0	786
XP_019175963.1	tr|A0A0D2S2T8|A0A0D2S2T8_GOSRA	47.847	836	405	10	6447420	6448245	8	822	0.0	783
XP_019175963.1	tr|A0A5D2CJC6|A0A5D2CJC6_GOSDA	49.191	803	377	10	6447420	6448212	8	789	0.0	779
XP_019175963.1	tr|A0A6P4P8H3|A0A6P4P8H3_GOSAR	58.589	652	264	3	25014339	25014987	1	649	0.0	778
XP_019175963.1	tr|A0A5D2UWM5|A0A5D2UWM5_GOSMU	49.066	803	378	10	6447420	6448212	8	789	0.0	777
XP_019175963.1	tr|A0A1U8L0G2|A0A1U8L0G2_GOSHI	58.742	652	263	3	25014339	25014987	1	649	0.0	777
XP_019175963.1	tr|A0A5D2GIF0|A0A5D2GIF0_GOSDA	48.715	817	389	10	6447420	6448215	8	815	0.0	777
XP_019175963.1	tr|A0A5J5RJ25|A0A5J5RJ25_GOSBA	49.066	803	378	10	6447420	6448212	8	789	0.0	777
XP_019175963.1	tr|A0A5D2QGY5|A0A5D2QGY5_GOSTO	48.715	817	389	10	6447420	6448215	8	815	0.0	777
XP_019175963.1	tr|A0A2I4U6U0|A0A2I4U6U0_GOSHI	47.488	836	408	10	6447420	6448245	8	822	0.0	776
XP_019175963.1	tr|A0A2P5X3K2|A0A2P5X3K2_GOSBA	50.000	782	371	9	6447420	6448190	8	780	0.0	776
XP_019175963.1	tr|A0A1U8KDY5|A0A1U8KDY5_GOSHI	50.000	782	371	9	6447420	6448190	8	780	0.0	776
XP_019175963.1	tr|A0A5D2KW13|A0A5D2KW13_GOSTO	48.941	803	379	10	6447420	6448212	8	789	0.0	775
XP_019175963.1	tr|A0A5J5VPM2|A0A5J5VPM2_GOSBA	48.715	817	389	10	6447420	6448215	8	815	0.0	773
XP_019175963.1	tr|A0A5D2Y6G2|A0A5D2Y6G2_GOSMU	59.194	620	226	8	24923371	24923972	1	611	0.0	773
XP_019175963.1	tr|A0A6J1B685|A0A6J1B685_9ROSI	51.862	752	341	9	6446528	6447271	8	746	0.0	771
XP_019175963.1	tr|A0A5D2QH00|A0A5D2QH00_GOSTO	49.296	781	372	10	6447415	6448189	4	766	0.0	763
XP_019175963.1	tr|A0A5D2GIF6|A0A5D2GIF6_GOSDA	49.296	781	372	10	6447415	6448189	4	766	0.0	762
XP_019175963.1	tr|A0A5D2Z9I0|A0A5D2Z9I0_GOSMU	49.168	781	373	10	6447415	6448189	4	766	0.0	761
XP_019175963.1	tr|A0A5J5VSL3|A0A5J5VSL3_GOSBA	49.296	781	372	10	6447415	6448189	4	766	0.0	761
XP_019175963.1	tr|A0A5D2Z786|A0A5D2Z786_GOSMU	48.225	817	387	11	6447420	6448215	8	809	0.0	760
XP_019175963.1	tr|A0A6P4MDV3|A0A6P4MDV3_GOSAR	49.040	781	374	10	6447415	6448189	4	766	0.0	760
XP_019175963.1	tr|A0A1U8K7B2|A0A1U8K7B2_GOSHI	49.296	781	372	10	6447415	6448189	4	766	0.0	759
XP_019175963.1	tr|A0A2I4U4A7|A0A2I4U4A7_GOSHI	49.168	781	373	10	6447415	6448189	6	768	0.0	759
XP_019175963.1	tr|A0A5D2UWD7|A0A5D2UWD7_GOSMU	48.656	781	377	10	6447415	6448189	6	768	0.0	756
XP_019175963.1	tr|A0A5J5RE67|A0A5J5RE67_GOSBA	48.528	781	378	10	6447415	6448189	6	768	0.0	754
XP_019175963.1	tr|A0A5D2KWI5|A0A5D2KWI5_GOSTO	48.528	781	378	10	6447415	6448189	6	768	0.0	754
XP_019175963.1	tr|A0A0D2QHU6|A0A0D2QHU6_GOSRA	48.399	781	379	10	6447415	6448189	6	768	0.0	753
XP_019175963.1	tr|A0A5J5REK4|A0A5J5REK4_GOSBA	48.465	782	378	11	6447415	6448189	6	769	0.0	750
XP_019175963.1	tr|A0A1R3H3Z1|A0A1R3H3Z1_9ROSI	49.241	790	343	12	6447415	6448200	4	739	0.0	745
XP_019175963.1	tr|A0A1R3H441|A0A1R3H441_9ROSI	46.891	804	366	13	6447415	6448209	3	754	0.0	697
XP_019175963.1	tr|A0A2P5X3M1|A0A2P5X3M1_GOSBA	45.583	781	360	11	6447415	6448189	4	725	0.0	685
XP_019175963.1	tr|A0A1R3I6K1|A0A1R3I6K1_COCAP	61.836	621	178	19	2185709	2186303	540	1127	0.0	670
XP_019175963.1	tr|A0A5D2Y628|A0A5D2Y628_GOSMU	67.308	416	135	1	24923371	24923785	1	416	0.0	628
XP_019175963.1	tr|A0A061GFI8|A0A061GFI8_THECC	52.138	608	276	9	6447420	6448019	8	608	0.0	623
XP_019175963.1	tr|A0A061F5L3|A0A061F5L3_THECC	52.973	555	258	2	22159551	22160105	14	565	0.0	620
XP_019175963.1	tr|A0A5D2CGW5|A0A5D2CGW5_GOSDA	53.136	574	253	6	6446704	6447271	4	567	0.0	613
XP_019175963.1	tr|A0A5J5REZ3|A0A5J5REZ3_GOSBA	52.962	574	254	6	6446704	6447271	4	567	0.0	612
XP_019175963.1	tr|A0A5D2CHE9|A0A5D2CHE9_GOSDA	51.424	597	265	6	6446705	6447294	6	584	0.0	611
XP_019175963.1	tr|A0A5B6VDQ4|A0A5B6VDQ4_9ROSI	57.824	524	217	2	25014242	25014764	13	533	0.0	610
XP_019175963.1	tr|A0A6P5XDF4|A0A6P5XDF4_DURZI	50.573	611	284	6	3764776	3765378	1	601	0.0	607
XP_019175963.1	tr|A0A0D2QB55|A0A0D2QB55_GOSRA	58.108	518	213	2	25014247	25014763	35	549	0.0	607
XP_019175963.1	tr|A0A5J5WUX2|A0A5J5WUX2_GOSBA	56.022	548	232	4	25014220	25014763	7	549	0.0	606
XP_019175963.1	tr|A0A5D2DNV8|A0A5D2DNV8_GOSDA	58.108	518	213	2	25014247	25014763	35	549	0.0	605
XP_019175963.1	tr|A0A5J5SSN0|A0A5J5SSN0_GOSBA	58.108	518	213	2	25014247	25014763	35	549	0.0	605
XP_019175963.1	tr|A0A5D2W5P0|A0A5D2W5P0_GOSMU	57.915	518	214	2	25014247	25014763	35	549	0.0	603
XP_019175963.1	tr|A0A5D2M7P2|A0A5D2M7P2_GOSTO	57.915	518	214	2	25014247	25014763	35	549	0.0	603
XP_019175963.1	tr|A0A6P5ZM37|A0A6P5ZM37_DURZI	52.670	543	249	4	21673845	21674384	21	558	0.0	602
XP_019175963.1	tr|A0A5J5SMQ7|A0A5J5SMQ7_GOSBA	58.108	518	212	3	25014247	25014763	35	548	0.0	602
XP_019175963.1	tr|A0A6P5X9I0|A0A6P5X9I0_DURZI	50.168	596	279	9	15471501	15472092	1	582	0.0	601
XP_019175963.1	tr|A0A061EWE1|A0A061EWE1_THECC	54.083	551	246	5	21671519	21672069	12	555	0.0	597
XP_019175963.1	tr|A0A5D3AE27|A0A5D3AE27_GOSMU	54.228	544	241	5	21673843	21674384	7	544	0.0	590
XP_019175963.1	tr|A0A0B0MPP6|A0A0B0MPP6_GOSAR	54.228	544	241	5	21673843	21674384	7	544	0.0	590
XP_019175963.1	tr|A0A5J5WV20|A0A5J5WV20_GOSBA	54.044	544	242	5	21673843	21674384	7	544	0.0	589
XP_019175963.1	tr|A0A5D2HJ70|A0A5D2HJ70_GOSDA	54.044	544	242	5	21673843	21674384	7	544	0.0	589
XP_019175963.1	tr|K7PRF2|K7PRF2_GOSHI	54.044	544	242	5	21673843	21674384	7	544	0.0	589
XP_019175963.1	tr|A0A061F728|A0A061F728_THECC	54.613	542	235	7	22152820	22153358	22	555	0.0	589
XP_019175963.1	tr|A0A1U8KGL3|A0A1U8KGL3_GOSHI	53.860	544	243	5	21673843	21674384	7	544	0.0	588
XP_019175963.1	tr|A0A5D2RN75|A0A5D2RN75_GOSTO	53.860	544	243	5	21673843	21674384	7	544	0.0	588
XP_019175963.1	tr|A0A5B6V3C9|A0A5B6V3C9_9ROSI	52.548	569	258	9	15471531	15472092	38	601	0.0	587
XP_019175963.1	tr|A0A0D2V4U8|A0A0D2V4U8_GOSRA	52.014	571	261	8	15472185	15472748	38	602	0.0	587
XP_019175963.1	tr|A0A1U8MPZ7|A0A1U8MPZ7_GOSHI	54.596	544	239	6	21673843	21674384	7	544	0.0	586
XP_019175963.1	tr|A0A6J1ALH5|A0A6J1ALH5_9ROSI	52.277	549	250	4	21673842	21674384	19	561	0.0	586
XP_019175963.1	tr|A0A6J1ALF3|A0A6J1ALF3_9ROSI	53.028	545	241	6	22159561	22160105	23	552	0.0	586
XP_019175963.1	tr|A0A5D2VEY7|A0A5D2VEY7_GOSMU	52.373	569	260	8	15471531	15472092	38	602	0.0	586
XP_019175963.1	tr|A0A1U8NJ93|A0A1U8NJ93_GOSHI	52.724	569	257	9	15471531	15472092	38	601	0.0	585
XP_019175963.1	tr|A0A5D2XTA6|A0A5D2XTA6_GOSMU	52.680	541	247	4	2040206	2040739	52	590	0.0	585
XP_019175963.1	tr|A0A5D2ZQP5|A0A5D2ZQP5_GOSMU	52.548	569	258	8	15471531	15472092	38	601	0.0	585
XP_019175963.1	tr|A0A1U8ISG1|A0A1U8ISG1_GOSHI	52.548	569	259	8	15471531	15472092	38	602	0.0	585
XP_019175963.1	tr|A0A0A7DNP0|A0A0A7DNP0_GOSHI	52.680	541	247	4	2040206	2040739	52	590	0.0	585
XP_019175963.1	tr|A0A6A2ZME0|A0A6A2ZME0_HIBSY	53.407	543	242	7	15471556	15472092	57	594	0.0	585
XP_019175963.1	tr|A0A5D2GY12|A0A5D2GY12_GOSDA	52.548	569	258	8	15471531	15472092	38	601	0.0	585
XP_019175963.1	tr|A0A5J5W5B2|A0A5J5W5B2_GOSBA	52.548	569	258	8	15471531	15472092	38	601	0.0	585
XP_019175963.1	tr|A0A061DIG8|A0A061DIG8_THECC	51.277	548	260	4	2040197	2040740	43	587	0.0	585
XP_019175963.1	tr|A0A6P4MVN1|A0A6P4MVN1_GOSAR	52.281	570	260	8	15472185	15472748	38	601	0.0	584
XP_019175963.1	tr|A0A6J1BD34|A0A6J1BD34_9ROSI	53.986	552	245	6	21671519	21672069	12	555	0.0	584
XP_019175963.1	tr|A0A5D2QY41|A0A5D2QY41_GOSTO	52.373	569	259	9	15471531	15472092	38	601	0.0	583
XP_019175963.1	tr|A0A5B6VEC6|A0A5B6VEC6_9ROSI	54.228	544	241	5	21673843	21674384	7	544	0.0	583
XP_019175963.1	tr|A0A061F7K5|A0A061F7K5_THECC	54.059	542	238	5	21671529	21672069	184	715	0.0	582
XP_019175963.1	tr|A0A5D2NZJ9|A0A5D2NZJ9_GOSTO	52.495	541	248	4	2040206	2040739	52	590	0.0	582
XP_019175963.1	tr|A0A6P5YKR6|A0A6P5YKR6_DURZI	54.151	530	233	5	2040206	2040729	55	580	0.0	581
XP_019175963.1	tr|A0A6J0ZIX7|A0A6J0ZIX7_9ROSI	51.941	541	249	5	2040206	2040740	52	587	0.0	581
XP_019175963.1	tr|A0A5D2LFZ2|A0A5D2LFZ2_GOSTO	52.021	569	263	7	15472185	15472748	38	601	0.0	580
XP_019175963.1	tr|A0A5D2VF03|A0A5D2VF03_GOSMU	51.845	569	264	7	15472185	15472748	38	601	0.0	580
XP_019175963.1	tr|A0A1R3IM52|A0A1R3IM52_9ROSI	52.390	544	246	6	2040206	2040739	22	562	0.0	580
XP_019175963.1	tr|A0A1U8I314|A0A1U8I314_GOSHI	52.495	541	248	4	2040206	2040739	52	590	0.0	580
XP_019175963.1	tr|A0A2P5YMQ3|A0A2P5YMQ3_GOSBA	52.680	541	247	4	2040206	2040739	111	649	0.0	580
XP_019175963.1	tr|A0A5J5UDA8|A0A5J5UDA8_GOSBA	52.311	541	249	4	2040206	2040739	52	590	0.0	579
XP_019175963.1	tr|A0A061G5X5|A0A061G5X5_THECC	51.756	541	252	5	2040205	2040740	51	587	0.0	579
XP_019175963.1	tr|A0A6P5Y265|A0A6P5Y265_DURZI	52.583	542	251	5	21673844	21674384	21	557	0.0	578
XP_019175963.1	tr|A0A2P5YXD8|A0A2P5YXD8_GOSBA	54.461	538	237	6	22152818	22153353	7	538	0.0	578
XP_019175963.1	tr|A0A6P5Y2B2|A0A6P5Y2B2_DURZI	51.667	540	254	4	21673845	21674384	22	554	0.0	576
XP_019175963.1	tr|A0A5D2W4W0|A0A5D2W4W0_GOSMU	53.493	544	245	6	21673843	21674384	7	544	0.0	576
XP_019175963.1	sp|B9S9Z3|TPS1_RICCO	50.814	553	263	4	21673834	21674384	12	557	0.0	576
XP_019175963.1	tr|A0A061F5L8|A0A061F5L8_THECC	52.110	545	246	6	22159561	22160105	23	552	0.0	575
XP_019175963.1	tr|A0A0D2Q9J4|A0A0D2Q9J4_GOSRA	54.851	536	234	6	22152818	22153351	7	536	0.0	574
XP_019175963.1	tr|A0A6P5WQG7|A0A6P5WQG7_DURZI	52.963	540	247	4	21673845	21674384	23	555	1.25e-180	575
XP_019175963.1	tr|A0A6P5WPL1|A0A6P5WPL1_DURZI	54.059	542	240	7	22152820	22153358	22	557	1.28e-180	574
XP_019175963.1	tr|A0A5C7J2X2|A0A5C7J2X2_GOSTO	51.376	545	253	3	22159561	22160105	23	555	1.74e-180	574
XP_019175963.1	tr|A0A1R3GCU4|A0A1R3GCU4_COCAP	52.126	541	246	5	1838254	1838786	59	594	2.34e-180	575
XP_019175963.1	tr|A0A1U8LAX9|A0A1U8LAX9_GOSHI	51.193	545	254	3	22159561	22160105	23	555	2.74e-180	573
XP_019175963.1	tr|A0A5D3AIN0|A0A5D3AIN0_GOSMU	51.376	545	253	3	22159561	22160105	23	555	3.36e-180	573
XP_019175963.1	tr|A0A5D2HPP4|A0A5D2HPP4_GOSDA	51.376	545	253	3	22159561	22160105	23	555	3.36e-180	573
XP_019175963.1	tr|A0A6A3ATB9|A0A6A3ATB9_HIBSY	53.788	528	230	5	6446749	6447272	1	518	1.33e-179	570
XP_019175963.1	tr|A0A1R3GCY9|A0A1R3GCY9_COCAP	53.223	543	241	6	2040206	2040739	407	945	1.40e-179	587
XP_019175963.1	tr|A0A6A2ZZT3|A0A6A2ZZT3_HIBSY	52.680	541	249	6	15471556	15472092	56	593	1.65e-179	573
XP_019175963.1	tr|A0A6P5WR04|A0A6P5WR04_DURZI	54.244	542	239	7	22152820	22153358	22	557	2.01e-179	571
XP_019175963.1	tr|A0A061F7I6|A0A061F7I6_THECC	51.743	545	248	6	22159561	22160105	23	552	2.10e-179	571
XP_019175963.1	tr|A0A6A2ZD11|A0A6A2ZD11_HIBSY	50.835	539	261	2	2040205	2040740	49	586	2.23e-179	572
XP_019175963.1	tr|A0A0D2S2F9|A0A0D2S2F9_GOSRA	51.670	569	265	7	15472185	15472748	38	601	2.25e-179	573
XP_019175963.1	tr|A0A6P4MNV5|A0A6P4MNV5_GOSAR	51.287	544	253	4	22159561	22160104	23	554	2.42e-179	571
XP_019175963.1	tr|A0A1U8LAX5|A0A1U8LAX5_GOSHI	51.471	544	252	4	22159561	22160104	23	554	3.02e-179	570
XP_019175963.1	tr|A0A2P5Y8W0|A0A2P5Y8W0_GOSBA	51.193	545	254	3	22159561	22160105	23	555	3.74e-179	570
XP_019175963.1	tr|A0A5D2RYB1|A0A5D2RYB1_GOSTO	51.471	544	252	4	22159561	22160104	23	554	4.32e-179	570
XP_019175963.1	tr|A0A5D2JCM9|A0A5D2JCM9_GOSTO	51.560	545	247	5	2040206	2040739	52	590	5.41e-179	571
XP_019175963.1	tr|A0A5D3AG43|A0A5D3AG43_GOSMU	51.471	544	252	4	22159561	22160104	23	554	6.23e-179	570
XP_019175963.1	tr|A0A5J5Q0M2|A0A5J5Q0M2_GOSBA	51.560	545	247	5	2040206	2040739	52	590	6.81e-179	571
XP_019175963.1	tr|A0A1N7T9S7|A0A1N7T9S7_GOSHI	51.560	545	247	5	2040206	2040739	52	590	9.45e-179	570
XP_019175963.1	tr|A0A5D2TF64|A0A5D2TF64_GOSMU	51.560	545	247	5	2040206	2040739	52	590	9.54e-179	570
XP_019175963.1	tr|A0A6P5ZNJ6|A0A6P5ZNJ6_DURZI	50.624	561	258	7	22159545	22160105	12	553	9.59e-179	569
XP_019175963.1	tr|A0A5J5SKT5|A0A5J5SKT5_GOSBA	52.941	544	248	6	21673843	21674384	4	541	1.04e-178	568
XP_019175963.1	tr|A0A6P4N4R6|A0A6P4N4R6_GOSAR	51.009	545	255	3	22159561	22160105	23	555	1.19e-178	568
XP_019175963.1	tr|A0A5D2HQF0|A0A5D2HQF0_GOSDA	51.376	545	253	4	22159561	22160105	23	555	1.33e-178	568
XP_019175963.1	tr|A0A5J5X353|A0A5J5X353_GOSBA	51.287	544	253	4	22159561	22160104	23	554	1.54e-178	568
XP_019175963.1	tr|A0A1U8LAZ0|A0A1U8LAZ0_GOSHI	51.376	545	253	4	22159561	22160105	23	555	1.70e-178	568
XP_019175963.1	tr|A0A5J5PGV7|A0A5J5PGV7_GOSBA	50.549	546	262	5	22159560	22160105	21	558	2.37e-178	568
XP_019175963.1	tr|A0A5D2IUZ3|A0A5D2IUZ3_GOSTO	50.549	546	262	5	22159560	22160105	21	558	2.77e-178	568
XP_019175963.1	tr|A0A6A3ARJ5|A0A6A3ARJ5_HIBSY	50.624	561	259	7	22159545	22160104	13	556	2.94e-178	568
XP_019175963.1	tr|A0A2P5Y8Y0|A0A2P5Y8Y0_GOSBA	51.376	545	253	4	22159561	22160105	23	555	3.60e-178	567
XP_019175963.1	tr|A0A5D3AG29|A0A5D3AG29_GOSMU	51.193	545	254	4	22159561	22160105	23	555	4.32e-178	567
XP_019175963.1	tr|A0A6P4N3G6|A0A6P4N3G6_GOSAR	51.193	545	253	5	22159561	22160104	23	555	7.24e-178	566
XP_019175963.1	tr|A0A5B6U6W5|A0A5B6U6W5_9ROSI	51.282	546	251	7	2040206	2040741	56	596	7.71e-178	568
XP_019175963.1	tr|A0A1U8JA20|A0A1U8JA20_GOSHI	51.434	558	254	6	22159547	22160104	12	552	9.78e-178	566
XP_019175963.1	sp|O49853|DCS4_GOSAR	51.434	558	254	6	22159547	22160104	12	552	9.78e-178	566
XP_019175963.1	tr|A0A1U8LAX3|A0A1U8LAX3_GOSHI	51.376	545	252	5	22159561	22160104	23	555	9.95e-178	566
XP_019175963.1	tr|A0A5D2CV64|A0A5D2CV64_GOSDA	51.434	558	254	6	22159547	22160104	12	552	1.08e-177	566
XP_019175963.1	tr|A0A5D2RXD8|A0A5D2RXD8_GOSTO	51.376	545	252	5	22159561	22160104	23	555	1.23e-177	566
XP_019175963.1	tr|A0A6P5WP95|A0A6P5WP95_DURZI	53.690	542	242	7	22152820	22153358	22	557	1.26e-177	566
XP_019175963.1	tr|A0A6P5Y2M0|A0A6P5Y2M0_DURZI	51.927	545	256	4	22159561	22160105	22	560	1.31e-177	566
XP_019175963.1	tr|A0A5D3ALW5|A0A5D3ALW5_GOSMU	51.376	545	252	5	22159561	22160104	23	555	1.64e-177	565
XP_019175963.1	tr|A0A5D2MCR5|A0A5D2MCR5_GOSTO	50.642	545	257	3	22159561	22160105	23	555	1.66e-177	565
XP_019175963.1	tr|A0A5B6VUB8|A0A5B6VUB8_9ROSI	51.111	540	261	3	21673845	21674384	22	558	1.69e-177	565
XP_019175963.1	tr|A0A5J5RND0|A0A5J5RND0_GOSBA	50.444	563	262	5	22159547	22160109	12	557	1.88e-177	565
XP_019175963.1	tr|A0A6A2XU16|A0A6A2XU16_HIBSY	50.551	544	258	4	22159561	22160104	21	553	1.95e-177	565
XP_019175963.1	tr|A0A6P4N0D4|A0A6P4N0D4_GOSAR	51.193	545	254	4	22159561	22160105	23	555	2.08e-177	565
XP_019175963.1	tr|A0A5D2V7A6|A0A5D2V7A6_GOSMU	51.254	558	255	6	22159547	22160104	12	552	2.26e-177	565
XP_019175963.1	tr|A0A5J5RW08|A0A5J5RW08_GOSBA	51.254	558	255	6	22159547	22160104	12	552	2.26e-177	565
XP_019175963.1	tr|A0A5D2L5Y7|A0A5D2L5Y7_GOSTO	51.254	558	255	6	22159547	22160104	12	552	2.26e-177	565
XP_019175963.1	tr|A0A2I4U5K1|A0A2I4U5K1_GOSHI	50.642	545	257	3	22159561	22160105	23	555	2.40e-177	565
XP_019175963.1	tr|A0A5D2DU10|A0A5D2DU10_GOSDA	50.642	545	257	3	22159561	22160105	23	555	2.40e-177	565
XP_019175963.1	tr|A0A5J5SVP8|A0A5J5SVP8_GOSBA	50.642	545	257	3	22159561	22160105	23	555	2.40e-177	565
XP_019175963.1	tr|A0A6A2XTZ7|A0A6A2XTZ7_HIBSY	51.009	545	254	6	22159561	22160104	21	553	2.76e-177	565
XP_019175963.1	tr|A0A5B6VSV2|A0A5B6VSV2_9ROSI	49.644	562	269	5	21673831	21674384	3	558	2.99e-177	565
XP_019175963.1	tr|A0A1U8J3X8|A0A1U8J3X8_GOSHI	50.717	558	258	5	22159547	22160104	12	552	3.17e-177	565
XP_019175963.1	tr|A0A061F6J9|A0A061F6J9_THECC	48.752	601	252	8	22159538	22160105	8	585	3.26e-177	566
XP_019175963.1	tr|A0A1U8LU54|A0A1U8LU54_GOSHI	50.366	546	263	5	22159560	22160105	21	558	3.29e-177	565
XP_019175963.1	tr|A0A5D2V731|A0A5D2V731_GOSMU	50.717	558	258	5	22159547	22160104	12	552	3.32e-177	564
XP_019175963.1	tr|Q4VP12|Q4VP12_GOSHI	50.717	558	258	5	22159547	22160104	12	552	3.42e-177	564
XP_019175963.1	tr|Q9LKN1|Q9LKN1_GOSHI	50.717	558	258	5	22159547	22160104	9	549	3.63e-177	564
XP_019175963.1	tr|A0A0D2NS17|A0A0D2NS17_GOSRA	50.642	545	257	3	22159561	22160105	23	555	3.92e-177	564
XP_019175963.1	tr|A0A0D2QXJ4|A0A0D2QXJ4_GOSRA	51.254	558	255	6	22159547	22160104	12	552	3.95e-177	564
XP_019175963.1	tr|A0A5J5RR77|A0A5J5RR77_GOSBA	51.254	558	255	6	22159547	22160104	12	552	4.66e-177	564
XP_019175963.1	tr|A0A0D2RBI8|A0A0D2RBI8_GOSRA	50.826	545	256	3	22159561	22160105	23	555	4.71e-177	564
XP_019175963.1	tr|A0A0D2NLB2|A0A0D2NLB2_GOSRA	51.376	545	248	5	2040206	2040739	52	590	4.86e-177	565
XP_019175963.1	tr|A0A0D2QXL1|A0A0D2QXL1_GOSRA	51.434	558	254	5	22159547	22160104	12	552	4.89e-177	564
XP_019175963.1	tr|A0A6A2Z6X5|A0A6A2Z6X5_HIBSY	49.206	567	281	5	15472185	15472748	31	593	4.92e-177	566
XP_019175963.1	tr|A0A5D2QV40|A0A5D2QV40_GOSTO	51.075	558	256	6	22159547	22160104	12	552	5.08e-177	564
XP_019175963.1	tr|A0A1U8IHW1|A0A1U8IHW1_GOSHI	50.446	561	270	5	21673823	21674383	1	553	5.47e-177	564
XP_019175963.1	tr|A0A6J1AS35|A0A6J1AS35_9ROSI	51.197	543	256	5	2040203	2040740	19	557	5.62e-177	564
XP_019175963.1	tr|A0A0D2SN44|A0A0D2SN44_GOSRA	50.366	546	263	5	22159560	22160105	21	558	5.87e-177	564
XP_019175963.1	tr|A0A5D2V6Z6|A0A5D2V6Z6_GOSMU	51.254	558	255	6	22159547	22160104	12	552	6.16e-177	563
XP_019175963.1	tr|A0A5D2XD32|A0A5D2XD32_GOSMU	50.926	540	262	3	21673845	21674384	22	558	6.47e-177	564
XP_019175963.1	tr|A0A5D2E0M8|A0A5D2E0M8_GOSDA	50.446	561	270	5	21673823	21674383	1	553	7.96e-177	563
XP_019175963.1	tr|A0A2P5X4S8|A0A2P5X4S8_GOSBA	50.446	561	270	5	21673823	21674383	1	553	7.96e-177	563
XP_019175963.1	tr|A0A0D2QB38|A0A0D2QB38_GOSRA	50.642	545	257	3	22159561	22160105	23	555	8.48e-177	563
XP_019175963.1	tr|A0A6P4LIH9|A0A6P4LIH9_GOSAR	51.075	558	256	6	22159547	22160104	12	552	9.50e-177	563
XP_019175963.1	tr|A0A5D2CUS6|A0A5D2CUS6_GOSDA	51.075	558	256	6	22159547	22160104	12	552	9.88e-177	563
XP_019175963.1	tr|A0A0D2U3X1|A0A0D2U3X1_GOSRA	50.896	558	257	6	22159547	22160104	12	552	1.11e-176	563
XP_019175963.1	tr|A0A5J5W1K5|A0A5J5W1K5_GOSBA	51.075	558	256	6	22159547	22160104	12	552	1.16e-176	563
XP_019175963.1	tr|A0A5J5T3M8|A0A5J5T3M8_GOSBA	50.267	561	271	5	21673823	21674383	1	553	1.17e-176	563
XP_019175963.1	tr|A0A1U8KMX0|A0A1U8KMX0_GOSHI	50.725	552	266	4	21673832	21674383	8	553	1.22e-176	563
XP_019175963.1	sp|Q43714|DCS3_GOSAR	50.725	552	266	4	21673832	21674383	8	553	1.22e-176	563
XP_019175963.1	tr|A0A1U8JA11|A0A1U8JA11_GOSHI	51.254	558	255	6	22159547	22160104	12	552	1.29e-176	563
XP_019175963.1	tr|A0A5B6WL97|A0A5B6WL97_9ROSI	51.927	545	242	8	1838254	1838789	56	589	1.34e-176	564
XP_019175963.1	tr|A0A5D2ML81|A0A5D2ML81_GOSTO	50.267	561	271	5	21673823	21674383	1	553	1.66e-176	562
XP_019175963.1	tr|A0A0D2RWL1|A0A0D2RWL1_GOSRA	50.926	540	258	3	1838254	1838787	52	590	1.88e-176	564
XP_019175963.1	tr|A0A5D2L6F5|A0A5D2L6F5_GOSTO	50.538	558	259	5	22159547	22160104	12	552	1.88e-176	562
XP_019175963.1	tr|A0A6P5Y215|A0A6P5Y215_DURZI	51.852	540	257	3	21673845	21674384	22	558	1.88e-176	562
XP_019175963.1	tr|A0A1R3GCS7|A0A1R3GCS7_COCAP	51.481	540	236	7	2040206	2040741	63	580	1.88e-176	563
XP_019175963.1	tr|A0A5D2E150|A0A5D2E150_GOSDA	50.267	561	271	5	21673823	21674383	1	553	1.91e-176	562
XP_019175963.1	tr|A0A5D2WAH0|A0A5D2WAH0_GOSMU	50.459	545	258	3	22159561	22160105	23	555	2.10e-176	562
XP_019175963.1	tr|A0A5D2WJ47|A0A5D2WJ47_GOSMU	50.543	552	267	4	21673832	21674383	8	553	2.34e-176	562
XP_019175963.1	tr|A0A0D2NLB7|A0A0D2NLB7_GOSRA	51.471	544	253	7	2040206	2040741	56	596	2.45e-176	564
XP_019175963.1	tr|A0A0B0MQU3|A0A0B0MQU3_GOSAR	50.543	552	267	4	21673832	21674383	8	553	2.53e-176	562
XP_019175963.1	tr|A0A5D2GV93|A0A5D2GV93_GOSDA	51.075	558	256	6	22159547	22160104	12	552	2.59e-176	562
XP_019175963.1	tr|A0A5D2CQF0|A0A5D2CQF0_GOSDA	50.538	558	259	5	22159547	22160104	12	552	2.66e-176	562
XP_019175963.1	tr|A0A061DQZ8|A0A061DQZ8_THECC	47.952	586	260	5	2040197	2040740	43	625	2.81e-176	565
XP_019175963.1	tr|A0A0D2U0X2|A0A0D2U0X2_GOSRA	50.896	558	257	6	22159547	22160104	12	552	2.93e-176	561
XP_019175963.1	tr|A0A5D2IX70|A0A5D2IX70_GOSTO	50.183	546	264	5	22159560	22160105	21	558	3.36e-176	561
XP_019175963.1	tr|A0A6P4LEA7|A0A6P4LEA7_GOSAR	50.896	558	257	5	22159547	22160104	12	552	3.84e-176	561
XP_019175963.1	tr|Q9SAN0|Q9SAN0_GOSAR	50.543	552	267	4	21673832	21674383	8	553	4.22e-176	561
XP_019175963.1	tr|A0A5D2ESD7|A0A5D2ESD7_GOSDA	50.741	540	263	3	21673845	21674384	22	558	4.23e-176	561
XP_019175963.1	tr|A0A6A3D2T2|A0A6A3D2T2_HIBSY	51.009	545	256	5	22159561	22160105	24	557	5.30e-176	561
XP_019175963.1	tr|A0A1U8KY71|A0A1U8KY71_GOSHI	50.896	558	257	6	22159547	22160104	12	552	5.33e-176	561
XP_019175963.1	sp|Q39761|DCS1_GOSAR	50.896	558	257	6	22159547	22160104	12	552	5.33e-176	561
XP_019175963.1	tr|A0A5D2ATJ6|A0A5D2ATJ6_GOSDA	50.556	540	264	3	21673845	21674384	22	558	5.54e-176	561
XP_019175963.1	tr|A0A5D2SYM2|A0A5D2SYM2_GOSMU	50.556	540	264	3	21673845	21674384	22	558	5.54e-176	561
XP_019175963.1	tr|A0A0D2SF99|A0A0D2SF99_GOSRA	49.910	557	268	5	22159548	22160104	8	553	5.85e-176	561
XP_019175963.1	tr|A0A1U8LNV6|A0A1U8LNV6_GOSHI	50.459	545	258	3	22159561	22160105	23	555	6.06e-176	561
XP_019175963.1	tr|A0A5D2TEE1|A0A5D2TEE1_GOSMU	50.741	540	259	3	1838254	1838787	52	590	6.77e-176	562
XP_019175963.1	tr|A0A1U8I3D8|A0A1U8I3D8_GOSHI	50.741	540	259	3	1838254	1838787	52	590	6.77e-176	562
XP_019175963.1	tr|A0A5D2L637|A0A5D2L637_GOSTO	51.075	558	256	6	22159547	22160104	12	552	6.92e-176	561
XP_019175963.1	tr|A0A6J1AKW0|A0A6J1AKW0_9ROSI	55.490	510	217	5	22152852	22153358	10	512	7.45e-176	559
XP_019175963.1	tr|A0A5J5W3M3|A0A5J5W3M3_GOSBA	51.075	558	256	6	22159547	22160104	12	552	7.99e-176	560
XP_019175963.1	tr|A0A5D2GTP4|A0A5D2GTP4_GOSDA	51.075	558	256	6	22159547	22160104	12	552	7.99e-176	560
XP_019175963.1	tr|A0A5D2ASC3|A0A5D2ASC3_GOSDA	50.183	546	264	5	22159560	22160105	21	558	8.55e-176	560
XP_019175963.1	tr|A0A6P5ZDR1|A0A6P5ZDR1_DURZI	51.024	537	252	6	2040206	2040739	22	550	8.76e-176	560
XP_019175963.1	tr|A0A5D2BA93|A0A5D2BA93_GOSDA	50.370	540	261	3	1838254	1838787	52	590	8.78e-176	562
XP_019175963.1	tr|A0A5D2V6X0|A0A5D2V6X0_GOSMU	51.254	558	255	6	22159547	22160104	12	552	8.97e-176	560
XP_019175963.1	tr|A0A5D2S4P5|A0A5D2S4P5_GOSMU	49.910	557	268	5	22159548	22160104	8	553	9.94e-176	560
XP_019175963.1	tr|A0A1U8KN09|A0A1U8KN09_GOSHI	49.910	557	268	5	22159548	22160104	8	553	1.08e-175	560
XP_019175963.1	tr|A0A1U8KU68|A0A1U8KU68_GOSHI	50.896	558	257	6	22159547	22160104	12	552	1.12e-175	560
XP_019175963.1	tr|A0A5J5NMS3|A0A5J5NMS3_GOSBA	50.362	552	268	4	21673832	21674383	8	553	1.21e-175	560
XP_019175963.1	tr|A0A5D2A0E9|A0A5D2A0E9_GOSDA	50.362	552	268	4	21673832	21674383	8	553	1.21e-175	560
XP_019175963.1	tr|A0A5D2ZMF5|A0A5D2ZMF5_GOSMU	50.896	558	257	6	22159547	22160104	12	552	1.45e-175	560
XP_019175963.1	tr|A0A5D2CS06|A0A5D2CS06_GOSDA	50.730	548	257	7	2040203	2040741	52	595	1.65e-175	561
XP_019175963.1	tr|A0A6P4LI96|A0A6P4LI96_GOSAR	50.896	558	257	6	22159547	22160104	12	552	1.71e-175	560
XP_019175963.1	tr|A0A6P5WQ18|A0A6P5WQ18_DURZI	52.118	543	251	7	21673845	21674384	22	558	2.00e-175	560
XP_019175963.1	tr|A0A0D2PHW4|A0A0D2PHW4_GOSRA	50.832	541	261	5	21671529	21672068	18	554	2.06e-175	559
XP_019175963.1	tr|A0A5J5NMI2|A0A5J5NMI2_GOSBA	50.362	552	268	4	21673832	21674383	8	553	2.25e-175	559
XP_019175963.1	tr|A0A1U8KZD2|A0A1U8KZD2_GOSHI	50.538	558	259	6	22159547	22160104	12	552	2.31e-175	559
XP_019175963.1	tr|A0A5J5RUN6|A0A5J5RUN6_GOSBA	50.730	548	257	7	2040203	2040741	52	595	2.32e-175	561
XP_019175963.1	tr|A0A5D2ZJT3|A0A5D2ZJT3_GOSMU	50.538	558	259	6	22159547	22160104	12	552	2.35e-175	559
XP_019175963.1	tr|A0A5D2QX60|A0A5D2QX60_GOSTO	50.538	558	259	6	22159547	22160104	12	552	2.35e-175	559
XP_019175963.1	tr|A0A5D2GU91|A0A5D2GU91_GOSDA	50.538	558	259	6	22159547	22160104	12	552	2.35e-175	559
XP_019175963.1	tr|A0A2P5X227|A0A2P5X227_GOSBA	50.538	558	259	6	22159547	22160104	12	552	2.35e-175	559
XP_019175963.1	sp|Q39760|DCS2_GOSAR	50.538	558	259	6	22159547	22160104	12	552	2.35e-175	559
XP_019175963.1	tr|A0A5J5Q1D3|A0A5J5Q1D3_GOSBA	49.819	554	263	7	2040196	2040741	50	596	2.82e-175	561
XP_019175963.1	tr|A0A0D2SN34|A0A0D2SN34_GOSRA	50.832	541	261	5	21671529	21672068	18	554	3.30e-175	559
XP_019175963.1	tr|A0A5D2CUK9|A0A5D2CUK9_GOSDA	51.075	558	256	6	22159547	22160104	12	552	3.42e-175	558
XP_019175963.1	tr|A0A5D2T0D4|A0A5D2T0D4_GOSMU	50.000	546	265	5	22159560	22160105	21	558	3.49e-175	559
XP_019175963.1	tr|A0A6P4P1G1|A0A6P4P1G1_GOSAR	49.195	559	276	5	22159547	22160105	8	558	3.59e-175	559
XP_019175963.1	tr|A0A5B6U5A2|A0A5B6U5A2_9ROSI	50.457	547	260	6	2040203	2040741	53	596	3.66e-175	560
XP_019175963.1	tr|A0A5B6UG67|A0A5B6UG67_9ROSI	51.099	546	252	8	2040206	2040741	55	595	3.89e-175	560
XP_019175963.1	tr|A0A5D2SYS9|A0A5D2SYS9_GOSMU	50.275	545	263	4	22159561	22160105	22	558	4.15e-175	558
XP_019175963.1	tr|A0A0D2Q9J7|A0A0D2Q9J7_GOSRA	54.492	512	226	5	21673875	21674384	9	515	4.85e-175	556
XP_019175963.1	tr|A0A061F7C2|A0A061F7C2_THECC	54.813	509	222	4	22152852	22153358	53	555	4.93e-175	558
XP_019175963.1	tr|A0A1U8I3E6|A0A1U8I3E6_GOSHI	51.287	544	254	7	2040206	2040741	56	596	5.73e-175	560
XP_019175963.1	tr|A0A5J5RNZ8|A0A5J5RNZ8_GOSBA	51.075	558	256	6	22159547	22160104	5	545	5.86e-175	558
XP_019175963.1	tr|A0A5D2LEJ8|A0A5D2LEJ8_GOSTO	50.172	580	256	9	15471531	15472092	38	602	6.00e-175	560
XP_019175963.1	tr|A0A5J5PYN2|A0A5J5PYN2_GOSBA	51.287	544	254	7	2040206	2040741	56	596	6.19e-175	560
XP_019175963.1	tr|A0A5D2B8Z9|A0A5D2B8Z9_GOSDA	51.471	544	253	7	2040206	2040741	93	633	6.34e-175	561
XP_019175963.1	tr|A0A6P5WPK7|A0A6P5WPK7_DURZI	51.560	545	251	5	22159561	22160105	23	554	6.38e-175	558
XP_019175963.1	tr|A0A5D2QXW0|A0A5D2QXW0_GOSTO	50.896	558	257	6	22159547	22160104	12	552	6.79e-175	558
XP_019175963.1	tr|A0A5J5PYH2|A0A5J5PYH2_GOSBA	50.556	540	260	3	1838254	1838787	52	590	8.61e-175	559
XP_019175963.1	tr|A0A0B0PA12|A0A0B0PA12_GOSAR	50.919	544	256	7	2040206	2040741	56	596	8.96e-175	559
XP_019175963.1	tr|A0A5J5TUZ9|A0A5J5TUZ9_GOSBA	49.734	563	263	6	22159550	22160107	12	559	9.03e-175	558
XP_019175963.1	sp|P93665|DCS1_GOSHI	50.179	558	261	5	22159547	22160104	12	552	1.05e-174	557
XP_019175963.1	tr|A0A5D2ZIQ1|A0A5D2ZIQ1_GOSMU	50.896	558	257	6	22159547	22160104	12	552	1.18e-174	557
XP_019175963.1	tr|A0A5D2TF46|A0A5D2TF46_GOSMU	51.103	544	255	7	2040206	2040741	56	596	1.30e-174	559
XP_019175963.1	tr|A0A5J5RLT5|A0A5J5RLT5_GOSBA	50.640	547	257	7	2040203	2040741	52	593	1.62e-174	558
XP_019175963.1	tr|A0A5D2TG86|A0A5D2TG86_GOSMU	51.197	543	256	6	1838254	1838789	54	594	1.79e-174	558
XP_019175963.1	tr|A0A0D2SQ70|A0A0D2SQ70_GOSRA	51.197	543	256	6	1838254	1838789	54	594	1.79e-174	558
XP_019175963.1	tr|A0A5J5PZ80|A0A5J5PZ80_GOSBA	51.197	543	256	6	1838254	1838789	54	594	1.79e-174	558
XP_019175963.1	tr|A0A5D2THI1|A0A5D2THI1_GOSMU	49.639	554	264	7	2040196	2040741	50	596	2.39e-174	558
XP_019175963.1	tr|A0A5D2B8E2|A0A5D2B8E2_GOSDA	49.639	554	264	7	2040196	2040741	50	596	2.39e-174	558
XP_019175963.1	tr|A0A0B0N2F3|A0A0B0N2F3_GOSAR	50.538	558	259	6	22159547	22160104	12	552	2.44e-174	556
XP_019175963.1	tr|A0A5B6U921|A0A5B6U921_9ROSI	51.465	546	250	7	2040206	2040741	56	596	2.56e-174	558
XP_019175963.1	tr|A0A5D2L9D5|A0A5D2L9D5_GOSTO	49.462	558	265	6	22159547	22160104	12	552	2.62e-174	556
XP_019175963.1	tr|A0A1U8I929|A0A1U8I929_GOSHI	51.009	545	250	5	2040206	2040739	52	590	2.96e-174	557
XP_019175963.1	tr|A0A5D2XRU8|A0A5D2XRU8_GOSMU	50.460	543	260	6	1838254	1838789	54	594	3.13e-174	558
XP_019175963.1	tr|A0A6A3AK93|A0A6A3AK93_HIBSY	51.017	541	255	6	21672684	21673221	16	549	3.15e-174	556
XP_019175963.1	tr|A0A5D2XSW6|A0A5D2XSW6_GOSMU	50.459	545	257	7	2040206	2040741	56	596	3.52e-174	558
XP_019175963.1	tr|A0A6P4LR90|A0A6P4LR90_GOSAR	51.560	545	251	7	2040206	2040741	56	596	4.14e-174	557
XP_019175963.1	tr|A0A5J5PI85|A0A5J5PI85_GOSBA	50.647	541	262	5	21671529	21672068	18	554	4.58e-174	555
XP_019175963.1	tr|A0A6P5ZDS0|A0A6P5ZDS0_DURZI	51.210	537	250	7	2040206	2040739	22	549	5.23e-174	555
XP_019175963.1	tr|A0A6P6B9I6|A0A6P6B9I6_DURZI	51.465	546	248	8	1838254	1838789	56	594	5.91e-174	557
XP_019175963.1	tr|A0A1U8J8U5|A0A1U8J8U5_GOSHI	50.896	558	257	6	22159547	22160104	12	552	5.99e-174	555
XP_019175963.1	tr|A0A0D2V1I1|A0A0D2V1I1_GOSRA	51.075	558	256	6	22159547	22160104	12	552	6.53e-174	555
XP_019175963.1	tr|A0A5J5UAD2|A0A5J5UAD2_GOSBA	50.275	545	258	7	2040206	2040741	30	570	6.60e-174	556
XP_019175963.1	tr|A0A6P4P3P5|A0A6P4P3P5_GOSAR	50.647	541	262	5	21671529	21672068	18	554	6.80e-174	555
XP_019175963.1	tr|A0A6P4M8H9|A0A6P4M8H9_GOSAR	50.276	543	261	6	1838254	1838789	54	594	7.16e-174	556
XP_019175963.1	tr|A0A2P5XHE7|A0A2P5XHE7_GOSBA	50.967	569	267	8	15471531	15472092	38	601	7.88e-174	557
XP_019175963.1	tr|U5N0S4|U5N0S4_GOSHI	51.013	543	257	6	1838254	1838789	54	594	8.12e-174	556
XP_019175963.1	tr|A0A1U8HV92|A0A1U8HV92_GOSHI	50.368	544	259	6	2040206	2040741	164	704	8.83e-174	561
XP_019175963.1	tr|A0A5B6UGH9|A0A5B6UGH9_9ROSI	49.548	553	264	7	2040196	2040740	50	595	9.21e-174	556
XP_019175963.1	tr|A0A5D2ZIP1|A0A5D2ZIP1_GOSMU	49.821	558	263	6	22159547	22160104	12	552	9.33e-174	555
XP_019175963.1	tr|Q4VP11|Q4VP11_GOSHI	49.820	556	262	5	22159549	22160104	14	552	1.12e-173	554
XP_019175963.1	tr|A0A2P5VQ48|A0A2P5VQ48_GOSBA	49.642	558	264	6	22159547	22160104	12	552	1.23e-173	554
XP_019175963.1	tr|A0A0B0NUX1|A0A0B0NUX1_GOSAR	50.176	568	256	7	22159547	22160104	12	562	1.85e-173	554
XP_019175963.1	tr|A0A5J5RNZ1|A0A5J5RNZ1_GOSBA	49.283	558	266	6	22159547	22160104	12	552	2.31e-173	553
XP_019175963.1	tr|A0A6P4N1W7|A0A6P4N1W7_GOSAR	54.601	489	214	3	2040206	2040687	52	539	2.78e-173	553
XP_019175963.1	tr|A0A5D2GTF1|A0A5D2GTF1_GOSDA	49.642	558	264	6	22159547	22160104	12	552	2.88e-173	553
XP_019175963.1	tr|A0A5D2IV89|A0A5D2IV89_GOSTO	49.723	541	269	3	21673844	21674384	21	558	3.42e-173	553
XP_019175963.1	tr|A0A1U8HQR9|A0A1U8HQR9_GOSHI	49.063	587	281	10	9475002	9475584	23	595	3.68e-173	555
XP_019175963.1	tr|A0A2P5VWQ1|A0A2P5VWQ1_GOSBA	50.462	541	263	5	21671529	21672068	10	546	5.41e-173	552
XP_019175963.1	tr|A0A5D2L641|A0A5D2L641_GOSTO	50.717	558	258	6	22159547	22160104	12	552	5.99e-173	552
XP_019175963.1	tr|A0A0B0NU20|A0A0B0NU20_GOSAR	50.000	568	257	6	22159547	22160104	12	562	6.04e-173	553
XP_019175963.1	tr|A0A5D2ET48|A0A5D2ET48_GOSDA	50.462	541	263	5	21671529	21672068	25	561	6.37e-173	552
XP_019175963.1	tr|A0A5J5TV04|A0A5J5TV04_GOSBA	50.462	541	263	5	21671529	21672068	25	561	6.37e-173	552
XP_019175963.1	tr|A0A0D2SRJ3|A0A0D2SRJ3_GOSRA	49.278	554	266	7	2040196	2040741	50	596	6.38e-173	554
XP_019175963.1	tr|A0A5D2F7J8|A0A5D2F7J8_GOSDA	50.092	545	259	7	2040206	2040741	30	570	8.89e-173	552
XP_019175963.1	tr|A0A5D2SZZ7|A0A5D2SZZ7_GOSMU	49.632	544	267	6	22159561	22160104	18	554	1.07e-172	551
XP_019175963.1	tr|A0A5D2QVE5|A0A5D2QVE5_GOSTO	51.376	545	252	7	2040206	2040741	56	596	1.19e-172	553
XP_019175963.1	tr|A0A6P4LQ56|A0A6P4LQ56_GOSAR	50.000	544	259	5	22159561	22160104	22	552	1.31e-172	551
XP_019175963.1	tr|A0A5D2E0X8|A0A5D2E0X8_GOSDA	49.457	552	268	5	22159548	22160099	8	548	1.46e-172	551
XP_019175963.1	tr|A0A2P5XKL5|A0A2P5XKL5_GOSBA	50.268	559	260	6	22159547	22160104	12	553	1.66e-172	551
XP_019175963.1	tr|A0A1U8I924|A0A1U8I924_GOSHI	49.278	554	266	7	2040196	2040741	50	596	1.82e-172	553
XP_019175963.1	tr|A0A6A2ZKQ5|A0A6A2ZKQ5_HIBSY	49.198	561	267	5	22159545	22160105	13	555	2.52e-172	550
XP_019175963.1	tr|A0A1U8J7B0|A0A1U8J7B0_GOSHI	50.184	544	261	5	2040206	2040741	56	597	2.54e-172	552
XP_019175963.1	tr|A0A0B0PFK4|A0A0B0PFK4_GOSAR	51.009	545	261	5	5673712	5674254	56	596	2.92e-172	552
XP_019175963.1	tr|A0A5D2HR53|A0A5D2HR53_GOSDA	53.000	500	227	2	22159605	22160104	1	492	3.09e-172	547
XP_019175963.1	tr|A0A5D2V5J1|A0A5D2V5J1_GOSMU	50.184	544	260	6	2040206	2040741	56	596	3.09e-172	552
XP_019175963.1	tr|A0A5D2V6W6|A0A5D2V6W6_GOSMU	50.642	545	256	7	2040206	2040741	57	597	3.17e-172	552
XP_019175963.1	tr|A0A5D2CU73|A0A5D2CU73_GOSDA	50.642	545	256	7	2040206	2040741	57	597	3.52e-172	552
XP_019175963.1	tr|A0A5D2V6S3|A0A5D2V6S3_GOSMU	50.275	545	258	7	2040206	2040741	56	596	4.05e-172	551
XP_019175963.1	tr|A0A2I4U5I3|A0A2I4U5I3_GOSHI	50.462	541	261	6	21671529	21672068	18	552	4.57e-172	550
XP_019175963.1	tr|A0A0D2TYY9|A0A0D2TYY9_GOSRA	50.642	545	256	7	2040206	2040741	57	597	5.28e-172	551
XP_019175963.1	tr|A0A5D2S432|A0A5D2S432_GOSMU	49.457	552	268	5	22159548	22160099	8	548	5.41e-172	549
XP_019175963.1	tr|A0A5D2V713|A0A5D2V713_GOSMU	49.283	558	267	7	22159547	22160104	12	553	7.30e-172	549
XP_019175963.1	tr|A0A5J5NMZ2|A0A5J5NMZ2_GOSBA	49.457	552	268	5	22159548	22160099	8	548	7.58e-172	549
XP_019175963.1	tr|A0A5D2ASB4|A0A5D2ASB4_GOSDA	50.647	541	257	6	21671529	21672068	18	549	8.91e-172	549
XP_019175963.1	tr|A0A5J5W4X5|A0A5J5W4X5_GOSBA	51.193	545	251	7	2040206	2040741	56	594	9.72e-172	550
XP_019175963.1	tr|A0A5D2CT76|A0A5D2CT76_GOSDA	50.184	544	260	6	2040206	2040741	56	596	9.72e-172	550
XP_019175963.1	tr|A0A6P5ZGZ2|A0A6P5ZGZ2_DURZI	50.279	537	256	4	2040206	2040739	22	550	1.07e-171	548
XP_019175963.1	tr|A0A1U8J2E4|A0A1U8J2E4_GOSHI	49.283	558	267	7	22159547	22160104	12	553	1.18e-171	548
XP_019175963.1	tr|A0A5J5NNB9|A0A5J5NNB9_GOSBA	49.457	552	268	5	22159548	22160099	8	548	1.56e-171	548
XP_019175963.1	tr|A0A0D2U0W9|A0A0D2U0W9_GOSRA	48.566	558	270	6	22159547	22160104	12	552	2.22e-171	548
XP_019175963.1	tr|A0A6P5WYQ1|A0A6P5WYQ1_DURZI	51.532	555	259	6	1838853	1839401	23	573	2.80e-171	548
XP_019175963.1	tr|A0A1U8I0E4|A0A1U8I0E4_GOSHI	50.642	545	256	7	1838254	1838789	56	596	3.65e-171	549
XP_019175963.1	tr|A0A5D2B5K5|A0A5D2B5K5_GOSDA	50.459	545	243	6	2040206	2040739	52	580	4.15e-171	548
XP_019175963.1	tr|A0A0D2V1H8|A0A0D2V1H8_GOSRA	48.566	558	270	6	22159547	22160104	12	552	4.36e-171	547
XP_019175963.1	tr|A0A1U8KMY4|A0A1U8KMY4_GOSHI	50.929	538	249	6	22159568	22160104	30	553	4.47e-171	547
XP_019175963.1	tr|A0A5J5PI26|A0A5J5PI26_GOSBA	49.353	541	270	4	21673844	21674384	21	557	4.81e-171	547
XP_019175963.1	tr|A0A1N7T9S4|A0A1N7T9S4_GOSHI	50.184	544	260	6	2040206	2040741	56	596	6.29e-171	548
XP_019175963.1	tr|A0A5D2ZL95|A0A5D2ZL95_GOSMU	50.929	538	249	6	22159568	22160104	30	553	6.51e-171	546
XP_019175963.1	tr|A0A6P4LNH9|A0A6P4LNH9_GOSAR	50.926	540	246	7	22159568	22160104	30	553	1.56e-170	545
XP_019175963.1	tr|A0A6A2ZPD9|A0A6A2ZPD9_HIBSY	50.092	545	261	5	22159561	22160105	24	557	1.62e-170	545
XP_019175963.1	tr|A0A5J5W3G6|A0A5J5W3G6_GOSBA	50.929	538	249	6	22159568	22160104	30	553	1.86e-170	545
XP_019175963.1	tr|A0A5D2SYT5|A0A5D2SYT5_GOSMU	49.353	541	267	4	21673844	21674384	21	554	2.03e-170	545
XP_019175963.1	tr|A0A5D2HYM3|A0A5D2HYM3_GOSTO	52.305	499	232	2	22159606	22160104	1	493	2.29e-170	542
XP_019175963.1	tr|A0A5D2NJB6|A0A5D2NJB6_GOSTO	50.092	541	263	6	21671529	21672068	10	544	6.30e-170	543
XP_019175963.1	tr|A0A0B0NBZ9|A0A0B0NBZ9_GOSAR	51.306	536	248	7	2040215	2040741	44	575	6.63e-170	544
XP_019175963.1	tr|A0A5J5RN61|A0A5J5RN61_GOSBA	49.725	545	261	7	2040206	2040741	56	596	1.28e-169	545
XP_019175963.1	tr|A0A5J5TTD2|A0A5J5TTD2_GOSBA	47.518	564	268	7	22159542	22160105	1	536	2.74e-169	541
XP_019175963.1	tr|A0A5B6U770|A0A5B6U770_9ROSI	49.540	543	264	5	2040206	2040741	56	595	2.78e-169	543
XP_019175963.1	tr|A0A1S2X8Q6|A0A1S2X8Q6_CUCME	46.702	561	288	5	15462754	15463304	10	569	4.14e-169	542
XP_019175963.1	sp|B2KSJ5|GCSY1_CUCME	46.702	561	288	5	15462754	15463304	10	569	4.14e-169	542
XP_019175963.1	tr|A0A5D2AR95|A0A5D2AR95_GOSDA	50.185	542	260	7	21671529	21672068	18	551	6.56e-169	540
XP_019175963.1	tr|A0A5D2T1D0|A0A5D2T1D0_GOSMU	49.265	544	265	7	22159561	22160104	18	550	7.90e-169	540
XP_019175963.1	tr|A0A5J5W2P7|A0A5J5W2P7_GOSBA	50.366	546	248	7	22159568	22160104	30	561	1.12e-168	540
XP_019175963.1	tr|A0A2P5Y4Z7|A0A2P5Y4Z7_GOSBA	47.163	564	267	7	22159542	22160105	1	533	1.32e-168	539
XP_019175963.1	tr|A0A6A2Y4G7|A0A6A2Y4G7_HIBSY	51.560	545	250	8	22152820	22153358	19	555	1.35e-168	540
XP_019175963.1	tr|A0A5D2B5C8|A0A5D2B5C8_GOSDA	48.736	554	260	8	2040196	2040741	50	587	4.14e-168	540
XP_019175963.1	tr|A0A1U8HWT0|A0A1U8HWT0_GOSHI	50.712	562	251	10	7532344	7532904	48	584	8.86e-168	539
XP_019175963.1	tr|A0A5D2GSS4|A0A5D2GSS4_GOSDA	48.654	557	267	7	22159549	22160104	14	552	1.05e-167	537
XP_019175963.1	tr|A0A2P5XKH4|A0A2P5XKH4_GOSBA	48.654	557	267	7	22159549	22160104	14	552	1.05e-167	537
XP_019175963.1	tr|A0A6A2YEA8|A0A6A2YEA8_HIBSY	49.351	539	264	3	21673845	21674383	22	551	1.32e-167	537
XP_019175963.1	tr|A0A0B0PVD8|A0A0B0PVD8_GOSAR	50.179	558	243	6	22159547	22160104	12	534	1.69e-167	536
XP_019175963.1	tr|A0A1U8LTK9|A0A1U8LTK9_GOSHI	50.182	548	254	7	22159564	22160104	26	561	1.71e-167	537
XP_019175963.1	tr|A0A5D2NLP9|A0A5D2NLP9_GOSTO	49.630	540	263	5	21673845	21674384	22	552	4.33e-167	535
XP_019175963.1	tr|A0A0A7DNH6|A0A0A7DNH6_GOSHI	49.820	556	263	8	9475031	9475584	55	596	7.10e-167	536
XP_019175963.1	tr|A0A6P4ME08|A0A6P4ME08_GOSAR	50.534	562	252	10	7532344	7532904	48	584	7.51e-167	536
XP_019175963.1	tr|A0A6A2ZYQ3|A0A6A2ZYQ3_HIBSY	47.786	542	271	5	1838254	1838788	31	567	8.40e-167	535
XP_019175963.1	tr|A0A0B0P3D8|A0A0B0P3D8_GOSAR	50.000	556	262	8	9475031	9475584	55	596	1.21e-166	536
XP_019175963.1	tr|A0A5D2ZJ49|A0A5D2ZJ49_GOSMU	48.474	557	268	7	22159549	22160104	14	552	1.24e-166	534
XP_019175963.1	tr|A0A6P4PWF1|A0A6P4PWF1_GOSAR	50.000	556	262	8	9475031	9475584	55	596	1.37e-166	536
XP_019175963.1	tr|Q84LK9|Q84LK9_GOSAR	49.265	544	263	7	22159561	22160104	23	553	1.58e-166	534
XP_019175963.1	tr|A0A6P4NPH4|A0A6P4NPH4_GOSAR	49.110	562	269	7	17308495	17309050	5	555	1.67e-166	534
XP_019175963.1	tr|A0A5D2QVM8|A0A5D2QVM8_GOSTO	49.820	556	263	8	9475031	9475584	55	596	2.07e-166	535
XP_019175963.1	tr|A0A1U8IAF4|A0A1U8IAF4_GOSHI	48.375	554	262	8	2040196	2040741	50	587	4.54e-166	534
XP_019175963.1	tr|A0A5B6WLK2|A0A5B6WLK2_9ROSI	49.541	545	240	8	1838254	1838789	56	574	4.89e-166	533
XP_019175963.1	tr|A0A6P4NXY0|A0A6P4NXY0_GOSAR	49.725	545	260	6	22152820	22153358	19	555	8.31e-166	532
XP_019175963.1	tr|A0A6A2YFM5|A0A6A2YFM5_HIBSY	48.457	551	280	3	21673833	21674383	9	555	1.38e-165	531
XP_019175963.1	tr|A0A6J1B5A6|A0A6J1B5A6_9ROSI	52.110	545	250	8	1838863	1839401	31	570	1.72e-165	531
XP_019175963.1	tr|A0A5D2NY35|A0A5D2NY35_GOSTO	48.901	546	252	8	2040206	2040741	27	555	1.81e-165	531
XP_019175963.1	sp|K4L9M2|STS1_THAGA	49.910	557	269	5	17308502	17309051	7	560	3.13e-165	530
XP_019175963.1	tr|A0A5D2V5M6|A0A5D2V5M6_GOSMU	49.816	544	250	7	2040206	2040741	56	584	3.87e-165	531
XP_019175963.1	tr|A0A5D2XDA6|A0A5D2XDA6_GOSMU	49.206	567	271	7	17308490	17309050	1	556	4.23e-165	530
XP_019175963.1	tr|A0A5D2F536|A0A5D2F536_GOSDA	52.191	502	236	3	5673754	5674254	2	500	5.66e-165	527
XP_019175963.1	tr|A0A6P4PC34|A0A6P4PC34_GOSAR	49.351	539	267	6	21671532	21672069	25	558	1.35e-164	528
XP_019175963.1	tr|A0A0B0MPV5|A0A0B0MPV5_GOSAR	48.239	568	247	9	22159568	22160104	30	581	1.68e-164	529
XP_019175963.1	tr|A0A5D2CQM8|A0A5D2CQM8_GOSDA	47.679	560	267	7	22159545	22160104	10	543	1.69e-164	527
XP_019175963.1	tr|A0A5D2D1D4|A0A5D2D1D4_GOSDA	52.767	506	230	6	15472185	15472684	38	540	2.85e-164	526
XP_019175963.1	tr|A0A5J5RXK3|A0A5J5RXK3_GOSBA	52.767	506	230	6	15472185	15472684	38	540	3.02e-164	526
XP_019175963.1	tr|A0A5J5RPD9|A0A5J5RPD9_GOSBA	47.679	560	267	7	22159545	22160104	10	543	3.28e-164	526
XP_019175963.1	tr|A0A6P6BJU8|A0A6P6BJU8_DURZI	49.393	577	279	7	1838830	1839400	1	570	5.18e-164	527
XP_019175963.1	tr|A0A5D2UVP2|A0A5D2UVP2_GOSMU	47.541	549	272	8	6447415	6447959	6	542	5.58e-164	526
XP_019175963.1	tr|A0A6P5WIT9|A0A6P5WIT9_DURZI	51.471	544	252	7	1838863	1839400	31	568	6.91e-164	527
XP_019175963.1	tr|A0A061GH82|A0A061GH82_THECC	51.560	545	253	7	1838863	1839401	130	669	7.53e-164	531
XP_019175963.1	tr|A0A0B0P3E5|A0A0B0P3E5_GOSAR	51.394	502	227	5	2040206	2040695	52	548	9.52e-164	526
XP_019175963.1	tr|A0A6P4P3D9|A0A6P4P3D9_GOSAR	50.092	545	257	7	22152820	22153358	19	554	2.01e-163	525
XP_019175963.1	tr|A0A6A2XG39|A0A6A2XG39_HIBSY	47.611	565	265	7	22159550	22160108	12	551	2.66e-163	524
XP_019175963.1	tr|A0A5D2V6U1|A0A5D2V6U1_GOSMU	49.081	544	266	6	2040206	2040741	56	596	2.75e-163	526
XP_019175963.1	tr|A0A5D2DMV1|A0A5D2DMV1_GOSDA	50.184	544	236	7	21673843	21674384	4	514	3.14e-163	523
XP_019175963.1	tr|A0A5D2ARC9|A0A5D2ARC9_GOSDA	49.822	562	265	7	17308495	17309050	5	555	4.33e-163	524
XP_019175963.1	tr|A0A0D2R2U1|A0A0D2R2U1_GOSRA	49.821	560	266	7	17308498	17309050	4	555	6.12e-163	523
XP_019175963.1	tr|A0A2P5XQ52|A0A2P5XQ52_GOSBA	49.283	558	241	7	22159547	22160104	12	527	7.50e-163	522
XP_019175963.1	tr|A0A0D2U105|A0A0D2U105_GOSRA	48.718	546	255	9	1838254	1838789	13	543	7.54e-163	523
XP_019175963.1	tr|A0A6P4LMG5|A0A6P4LMG5_GOSAR	47.670	558	275	5	22152806	22153358	12	557	8.02e-163	523
XP_019175963.1	tr|A0A0D2SN57|A0A0D2SN57_GOSRA	49.725	545	260	6	22152820	22153358	19	555	8.58e-163	523
XP_019175963.1	tr|A0A6A2XG95|A0A6A2XG95_HIBSY	48.264	576	259	10	22152794	22153362	7	550	1.10e-162	522
XP_019175963.1	tr|A0A061G6I3|A0A061G6I3_THECC	48.803	543	247	7	2040203	2040740	41	557	1.34e-162	523
XP_019175963.1	tr|U5N1F1|U5N1F1_GOSHI	49.464	560	268	7	17308498	17309050	4	555	1.85e-162	522
XP_019175963.1	tr|A0A1U8LAZ9|A0A1U8LAZ9_GOSHI	53.761	452	208	1	22159654	22160105	17	467	3.10e-162	518
XP_019175963.1	tr|A0A061GH69|A0A061GH69_THECC	51.303	499	236	4	1868908	1869399	72	570	4.56e-162	522
XP_019175963.1	tr|A0A5D2ZKD2|A0A5D2ZKD2_GOSMU	51.889	503	230	6	2040247	2040741	2	500	4.87e-162	518
XP_019175963.1	tr|A0A6A3BC72|A0A6A3BC72_HIBSY	47.803	569	258	7	22159545	22160105	13	550	5.38e-162	520
XP_019175963.1	tr|A0A1U8LU38|A0A1U8LU38_GOSHI	49.358	545	262	6	22152820	22153358	19	555	9.43e-162	520
XP_019175963.1	tr|A0A5D2EM57|A0A5D2EM57_GOSDA	47.166	547	257	6	15472202	15472748	50	564	1.13e-161	520
XP_019175963.1	tr|A0A5J5TTF1|A0A5J5TTF1_GOSBA	47.166	547	257	6	15472202	15472748	50	564	1.13e-161	520
XP_019175963.1	tr|A0A5D2NC53|A0A5D2NC53_GOSTO	47.166	547	257	6	15472202	15472748	50	564	1.20e-161	520
XP_019175963.1	tr|A0A5J5PJ17|A0A5J5PJ17_GOSBA	50.297	505	243	5	22159561	22160065	22	518	1.37e-161	518
XP_019175963.1	tr|A0A5D2SYZ7|A0A5D2SYZ7_GOSMU	49.358	545	262	6	22152820	22153358	19	555	1.48e-161	520
XP_019175963.1	tr|A0A6P6BK13|A0A6P6BK13_DURZI	50.501	499	240	4	1868908	1869399	71	569	2.04e-161	520
XP_019175963.1	tr|A0A6P5X903|A0A6P5X903_DURZI	50.200	500	241	4	1868908	1869399	64	563	2.26e-161	520
XP_019175963.1	tr|A0A5D2QUD5|A0A5D2QUD5_GOSTO	48.208	558	254	8	22159547	22160104	12	534	2.36e-161	518
XP_019175963.1	tr|A0A1U8NGI8|A0A1U8NGI8_GOSHI	50.459	545	255	7	22152820	22153358	19	554	2.95e-161	519
XP_019175963.1	tr|A0A5D2ESV4|A0A5D2ESV4_GOSDA	50.459	545	255	7	22152820	22153358	19	554	3.68e-161	518
XP_019175963.1	tr|A0A5D2QVA5|A0A5D2QVA5_GOSTO	48.387	558	237	6	22159547	22160104	12	518	5.19e-161	516
XP_019175963.1	tr|A0A5D2NZN8|A0A5D2NZN8_GOSTO	48.066	543	251	7	1838254	1838789	51	569	5.43e-161	518
XP_019175963.1	tr|A0A5D2ZLD5|A0A5D2ZLD5_GOSMU	47.849	558	252	7	22159547	22160104	12	530	1.26e-160	516
