XP_019175963.1	tr|X2D8D0|X2D8D0_IPOPU	99.406	505	3	0	24628535	24629039	1	505	0.0	1048
XP_019175963.1	tr|A0A2G9I8N8|A0A2G9I8N8_9LAMI	67.903	701	222	3	25462764	25463462	13	712	0.0	993
XP_019175963.1	tr|Q2LAD8|Q2LAD8_SOLTU	91.485	505	43	0	24628535	24629039	1	505	0.0	987
XP_019175963.1	tr|A0A0B2RRA4|A0A0B2RRA4_GLYSO	71.770	627	176	1	8641870	8642495	2	628	0.0	983
XP_019175963.1	tr|A0A1B1IHZ1|A0A1B1IHZ1_CAMAC	90.693	505	47	0	24628535	24629039	1	505	0.0	969
XP_019175963.1	tr|A0A2G9HTG5|A0A2G9HTG5_9LAMI	89.683	504	52	0	24628535	24629038	1	504	0.0	959
XP_019175963.1	tr|C0LUU6|C0LUU6_SOYBN	88.933	506	55	1	24628535	24629039	1	506	0.0	956
XP_019175963.1	tr|A0A2G9GRD7|A0A2G9GRD7_9LAMI	91.260	492	43	0	24628548	24629039	14	505	0.0	956
XP_019175963.1	tr|C5IWL6|C5IWL6_SOYBN	88.735	506	56	1	24628535	24629039	1	506	0.0	955
XP_019175963.1	tr|Q9AXP9|Q9AXP9_9ROSI	91.287	505	44	0	24628535	24629039	1	505	0.0	954
XP_019175963.1	tr|A0A2P6R0L2|A0A2P6R0L2_ROSCH	65.954	702	214	6	25462759	25463456	8	688	0.0	948
XP_019175963.1	tr|D6MXQ6|D6MXQ6_ISATI	86.576	514	64	1	24628535	24629048	1	509	0.0	942
XP_019175963.1	tr|A0A0U1XP01|A0A0U1XP01_LACSA	87.327	505	64	0	24628535	24629039	1	505	0.0	941
XP_019175963.1	tr|G0KVB3|G0KVB3_9ASTR	87.723	505	62	0	24628535	24629039	1	505	0.0	940
XP_019175963.1	tr|A0A2R2ZJB8|A0A2R2ZJB8_FAGTA	88.247	502	59	0	24628535	24629036	1	502	0.0	939
XP_019175963.1	tr|Q4JLA2|Q4JLA2_MALDO	90.631	491	46	0	24628548	24629038	14	504	0.0	937
XP_019175963.1	tr|F2VR43|F2VR43_PRUAV	89.775	489	50	0	24628548	24629036	14	502	0.0	936
XP_019175963.1	tr|A8CF55|A8CF55_BRACM	86.535	505	68	0	24628535	24629039	1	505	0.0	935
XP_019175963.1	tr|E2F4D8|E2F4D8_SCUBA	89.271	494	51	1	24628548	24629039	14	507	0.0	933
XP_019175963.1	tr|A0A1B1SPI1|A0A1B1SPI1_LEPAP	86.310	504	69	0	24628535	24629038	1	504	0.0	932
XP_019175963.1	tr|Q2MJ09|Q2MJ09_MEDTR	88.235	493	57	1	24628548	24629039	14	506	0.0	925
XP_019175963.1	tr|A0A151U8S3|A0A151U8S3_CAJCA	64.562	697	240	5	25462762	25463456	39	730	0.0	925
XP_019175963.1	tr|L7T707|L7T707_SINHE	86.337	505	68	1	24628535	24629039	1	504	0.0	924
XP_019175963.1	tr|A0A2I0ASX4|A0A2I0ASX4_9ASPA	85.545	505	73	0	24628535	24629039	1	505	0.0	923
XP_019175963.1	tr|B2LSE0|B2LSE0_TRIPR	87.776	499	59	2	24628542	24629039	1	498	0.0	920
XP_019175963.1	tr|G7JC21|G7JC21_MEDTR	64.611	681	234	5	25462780	25463458	27	702	0.0	919
XP_019175963.1	tr|O82526|O82526_CAPCH	91.471	469	40	0	24628571	24629039	1	469	0.0	918
XP_019175963.1	tr|A0A2G9GR83|A0A2G9GR83_9LAMI	81.238	533	100	0	21103593	21104125	1	533	0.0	918
XP_019175963.1	tr|B9SD83|B9SD83_RICCO	90.650	492	46	0	24628548	24629039	14	505	0.0	918
XP_019175963.1	tr|Q17UC0|Q17UC0_CUCSA	88.618	492	56	0	24628548	24629039	14	505	0.0	913
XP_019175963.1	tr|D0UGE7|D0UGE7_9FABA	86.957	506	63	2	24628535	24629038	1	505	0.0	908
XP_019175963.1	tr|A0A1S2X8P2|A0A1S2X8P2_CICAR	88.008	492	58	1	24628548	24629039	14	504	0.0	907
XP_019175963.1	tr|B2LSE1|B2LSE1_TRIPR	88.613	483	54	1	24628558	24629039	24	506	0.0	903
XP_019175963.1	tr|W8E7E3|W8E7E3_HORVU	83.168	505	85	0	24628535	24629039	1	505	0.0	903
XP_019175963.1	tr|B2LSD9|B2LSD9_TRIPR	88.406	483	55	1	24628558	24629039	24	506	0.0	903
XP_019175963.1	tr|A0A2Z4I2V7|A0A2Z4I2V7_LYCRD	85.941	505	71	0	24628535	24629039	1	505	0.0	902
XP_019175963.1	tr|A0A0U1XSM6|A0A0U1XSM6_BARSP	85.516	504	73	0	24628535	24629038	1	504	0.0	900
XP_019175963.1	tr|D2K8K9|D2K8K9_BAMOL	84.158	505	80	0	24628535	24629039	1	505	0.0	893
XP_019175963.1	tr|A0A0B2S4C4|A0A0B2S4C4_GLYSO	68.123	618	197	0	26074799	26075416	1	618	0.0	892
XP_019175963.1	tr|A0A2G9G9Y9|A0A2G9G9Y9_9LAMI	79.323	532	95	3	25450218	25450736	3	532	0.0	885
XP_019175963.1	tr|J7FYJ5|J7FYJ5_COFAR	81.225	506	94	1	6109852	6110357	1	505	0.0	885
XP_019175963.1	tr|A0A7C8ZJI5|A0A7C8ZJI5_OPUST	79.026	534	110	2	21103593	21104125	35	567	0.0	884
XP_019175963.1	tr|A0A0B2QUA1|A0A0B2QUA1_GLYSO	79.439	535	105	2	21103593	21104127	1	530	0.0	878
XP_019175963.1	tr|A0A2I0B1V7|A0A2I0B1V7_9ASPA	82.178	505	90	0	24628535	24629039	1	505	0.0	877
XP_019175963.1	tr|Q40909|Q40909_POPKI	91.630	454	38	0	24628586	24629039	1	454	0.0	877
XP_019175963.1	tr|A0A2R2ZJB6|A0A2R2ZJB6_FAGTA	83.300	503	71	1	24628535	24629037	1	490	0.0	877
XP_019175963.1	tr|A0A2G9FXZ3|A0A2G9FXZ3_9LAMI	86.777	484	64	0	21704420	21704903	9	492	0.0	874
XP_019175963.1	tr|B9T9S7|B9T9S7_RICCO	78.318	535	102	4	25450215	25450736	1	534	0.0	873
XP_019175963.1	tr|F4YRL2|F4YRL2_9APIA	86.139	505	70	0	24628535	24629039	1	505	0.0	870
XP_019175963.1	tr|G7I8G8|G7I8G8_MEDTR	77.444	532	115	2	21103593	21104124	1	527	0.0	869
XP_019175963.1	tr|A0A2G9HF72|A0A2G9HF72_9LAMI	77.947	526	116	0	21103593	21104118	1	526	0.0	868
XP_019175963.1	tr|B9SBG5|B9SBG5_RICCO	78.887	521	96	4	8200467	8200980	1	514	0.0	865
XP_019175963.1	tr|A0A0G7ZP02|A0A0G7ZP02_PICGL	81.563	499	91	1	24628540	24629038	9	506	0.0	864
XP_019175963.1	tr|A0A2P6PX98|A0A2P6PX98_ROSCH	78.918	536	111	2	21103589	21104124	6	539	0.0	863
XP_019175963.1	tr|A0A151SWS0|A0A151SWS0_CAJCA	78.227	519	103	3	8200471	8200980	5	522	0.0	860
XP_019175963.1	sp|Q9MBA1|CAO_ARATH	76.262	535	124	2	21103593	21104124	1	535	0.0	860
XP_019175963.1	tr|A0A7C8ZJZ8|A0A7C8ZJZ8_OPUST	76.966	534	121	2	21103593	21104125	35	567	0.0	859
XP_019175963.1	tr|A0A5B6YN14|A0A5B6YN14_DAVIN	71.717	594	154	6	11088450	11089035	1	588	0.0	856
XP_019175963.1	tr|A0A5B6YLU8|A0A5B6YLU8_DAVIN	71.717	594	154	6	11088450	11089035	35	622	0.0	855
XP_019175963.1	tr|A0A2I0BAF4|A0A2I0BAF4_9ASPA	78.723	517	98	3	21103621	21104125	108	624	0.0	852
XP_019175963.1	tr|B9RG11|B9RG11_RICCO	84.504	484	75	0	21704420	21704903	3	486	0.0	848
XP_019175963.1	tr|E3T9X1|E3T9X1_ALLSA	81.174	494	91	2	24628548	24629039	14	507	0.0	846
XP_019175963.1	tr|A0A0B2SLU3|A0A0B2SLU3_GLYSO	76.291	523	114	3	8200467	8200980	1	522	0.0	842
XP_019175963.1	sp|Q8S7E1|CAO_ORYSJ	77.909	507	105	2	21103622	21104124	31	534	0.0	838
XP_019175963.1	tr|A0A6B9FBP9|A0A6B9FBP9_9ROSI	76.436	505	118	1	6109852	6110356	10	513	0.0	836
XP_019175963.1	tr|A0A2G9GCD1|A0A2G9GCD1_9LAMI	75.439	513	123	2	13175511	13176023	1	510	0.0	835
XP_019175963.1	tr|A0A2N9QL60|A0A2N9QL60_9MAGN	76.758	512	116	2	13173307	13173818	1	509	0.0	835
XP_019175963.1	tr|A0A5A7R584|A0A5A7R584_STRAF	58.087	711	244	12	4663521	4664220	1	668	0.0	834
XP_019175963.1	tr|A0A0B2S070|A0A0B2S070_GLYSO	63.636	616	223	1	26074799	26075414	1	615	0.0	830
XP_019175963.1	tr|A0A0B2RE17|A0A0B2RE17_GLYSO	89.838	433	44	0	24628607	24629039	1	433	0.0	828
XP_019175963.1	tr|B9SJN4|B9SJN4_RICCO	76.892	489	112	1	6109868	6110356	20	507	0.0	824
XP_019175963.1	tr|A0A0B2PSW0|A0A0B2PSW0_GLYSO	74.556	507	127	2	6109852	6110357	1	506	0.0	822
XP_019175963.1	tr|A0A0B2RQC9|A0A0B2RQC9_GLYSO	79.959	484	97	0	21704420	21704903	3	486	0.0	818
XP_019175963.1	tr|A0A2G9GYK1|A0A2G9GYK1_9LAMI	68.341	657	183	9	20197933	20198582	2	640	0.0	816
XP_019175963.1	tr|Q9XEH8|Q9XEH8_PINTA	79.920	503	100	1	24628534	24629036	3	504	0.0	816
XP_019175963.1	tr|B9RNS2|B9RNS2_RICCO	73.922	510	118	4	23847315	23847814	48	552	0.0	815
XP_019175963.1	tr|A0A0B2QCG8|A0A0B2QCG8_GLYSO	79.710	483	98	0	21704421	21704903	4	486	0.0	812
XP_019175963.1	tr|A0A0B2PHR0|A0A0B2PHR0_GLYSO	73.373	507	133	2	6109852	6110357	1	506	0.0	810
XP_019175963.1	tr|B9S5P8|B9S5P8_RICCO	77.821	514	108	4	13053941	13054452	1	510	0.0	810
XP_019175963.1	tr|Q9ZSR0|Q9ZSR0_MESCR	73.805	523	124	3	25450227	25450736	21	543	0.0	808
XP_019175963.1	tr|A0A328DUZ5|A0A328DUZ5_9ASTE	79.882	507	100	2	17524516	17525020	1	507	0.0	806
XP_019175963.1	tr|A0A151TAP4|A0A151TAP4_CAJCA	75.254	493	121	1	6109865	6110357	15	506	0.0	806
XP_019175963.1	tr|A0A2P6RES1|A0A2P6RES1_ROSCH	67.667	600	180	8	20197985	20198578	36	627	0.0	804
XP_019175963.1	tr|A0A2G9I963|A0A2G9I963_9LAMI	81.385	462	86	0	10503092	10503553	2	463	0.0	802
XP_019175963.1	tr|A0A2G9H4W9|A0A2G9H4W9_9LAMI	80.388	464	89	1	10503086	10503549	3	464	0.0	799
XP_019175963.1	tr|B9SAB8|B9SAB8_RICCO	77.453	479	105	1	920342	920817	1	479	0.0	797
XP_019175963.1	tr|A0A2I0B995|A0A2I0B995_9ASPA	73.120	532	98	2	21704417	21704903	4	535	0.0	796
XP_019175963.1	tr|A0A2G9GCC6|A0A2G9GCC6_9LAMI	72.710	513	137	2	13175511	13176023	1	510	0.0	796
XP_019175963.1	tr|J7FTV2|J7FTV2_COFAR	74.642	489	123	1	6109868	6110356	17	504	0.0	795
XP_019175963.1	tr|A0A2G9H9I1|A0A2G9H9I1_9LAMI	72.348	575	131	7	9792656	9793209	1	568	0.0	794
XP_019175963.1	tr|A0A1D8RF31|A0A1D8RF31_OROCE	78.846	468	95	1	10503086	10503553	1	464	0.0	793
XP_019175963.1	tr|G7KSJ1|G7KSJ1_MEDTR	65.741	648	190	8	20197936	20198582	1	617	0.0	791
XP_019175963.1	tr|A0A1D8RF30|A0A1D8RF30_OROMI	78.419	468	97	1	10503086	10503553	1	464	0.0	791
XP_019175963.1	tr|W5XMH0|W5XMH0_9MONI	75.050	497	121	2	24628540	24629036	14	507	0.0	788
XP_019175963.1	tr|B9SRM4|B9SRM4_RICCO	74.269	513	126	4	18932822	18933329	1	512	0.0	787
XP_019175963.1	tr|B9RY37|B9RY37_RICCO	81.637	452	81	1	10503104	10503553	17	468	0.0	784
XP_019175963.1	tr|A0A220NVG5|A0A220NVG5_CAMSI	79.701	468	90	3	10503086	10503553	1	463	0.0	783
XP_019175963.1	tr|I1X0L7|I1X0L7_HORVU	72.621	515	127	4	21103622	21104124	31	543	0.0	783
XP_019175963.1	tr|I1X0L6|I1X0L6_HORVV	72.621	515	127	4	21103622	21104124	31	543	0.0	783
XP_019175963.1	tr|F8QM88|F8QM88_PHYPA	70.727	509	145	2	24628530	24629036	8	514	0.0	780
XP_019175963.1	tr|D7TFC7|D7TFC7_VITVI	83.296	443	72	2	10503113	10503553	28	470	0.0	779
XP_019175963.1	tr|A0A220NVG6|A0A220NVG6_CAMSI	85.253	434	62	1	10503120	10503553	35	466	0.0	779
XP_019175963.1	tr|A0A151SI06|A0A151SI06_CAJCA	79.610	461	91	2	10503092	10503552	4	461	0.0	777
XP_019175963.1	tr|A0A0B2PD37|A0A0B2PD37_GLYSO	83.450	429	70	1	25450264	25450692	40	467	0.0	776
XP_019175963.1	tr|A0A5B7BNA7|A0A5B7BNA7_DAVIN	72.510	502	131	3	14338201	14338697	50	549	0.0	776
XP_019175963.1	tr|A0A346TLE7|A0A346TLE7_NARPA	71.888	498	138	2	6109859	6110356	10	505	0.0	776
XP_019175963.1	sp|A0A2H5AIX6|C3H_NARPS	72.088	498	137	2	6109859	6110356	10	505	0.0	776
XP_019175963.1	tr|A0A2G9G9G9|A0A2G9G9G9_9LAMI	77.495	471	102	3	3548080	3548550	16	482	0.0	775
XP_019175963.1	tr|A0A2G9GRB3|A0A2G9GRB3_9LAMI	69.625	507	152	1	24628535	24629039	1	507	0.0	775
XP_019175963.1	tr|Q40093|Q40093_IPONI	100.000	370	0	0	27043804	27044173	1	370	0.0	775
XP_019175963.1	tr|A0A0B2QRS7|A0A0B2QRS7_GLYSO	65.972	576	186	4	25462780	25463354	33	599	0.0	774
XP_019175963.1	tr|A0A2G9GR86|A0A2G9GR86_9LAMI	68.836	507	156	1	24628535	24629039	1	507	0.0	773
XP_019175963.1	tr|F2VR48|F2VR48_PRUAV	70.955	513	140	3	5287766	5288278	2	505	0.0	769
XP_019175963.1	tr|G7JNJ0|G7JNJ0_MEDTR	62.647	597	203	5	11088449	11089036	1	586	0.0	768
XP_019175963.1	tr|B9RC34|B9RC34_RICCO	79.680	438	89	0	22457038	22457475	4	441	0.0	768
XP_019175963.1	tr|R9WS52|R9WS52_9ROSI	71.899	516	136	3	5287763	5288278	1	507	0.0	767
XP_019175963.1	tr|G7IGS4|G7IGS4_MEDTR	69.982	553	154	6	9792663	9793209	1	547	0.0	766
XP_019175963.1	tr|B9SRM5|B9SRM5_RICCO	70.000	510	149	4	18932822	18933329	1	508	0.0	764
XP_019175963.1	tr|A0A1Z2R7G7|A0A1Z2R7G7_MARPA	70.518	502	145	2	24628537	24629038	1	499	0.0	763
XP_019175963.1	tr|A0A2G9GPW3|A0A2G9GPW3_9LAMI	73.958	480	124	1	4701582	4702060	11	490	0.0	763
XP_019175963.1	tr|B9SIU0|B9SIU0_RICCO	81.609	435	80	0	14844393	14844827	1	435	0.0	763
XP_019175963.1	tr|A0A1D8RF46|A0A1D8RF46_STRHE	77.802	464	97	2	10503086	10503549	1	458	0.0	762
XP_019175963.1	tr|A0A2P6SM95|A0A2P6SM95_ROSCH	71.150	565	145	5	9792658	9793209	1	560	0.0	760
XP_019175963.1	tr|A0A2P6QN03|A0A2P6QN03_ROSCH	66.724	580	178	7	11088449	11089021	1	572	0.0	759
XP_019175963.1	tr|A0A3G1WR69|A0A3G1WR69_9LAMI	69.368	506	153	2	6109852	6110356	1	505	0.0	758
XP_019175963.1	tr|M4DET1|M4DET1_BRARP	60.620	645	181	12	4494267	4494894	1	589	0.0	758
XP_019175963.1	tr|A0A0N6XG41|A0A0N6XG41_LYCBA	73.218	519	134	3	5287763	5288280	1	515	0.0	756
XP_019175963.1	tr|A0A1D8RF49|A0A1D8RF49_TRIVS	76.119	469	106	3	10503086	10503552	1	465	0.0	756
XP_019175963.1	tr|A0A1D8RF66|A0A1D8RF66_TRIVS	80.275	436	86	0	10503114	10503549	29	464	0.0	756
XP_019175963.1	tr|A0A3P6BL07|A0A3P6BL07_BRACM	60.620	645	179	12	4494267	4494894	1	587	0.0	756
XP_019175963.1	tr|A0A1Z2R7H6|A0A1Z2R7H6_9MARC	71.315	502	141	2	24628537	24629038	29	527	0.0	755
XP_019175963.1	tr|A0A1Z2R7G8|A0A1Z2R7G8_9MARC	71.142	499	141	2	24628540	24629038	40	535	0.0	755
XP_019175963.1	tr|A0A0N6VV42|A0A0N6VV42_LYCRU	73.025	519	135	3	5287763	5288280	1	515	0.0	755
XP_019175963.1	tr|A0A2R4SC77|A0A2R4SC77_CAMSI	77.854	438	97	0	4701612	4702049	36	473	0.0	754
XP_019175963.1	tr|U5YM12|U5YM12_MALDO	70.612	490	141	3	3548067	3548556	17	503	0.0	754
XP_019175963.1	tr|A0A7C9AVG5|A0A7C9AVG5_OPUST	74.903	514	124	4	9792699	9793209	63	574	0.0	753
XP_019175963.1	tr|B9SKJ4|B9SKJ4_RICCO	71.545	492	132	5	3548063	3548550	1	488	0.0	753
XP_019175963.1	tr|A0A5B7CD35|A0A5B7CD35_DAVIN	71.595	514	141	2	17524512	17525021	19	531	0.0	753
XP_019175963.1	tr|A0A565BBF9|A0A565BBF9_9BRAS	60.726	634	212	9	4494267	4494896	1	601	0.0	753
XP_019175963.1	tr|A0A1D8RF50|A0A1D8RF50_TRIVS	77.007	461	105	1	10503092	10503552	4	463	0.0	752
XP_019175963.1	tr|J3T3R0|J3T3R0_PHERA	75.641	468	109	2	10503086	10503553	1	463	0.0	751
XP_019175963.1	tr|B9S6I4|B9S6I4_RICCO	75.472	477	108	3	1290995	1291471	1	468	0.0	751
XP_019175963.1	tr|A0A151R0U6|A0A151R0U6_CAJCA	80.370	433	84	1	10503120	10503552	25	456	0.0	750
XP_019175963.1	tr|A0A1Z1MY54|A0A1Z1MY54_PEA	80.556	432	83	1	10503121	10503552	34	464	0.0	749
XP_019175963.1	tr|F4YYF2|F4YYF2_CYNCS	74.227	485	119	2	5287794	5288278	31	509	0.0	749
XP_019175963.1	tr|A0A1D8RF65|A0A1D8RF65_STRHE	76.600	453	105	1	10503097	10503549	9	460	0.0	749
XP_019175963.1	tr|A0A444YQ92|A0A444YQ92_ARAHY	88.321	411	40	4	4662029	4662433	1	409	0.0	748
XP_019175963.1	tr|B9T450|B9T450_RICCO	81.678	453	76	3	17250915	17251362	26	476	0.0	747
XP_019175963.1	tr|A0A2G9H6R5|A0A2G9H6R5_9LAMI	69.412	510	149	3	19194832	19195335	1	509	0.0	746
XP_019175963.1	tr|D8S0Y1|D8S0Y1_SELML	73.705	502	128	2	24628538	24629039	34	531	0.0	746
XP_019175963.1	tr|I1WYE8|I1WYE8_PAELC	71.899	516	136	3	5287763	5288278	1	507	0.0	746
XP_019175963.1	tr|A0A6D2JSS6|A0A6D2JSS6_9BRAS	59.174	654	223	12	4494267	4494915	1	615	0.0	746
XP_019175963.1	tr|A0A0B2P7N6|A0A0B2P7N6_GLYSO	76.368	457	106	2	10503097	10503552	9	464	0.0	746
XP_019175963.1	tr|A0A220NVG1|A0A220NVG1_CAMSI	80.174	459	85	3	17250909	17251362	33	490	0.0	744
XP_019175963.1	tr|F8QM89|F8QM89_SELML	73.506	502	129	2	24628538	24629039	34	531	0.0	744
XP_019175963.1	tr|A0A5B6V7Z5|A0A5B6V7Z5_9ROSI	87.931	406	47	2	4662029	4662433	1	405	0.0	744
XP_019175963.1	tr|B9SPT3|B9SPT3_RICCO	74.304	467	113	2	920354	920816	6	469	0.0	744
XP_019175963.1	tr|B9R9T7|B9R9T7_RICCO	74.031	516	124	3	9792699	9793209	57	567	0.0	743
XP_019175963.1	tr|D2XSZ1|D2XSZ1_CHRMO	71.512	516	136	5	5287763	5288278	1	505	0.0	743
XP_019175963.1	tr|A0A067EQI5|A0A067EQI5_CITSI	86.779	416	44	3	4662029	4662433	1	416	0.0	743
XP_019175963.1	tr|A0A2H5N047|A0A2H5N047_CITUN	86.779	416	44	3	4662029	4662433	1	416	0.0	743
XP_019175963.1	tr|W9SI76|W9SI76_9ROSA	88.206	407	44	3	4662029	4662433	1	405	0.0	741
XP_019175963.1	tr|A0A151TAJ7|A0A151TAJ7_CAJCA	88.753	409	37	4	4662029	4662433	20	423	0.0	741
XP_019175963.1	tr|D2XSY7|D2XSY7_CHRMO	71.318	516	137	5	5287763	5288278	1	505	0.0	741
XP_019175963.1	tr|M9Q2P3|M9Q2P3_VITVI	75.636	472	111	4	9379621	9380092	2	469	0.0	741
XP_019175963.1	tr|D2XSZ2|D2XSZ2_CHRMO	71.318	516	137	5	5287763	5288278	1	505	0.0	741
XP_019175963.1	tr|V4UVH4|V4UVH4_CITCL	86.538	416	45	3	4662029	4662433	1	416	0.0	741
XP_019175963.1	tr|A0A6I9SKW5|A0A6I9SKW5_SESIN	86.732	407	44	3	4662029	4662433	1	399	0.0	740
XP_019175963.1	tr|A0A1D8RF48|A0A1D8RF48_PHERA	73.404	470	122	3	4701578	4702044	1	470	0.0	740
XP_019175963.1	tr|A0A6P6AN30|A0A6P6AN30_DURZI	87.224	407	47	4	4662029	4662433	1	404	0.0	740
XP_019175963.1	tr|A0A2H5MZP1|A0A2H5MZP1_CITUN	86.957	414	43	3	4662029	4662431	1	414	0.0	740
XP_019175963.1	tr|D2XSY8|D2XSY8_CHRMO	71.318	516	137	5	5287763	5288278	1	505	0.0	740
XP_019175963.1	tr|D5M8Q3|D5M8Q3_9MAGN	67.946	521	160	3	27114887	27115407	1	514	0.0	739
XP_019175963.1	tr|D8SBK8|D8SBK8_SELML	75.966	466	108	2	24628574	24629039	70	531	0.0	739
XP_019175963.1	tr|A0A0B2Q5U7|A0A0B2Q5U7_GLYSO	80.178	449	85	2	17250917	17251362	28	475	0.0	739
XP_019175963.1	tr|A0A2P2L4V2|A0A2P2L4V2_RHIMU	87.500	408	46	2	4662029	4662433	1	406	0.0	738
XP_019175963.1	tr|A0A6A3A0D2|A0A6A3A0D2_HIBSY	86.453	406	53	2	4662029	4662433	9	413	0.0	738
XP_019175963.1	tr|A0A0A1E1Y4|A0A0A1E1Y4_9SOLA	73.888	517	130	3	5287763	5288278	1	513	0.0	738
XP_019175963.1	tr|A0A0A1E1K2|A0A0A1E1K2_9SOLA	73.603	519	132	3	5287763	5288280	1	515	0.0	738
XP_019175963.1	tr|A0A6A2XJ80|A0A6A2XJ80_HIBSY	86.732	407	51	2	4662029	4662433	1	406	0.0	738
XP_019175963.1	tr|D2XSZ0|D2XSZ0_CHRMO	71.124	516	138	5	5287763	5288278	1	505	0.0	737
XP_019175963.1	tr|A0A2S1Q4X0|A0A2S1Q4X0_CHRMO	71.236	518	134	5	5287763	5288278	1	505	0.0	737
XP_019175963.1	tr|A0A371FAY8|A0A371FAY8_MUCPR	87.073	410	46	3	4662029	4662433	36	443	0.0	737
XP_019175963.1	tr|A0A218WJV9|A0A218WJV9_PUNGR	85.577	416	58	2	4662020	4662433	58	473	0.0	737
XP_019175963.1	tr|A0A2G3BIA1|A0A2G3BIA1_CAPCH	86.914	405	48	2	4662029	4662433	1	400	0.0	736
XP_019175963.1	tr|A0A1U8EC90|A0A1U8EC90_CAPAN	86.914	405	48	2	4662029	4662433	1	400	0.0	736
XP_019175963.1	tr|A0A2G2Y146|A0A2G2Y146_CAPAN	86.914	405	48	2	4662029	4662433	1	400	0.0	736
XP_019175963.1	tr|A0A2G9GCT6|A0A2G9GCT6_9LAMI	69.884	518	146	4	5287762	5288278	1	509	0.0	736
XP_019175963.1	tr|A0A2G2VW33|A0A2G2VW33_CAPBA	86.914	405	48	2	4662029	4662433	1	400	0.0	736
XP_019175963.1	tr|A5BKI4|A5BKI4_VITVI	86.829	410	43	4	4662028	4662433	1	403	0.0	735
XP_019175963.1	tr|A0A2G9FZ27|A0A2G9FZ27_9LAMI	68.762	525	156	4	10642101	10642620	4	525	0.0	735
XP_019175963.1	tr|A0A438BXU2|A0A438BXU2_VITVI	86.829	410	43	4	4662028	4662433	1	403	0.0	735
XP_019175963.1	tr|A0A0A1DZD6|A0A0A1DZD6_9SOLA	73.501	517	131	3	5287763	5288278	1	512	0.0	735
XP_019175963.1	tr|A0A6P8DF04|A0A6P8DF04_PUNGR	87.224	407	50	2	4662029	4662433	1	407	0.0	735
XP_019175963.1	tr|F6HQS3|F6HQS3_VITVI	87.042	409	42	4	4662029	4662433	1	402	0.0	734
XP_019175963.1	tr|A0A6P4DQR8|A0A6P4DQR8_ARADU	87.409	413	42	5	4662029	4662433	1	411	0.0	734
XP_019175963.1	tr|A0A445CRY0|A0A445CRY0_ARAHY	87.409	413	42	5	4662029	4662433	1	411	0.0	734
XP_019175963.1	tr|A0A0S3RWT2|A0A0S3RWT2_PHAAN	87.042	409	41	4	4662029	4662433	23	423	0.0	734
XP_019175963.1	tr|Q17UU7|Q17UU7_TRIRP	87.160	405	51	1	4662029	4662433	1	404	0.0	734
XP_019175963.1	tr|B9SN45|B9SN45_RICCO	75.322	466	109	4	14399670	14400133	15	476	0.0	734
XP_019175963.1	tr|A0A067JDP1|A0A067JDP1_JATCU	86.765	408	48	2	4662029	4662433	1	405	0.0	734
XP_019175963.1	tr|A0A0L9U796|A0A0L9U796_PHAAN	87.042	409	41	4	4662029	4662433	1	401	0.0	734
XP_019175963.1	tr|A0A1S3TC23|A0A1S3TC23_VIGRR	86.797	409	42	4	4662029	4662433	1	401	0.0	733
XP_019175963.1	tr|V7CX10|V7CX10_PHAVU	86.829	410	44	4	4662029	4662433	1	405	0.0	733
XP_019175963.1	tr|A0A6P4AQZ3|A0A6P4AQZ3_ZIZJJ	86.520	408	51	3	4662029	4662433	1	407	0.0	733
XP_019175963.1	tr|A0A1R3JVD5|A0A1R3JVD5_COCAP	86.700	406	52	2	4662029	4662433	1	405	0.0	733
XP_019175963.1	tr|A0A1Z1MY52|A0A1Z1MY52_PEA	75.271	461	113	1	10503092	10503552	4	463	0.0	732
XP_019175963.1	tr|A0A5C7INS1|A0A5C7INS1_9ROSI	85.784	408	54	3	4662029	4662433	1	407	0.0	731
XP_019175963.1	tr|A0A0A0L1I7|A0A0A0L1I7_CUCSA	87.073	410	45	3	4662030	4662433	4	411	0.0	731
XP_019175963.1	tr|A0A1X9H7V5|A0A1X9H7V5_TRIWF	69.450	491	146	4	3548063	3548553	1	487	0.0	731
XP_019175963.1	tr|B9SCF8|B9SCF8_RICCO	86.064	409	49	3	4662029	4662433	1	405	0.0	731
XP_019175963.1	tr|I3SCT7|I3SCT7_LOTJA	87.097	403	49	2	4662033	4662433	1	402	0.0	731
XP_019175963.1	tr|A0A0D2QAJ3|A0A0D2QAJ3_GOSRA	87.438	406	49	2	4662029	4662433	1	405	0.0	731
XP_019175963.1	tr|B9RYI0|B9RYI0_RICCO	72.246	472	127	3	4701578	4702046	1	471	0.0	731
XP_019175963.1	tr|A0A4D6M6X8|A0A4D6M6X8_VIGUN	86.553	409	46	3	4662029	4662433	1	404	0.0	730
XP_019175963.1	tr|A0A2K3NS72|A0A2K3NS72_TRIPR	86.667	405	53	1	4662029	4662433	1	404	0.0	730
XP_019175963.1	tr|A0A6M2ELX1|A0A6M2ELX1_9ROSI	87.469	407	47	2	4662029	4662433	1	405	0.0	730
XP_019175963.1	tr|D2XSY9|D2XSY9_CHRMO	70.930	516	139	5	5287763	5288278	1	505	0.0	730
XP_019175963.1	tr|A0A1Z2R7H4|A0A1Z2R7H4_CONJP	69.897	485	143	2	24628554	24629037	32	514	0.0	729
XP_019175963.1	tr|A0A4U5QGP5|A0A4U5QGP5_POPAL	86.732	407	50	2	4662029	4662433	1	405	0.0	729
XP_019175963.1	tr|A0A2I4G7R4|A0A2I4G7R4_JUGRE	85.539	408	55	3	4662029	4662433	1	407	0.0	729
XP_019175963.1	tr|A0A5D2HP31|A0A5D2HP31_GOSDA	86.946	406	51	2	4662029	4662433	1	405	0.0	729
XP_019175963.1	tr|A0A5D2RU45|A0A5D2RU45_GOSTO	86.946	406	51	2	4662029	4662433	1	405	0.0	729
XP_019175963.1	tr|A0A1U8L0C0|A0A1U8L0C0_GOSHI	86.946	406	51	2	4662029	4662433	1	405	0.0	729
XP_019175963.1	tr|A0A1U8L0D1|A0A1U8L0D1_GOSHI	87.192	406	50	2	4662029	4662433	1	405	0.0	729
XP_019175963.1	tr|A0A5J5SRE6|A0A5J5SRE6_GOSBA	87.192	406	50	2	4662029	4662433	1	405	0.0	729
XP_019175963.1	tr|A0A5J5X0Z1|A0A5J5X0Z1_GOSBA	86.946	406	51	2	4662029	4662433	1	405	0.0	729
XP_019175963.1	tr|A0A0B0Q0G0|A0A0B0Q0G0_GOSAR	86.946	406	51	2	4662029	4662433	1	405	0.0	729
XP_019175963.1	tr|A0A0B2RW13|A0A0B2RW13_GLYSO	53.343	718	241	8	3722890	3723588	38	680	0.0	729
XP_019175963.1	tr|A0A5D3AJ83|A0A5D3AJ83_GOSMU	86.946	406	51	2	4662029	4662433	1	405	0.0	728
XP_019175963.1	tr|A0A220NVG9|A0A220NVG9_CAMSI	73.820	466	120	2	9379627	9380092	7	470	0.0	728
XP_019175963.1	tr|A0A220NVF9|A0A220NVF9_CAMSI	72.128	470	127	3	3548082	3548551	21	486	0.0	728
XP_019175963.1	tr|A0A6J1GEB5|A0A6J1GEB5_CUCMO	87.073	410	45	4	4662030	4662433	4	411	0.0	728
XP_019175963.1	tr|A0A3Q7K7L0|A0A3Q7K7L0_CICAR	86.667	405	53	1	4662029	4662433	1	404	0.0	728
XP_019175963.1	tr|A0A2C9V8M3|A0A2C9V8M3_MANES	86.585	410	42	3	4662029	4662433	1	402	0.0	728
XP_019175963.1	tr|A0A5D2DTR1|A0A5D2DTR1_GOSDA	87.192	406	50	2	4662029	4662433	1	405	0.0	728
XP_019175963.1	tr|A0A6P5YRB1|A0A6P5YRB1_DURZI	86.667	405	49	2	4662029	4662433	1	400	0.0	728
XP_019175963.1	tr|A0A1Z2R7G9|A0A1Z2R7G9_MARPA	67.665	501	159	2	24628538	24629037	16	514	0.0	728
XP_019175963.1	tr|A0A151SLP0|A0A151SLP0_CAJCA	76.139	461	98	8	12590801	12591257	4	456	0.0	728
XP_019175963.1	tr|B9SF17|B9SF17_RICCO	79.176	437	86	3	15823018	15823452	13	446	0.0	728
XP_019175963.1	tr|A0A0K9QDI4|A0A0K9QDI4_SPIOL	86.946	406	48	2	4662029	4662433	1	402	0.0	727
XP_019175963.1	tr|A0A6J1INY1|A0A6J1INY1_CUCMA	86.618	411	45	5	4662030	4662433	4	411	0.0	727
XP_019175963.1	tr|A0A5D2MCZ2|A0A5D2MCZ2_GOSTO	86.946	406	51	2	4662029	4662433	1	405	0.0	726
XP_019175963.1	sp|Q9LMA1|FMO1_ARATH	65.226	509	174	3	14337610	14338117	12	518	0.0	726
XP_019175963.1	tr|A0A5D2WAG7|A0A5D2WAG7_GOSMU	86.946	406	51	2	4662029	4662433	1	405	0.0	726
XP_019175963.1	tr|A0A068V387|A0A068V387_COFCA	84.652	417	45	4	4662035	4662433	11	426	0.0	726
XP_019175963.1	tr|A0A6P6SZV7|A0A6P6SZV7_COFAR	84.652	417	45	4	4662035	4662433	12	427	0.0	726
XP_019175963.1	tr|A0A1S3CNU0|A0A1S3CNU0_CUCME	86.585	410	47	3	4662030	4662433	4	411	0.0	725
XP_019175963.1	tr|A0A5D3E064|A0A5D3E064_CUCME	86.585	410	47	3	4662030	4662433	4	411	0.0	725
XP_019175963.1	sp|Q6SJV8|CRD1_GOSHI	86.453	406	53	2	4662029	4662433	1	405	0.0	725
XP_019175963.1	tr|A9PJB0|A9PJB0_9ROSI	85.995	407	53	2	4662029	4662433	1	405	0.0	725
XP_019175963.1	tr|I1N8L0|I1N8L0_SOYBN	86.650	412	45	5	4662029	4662433	16	424	0.0	725
XP_019175963.1	tr|A0A445FFJ1|A0A445FFJ1_GLYSO	86.650	412	45	5	4662029	4662433	16	424	0.0	725
XP_019175963.1	tr|A0A0B2PTL5|A0A0B2PTL5_GLYSO	86.881	404	48	3	4662034	4662433	22	424	0.0	724
XP_019175963.1	tr|I1JMX7|I1JMX7_SOYBN	86.881	404	48	3	4662034	4662433	22	424	0.0	724
XP_019175963.1	tr|A0A1Z2R7G6|A0A1Z2R7G6_CONJP	72.187	471	128	2	24628568	24629038	59	526	0.0	724
XP_019175963.1	tr|A0A2K1ZVX9|A0A2K1ZVX9_POPTR	85.749	407	54	2	4662029	4662433	1	405	0.0	724
XP_019175963.1	tr|A0A2G9H4H9|A0A2G9H4H9_9LAMI	73.904	456	118	1	20623794	20624249	22	476	0.0	724
XP_019175963.1	tr|A0A6I9U3X0|A0A6I9U3X0_SESIN	68.762	509	148	2	17524513	17525021	7	504	0.0	724
XP_019175963.1	tr|A0A2P5BIF4|A0A2P5BIF4_PARAD	88.020	409	43	3	4662029	4662433	1	407	0.0	723
XP_019175963.1	tr|A0A5J4ZH02|A0A5J4ZH02_9ASTE	88.670	406	44	2	4662029	4662433	1	405	0.0	723
XP_019175963.1	tr|A0A6A6M058|A0A6A6M058_HEVBR	86.765	408	47	4	4662029	4662433	1	404	0.0	723
XP_019175963.1	tr|A0A151SPY3|A0A151SPY3_CAJCA	78.652	445	91	2	17250921	17251362	1	444	0.0	723
XP_019175963.1	tr|A0A2R6RIS3|A0A2R6RIS3_ACTCC	84.578	415	54	2	4662029	4662433	1	415	0.0	722
XP_019175963.1	tr|A0A6J1HRT5|A0A6J1HRT5_CUCMA	86.341	410	48	3	4662030	4662433	4	411	0.0	722
XP_019175963.1	tr|G7L4R0|G7L4R0_MEDTR	86.241	407	50	2	4662029	4662433	1	403	0.0	722
XP_019175963.1	tr|A0A0G2T3P2|A0A0G2T3P2_9ROSI	66.604	533	162	4	17524497	17525021	47	571	0.0	722
XP_019175963.1	tr|A0A2H5N0J0|A0A2H5N0J0_CITUN	79.646	452	43	4	4662029	4662431	1	452	0.0	721
XP_019175963.1	tr|A0A0D2NRL8|A0A0D2NRL8_GOSRA	85.542	415	49	3	4662029	4662433	1	414	0.0	721
XP_019175963.1	tr|A0A1Q3BBS9|A0A1Q3BBS9_CEPFO	84.314	408	60	2	4662029	4662433	1	407	0.0	721
XP_019175963.1	tr|A0A1Z2R7I0|A0A1Z2R7I0_9MARC	69.295	482	145	2	24628557	24629037	35	514	0.0	721
XP_019175963.1	tr|B9S6B8|B9S6B8_RICCO	70.082	488	137	2	23558417	23558901	11	492	0.0	720
XP_019175963.1	tr|A0A1Z2R7H5|A0A1Z2R7H5_9MARC	69.583	480	143	2	24628559	24629037	34	511	0.0	720
XP_019175963.1	tr|A0A6J0KE90|A0A6J0KE90_RAPSA	85.922	412	48	4	4662029	4662433	1	409	0.0	720
XP_019175963.1	tr|A0A2U1KFK3|A0A2U1KFK3_ARTAN	84.864	403	59	1	4662033	4662433	1	403	0.0	720
XP_019175963.1	tr|I3S2P0|I3S2P0_MEDTR	85.995	407	51	2	4662029	4662433	1	403	0.0	719
XP_019175963.1	tr|A0A061F2X1|A0A061F2X1_THECC	85.714	413	53	4	4662022	4662433	65	472	0.0	719
XP_019175963.1	tr|M1AAS7|M1AAS7_SOLTU	88.452	407	42	4	4662029	4662433	1	404	0.0	718
XP_019175963.1	tr|A0A6P6T1I4|A0A6P6T1I4_COFAR	83.732	418	48	2	4662035	4662433	12	428	0.0	718
XP_019175963.1	tr|A0A2I0A0A3|A0A2I0A0A3_9ASPA	62.521	587	199	8	20198008	20198578	61	642	0.0	718
XP_019175963.1	tr|A0A022PWU1|A0A022PWU1_ERYGU	85.575	409	50	3	4662029	4662433	1	404	0.0	718
XP_019175963.1	tr|A0A1J3C872|A0A1J3C872_NOCCA	84.988	413	50	4	4662029	4662433	17	425	0.0	718
XP_019175963.1	tr|A0A1J3IT13|A0A1J3IT13_NOCCA	84.988	413	50	4	4662029	4662433	17	425	0.0	718
XP_019175963.1	tr|A0A5N5M985|A0A5N5M985_9ROSI	85.679	405	58	0	4662029	4662433	1	405	0.0	718
XP_019175963.1	sp|Q9FF18|C7351_ARATH	70.623	514	148	3	9990499	9991011	5	516	0.0	717
XP_019175963.1	tr|A0A4P9CZG4|A0A4P9CZG4_CINCA	85.926	405	49	2	4662029	4662433	1	397	0.0	717
XP_019175963.1	tr|A0A6L2LA50|A0A6L2LA50_TANCI	84.864	403	59	1	4662033	4662433	1	403	0.0	717
XP_019175963.1	tr|A0A2G9G8E9|A0A2G9G8E9_9LAMI	65.339	502	170	4	823428	823929	6	503	0.0	717
XP_019175963.1	tr|A0A5N6PBW9|A0A5N6PBW9_9ASTR	83.130	409	64	2	4662029	4662433	1	408	0.0	717
XP_019175963.1	tr|A0A3P6H1W7|A0A3P6H1W7_BRAOL	85.680	412	49	4	4662029	4662433	1	409	0.0	717
XP_019175963.1	tr|A0A565BX76|A0A565BX76_9BRAS	85.472	413	48	4	4662029	4662433	1	409	0.0	717
XP_019175963.1	tr|B9SMA4|B9SMA4_RICCO	65.613	538	171	5	9987745	9988279	9	535	0.0	717
XP_019175963.1	tr|A0A1J3EIM9|A0A1J3EIM9_NOCCA	85.122	410	55	3	4662029	4662433	28	436	0.0	716
XP_019175963.1	tr|A0A0G2T572|A0A0G2T572_9ROSI	67.906	511	160	1	17524515	17525021	1	511	0.0	716
XP_019175963.1	tr|A0A1J3H4A2|A0A1J3H4A2_NOCCA	84.746	413	51	4	4662029	4662433	24	432	0.0	716
XP_019175963.1	tr|A0A3Q7IJU8|A0A3Q7IJU8_SOLLC	88.206	407	43	4	4662029	4662433	1	404	0.0	716
XP_019175963.1	sp|Q945B7|CRD1_EUPES	85.926	405	57	0	4662029	4662433	1	405	0.0	716
XP_019175963.1	tr|A0A3N6R3I5|A0A3N6R3I5_BRACR	85.680	412	49	4	4662029	4662433	1	409	0.0	716
XP_019175963.1	tr|A0A6P6WUE3|A0A6P6WUE3_COFAR	67.850	507	157	1	17524515	17525021	1	501	0.0	716
XP_019175963.1	tr|M4CGC3|M4CGC3_BRARP	85.437	412	50	4	4662029	4662433	1	409	0.0	716
XP_019175963.1	tr|A0A0G2T433|A0A0G2T433_9ROSI	68.350	515	151	3	17524515	17525021	1	511	0.0	716
XP_019175963.1	tr|A0A397YLW4|A0A397YLW4_BRACM	85.437	412	50	4	4662029	4662433	1	409	0.0	716
XP_019175963.1	tr|A0A6N2BDV4|A0A6N2BDV4_SOLCI	88.206	407	43	4	4662029	4662433	1	404	0.0	716
XP_019175963.1	tr|A0A6N2K056|A0A6N2K056_SALVM	84.709	412	56	1	4662029	4662433	1	412	0.0	715
XP_019175963.1	tr|A0A0G2T574|A0A0G2T574_9ROSI	68.023	516	152	3	17524515	17525021	7	518	0.0	715
XP_019175963.1	tr|A0A0D3CU75|A0A0D3CU75_BRAOL	85.437	412	50	4	4662029	4662433	1	409	0.0	715
XP_019175963.1	tr|B9RMP3|B9RMP3_RICCO	67.647	510	146	5	23801915	23802406	1	509	0.0	715
XP_019175963.1	tr|A0A1S4CQH8|A0A1S4CQH8_TOBAC	71.769	503	140	2	17524519	17525021	6	506	0.0	714
XP_019175963.1	tr|A0A251N5I2|A0A251N5I2_PRUPE	87.160	405	49	2	4662029	4662433	16	417	0.0	714
XP_019175963.1	tr|A0A2P5CDU5|A0A2P5CDU5_TREOI	88.020	409	43	3	4662029	4662433	1	407	0.0	714
XP_019175963.1	tr|A0A5E4GJM9|A0A5E4GJM9_PRUDU	87.160	405	49	2	4662029	4662433	16	417	0.0	714
XP_019175963.1	tr|A0A5J4ZGQ5|A0A5J4ZGQ5_9ASTE	88.452	407	44	2	4662029	4662433	1	406	0.0	714
XP_019175963.1	tr|A0A443N8J0|A0A443N8J0_9MAGN	85.432	405	51	2	4662029	4662433	1	397	0.0	714
XP_019175963.1	tr|A0A5E4GKA5|A0A5E4GKA5_PRUDU	87.160	405	49	2	4662029	4662433	12	413	0.0	713
XP_019175963.1	tr|A0A078IMW8|A0A078IMW8_BRANA	85.437	412	50	4	4662029	4662433	1	409	0.0	713
XP_019175963.1	tr|A0A0G2T3P7|A0A0G2T3P7_9ROSI	69.400	500	149	1	17524526	17525021	3	502	0.0	713
XP_019175963.1	tr|B9RLL3|B9RLL3_RICCO	72.885	461	118	3	10642167	10642621	1	460	0.0	713
XP_019175963.1	tr|A0A6D2KUG6|A0A6D2KUG6_9BRAS	84.878	410	54	3	4662029	4662433	1	407	0.0	713
XP_019175963.1	tr|A0A6A4PDE2|A0A6A4PDE2_LUPAL	85.258	407	56	3	4662029	4662433	1	405	0.0	713
XP_019175963.1	tr|A0A6J1EAS4|A0A6J1EAS4_CUCMO	86.420	405	47	3	4662035	4662433	10	412	0.0	713
XP_019175963.1	tr|A0A068TVP7|A0A068TVP7_COFCA	67.653	507	158	1	17524515	17525021	1	501	0.0	713
XP_019175963.1	tr|A0A6J5XXP3|A0A6J5XXP3_PRUAR	86.914	405	50	2	4662029	4662433	16	417	0.0	713
XP_019175963.1	tr|B9SY12|B9SY12_RICCO	67.653	507	133	2	16740310	16740816	7	482	0.0	713
XP_019175963.1	tr|B9T1Z9|B9T1Z9_RICCO	64.088	543	182	4	9987737	9988279	4	533	0.0	713
XP_019175963.1	tr|A0A1U7XPF7|A0A1U7XPF7_NICSY	70.775	503	145	2	17524519	17525021	6	506	0.0	712
XP_019175963.1	tr|A0A0G2T429|A0A0G2T429_9ROSI	67.710	511	157	4	17524515	17525021	3	509	0.0	712
XP_019175963.1	tr|A0A6P5T4U9|A0A6P5T4U9_PRUAV	87.160	405	49	2	4662029	4662433	16	417	0.0	712
XP_019175963.1	tr|A0A6P5T4U1|A0A6P5T4U1_PRUAV	87.160	405	49	2	4662029	4662433	1	402	0.0	712
XP_019175963.1	tr|A0A0G2T432|A0A0G2T432_9ROSI	68.023	516	152	3	17524515	17525021	19	530	0.0	712
XP_019175963.1	tr|A0A397Y117|A0A397Y117_BRACM	86.165	412	47	4	4662029	4662433	1	409	0.0	712
XP_019175963.1	tr|A0A0G2T430|A0A0G2T430_9ROSI	66.925	517	167	1	17524508	17525020	11	527	0.0	712
XP_019175963.1	tr|A0A6J5VE18|A0A6J5VE18_PRUAR	86.914	405	50	2	4662029	4662433	16	417	0.0	712
XP_019175963.1	tr|A0A2G9GVV1|A0A2G9GVV1_9LAMI	69.831	474	134	2	2073046	2073512	12	483	0.0	712
XP_019175963.1	tr|A0A251TI77|A0A251TI77_HELAN	83.942	411	53	4	4662029	4662433	1	404	0.0	712
XP_019175963.1	tr|A0A6P6WMR1|A0A6P6WMR1_COFAR	67.456	507	159	1	17524515	17525021	1	501	0.0	712
XP_019175963.1	tr|B9RYU2|B9RYU2_RICCO	65.858	536	163	8	10015335	10015863	3	525	0.0	712
XP_019175963.1	tr|A0A3N6QZD7|A0A3N6QZD7_BRACR	86.165	412	47	4	4662029	4662433	1	409	0.0	711
XP_019175963.1	tr|A0A0G2T374|A0A0G2T374_9ROSI	65.607	535	163	4	17524495	17525021	3	524	0.0	711
XP_019175963.1	tr|A0A6J1DNY5|A0A6J1DNY5_MOMCH	83.654	416	55	2	4662030	4662433	4	418	0.0	711
XP_019175963.1	tr|A0A5P1EHS2|A0A5P1EHS2_ASPOF	85.572	402	48	3	4662032	4662433	192	583	0.0	711
XP_019175963.1	tr|A0A0G2T5Z2|A0A0G2T5Z2_9ROSI	68.226	513	152	3	17524515	17525020	1	509	0.0	711
XP_019175963.1	tr|S8CHY2|S8CHY2_9LAMI	86.035	401	49	3	4662034	4662433	3	397	0.0	710
XP_019175963.1	tr|A0A0B2QSZ8|A0A0B2QSZ8_GLYSO	71.134	485	130	4	23558420	23558901	12	489	0.0	709
XP_019175963.1	tr|A0A6J0P763|A0A6J0P763_RAPSA	85.680	412	49	4	4662029	4662433	1	409	0.0	709
XP_019175963.1	tr|B9R7K5|B9R7K5_RICCO	64.151	530	178	6	857934	858463	4	521	0.0	709
XP_019175963.1	tr|A0A2H3X4X0|A0A2H3X4X0_PHODC	83.373	415	59	3	4662028	4662433	1	414	0.0	709
XP_019175963.1	tr|A0A078GRA6|A0A078GRA6_BRANA	85.507	414	50	4	4662027	4662433	490	900	0.0	708
XP_019175963.1	tr|A0A3P5YNA8|A0A3P5YNA8_BRACM	85.507	414	50	4	4662027	4662433	490	900	0.0	708
XP_019175963.1	tr|A0A6I9TEU0|A0A6I9TEU0_SESIN	87.192	406	46	3	4662029	4662433	1	401	0.0	708
XP_019175963.1	tr|B9RBQ8|B9RBQ8_RICCO	68.683	463	140	1	26776011	26776468	55	517	0.0	708
XP_019175963.1	tr|Q40907|Q40907_POPKI	89.899	396	40	0	24628535	24628930	1	396	0.0	707
XP_019175963.1	tr|M4CSU2|M4CSU2_BRARP	85.507	414	50	4	4662027	4662433	427	837	0.0	707
XP_019175963.1	tr|A0A0G2T431|A0A0G2T431_9ROSI	67.573	515	155	3	17524515	17525021	7	517	0.0	707
XP_019175963.1	tr|A0A022QSL4|A0A022QSL4_ERYGU	67.843	510	148	4	17524515	17525021	1	497	0.0	707
XP_019175963.1	tr|V4LPG7|V4LPG7_EUTSA	85.194	412	51	4	4662029	4662433	1	409	0.0	707
XP_019175963.1	tr|A0A6J1BDF9|A0A6J1BDF9_9ROSI	85.679	405	55	1	4662029	4662433	1	402	0.0	707
XP_019175963.1	tr|A0A1S3YNG0|A0A1S3YNG0_TOBAC	88.480	408	40	3	4662029	4662433	1	404	0.0	706
XP_019175963.1	tr|A0A0G2T573|A0A0G2T573_9ROSI	67.442	516	155	3	17524515	17525021	1	512	0.0	706
XP_019175963.1	tr|A0A6I9QIF7|A0A6I9QIF7_ELAGV	83.495	412	61	3	4662028	4662433	1	411	0.0	706
XP_019175963.1	tr|A0A2I0JRU4|A0A2I0JRU4_PUNGR	90.786	369	34	0	4662065	4662433	2	370	0.0	706
XP_019175963.1	tr|A0A1U8G4N1|A0A1U8G4N1_CAPAN	71.032	504	140	3	17524519	17525021	6	504	0.0	706
XP_019175963.1	tr|A0A0G2T371|A0A0G2T371_9ROSI	67.899	514	153	3	17524515	17525020	1	510	0.0	706
XP_019175963.1	tr|A0A1D1Z022|A0A1D1Z022_9ARAE	85.572	402	46	3	4662036	4662433	11	404	0.0	705
XP_019175963.1	tr|A0A1J7GRS9|A0A1J7GRS9_LUPAN	83.704	405	64	2	4662029	4662433	1	403	0.0	705
XP_019175963.1	tr|A0A0G2T3Q2|A0A0G2T3Q2_9ROSI	67.248	516	156	3	17524515	17525021	1	512	0.0	705
XP_019175963.1	tr|A0A0G2T5Z0|A0A0G2T5Z0_9ROSI	67.319	511	163	1	17524515	17525021	35	545	0.0	705
XP_019175963.1	tr|A0A0G2T571|A0A0G2T571_9ROSI	67.188	512	159	3	17524515	17525021	1	508	0.0	705
XP_019175963.1	tr|A0A6N2BGM1|A0A6N2BGM1_SOLCI	70.179	503	147	1	17524519	17525021	12	511	0.0	704
XP_019175963.1	tr|A0A2J6KK99|A0A2J6KK99_LACSA	82.927	410	65	2	4662029	4662433	1	410	0.0	704
XP_019175963.1	tr|A0A0G2T428|A0A0G2T428_9ROSI	68.102	511	159	1	17524515	17525021	14	524	0.0	704
XP_019175963.1	tr|A0A2G9GL12|A0A2G9GL12_9LAMI	65.930	543	171	5	10015332	10015870	1	533	0.0	704
XP_019175963.1	tr|A0A0G2T5Z1|A0A0G2T5Z1_9ROSI	72.103	466	126	1	17524560	17525021	61	526	0.0	704
XP_019175963.1	tr|A0A0G2T5Z3|A0A0G2T5Z3_9ROSI	68.452	504	147	3	17524526	17525021	3	502	0.0	704
XP_019175963.1	tr|R0FPU7|R0FPU7_9BRAS	85.194	412	51	4	4662029	4662433	1	409	0.0	703
XP_019175963.1	sp|Q9ZW95|C7352_ARATH	68.593	519	153	4	9990494	9991011	1	510	0.0	703
XP_019175963.1	tr|A0A4D9A468|A0A4D9A468_SALSN	86.486	407	47	3	4662029	4662433	1	401	0.0	703
XP_019175963.1	tr|A0A0G2T3Q0|A0A0G2T3Q0_9ROSI	68.359	512	153	3	17524515	17525021	1	508	0.0	703
XP_019175963.1	tr|A0A0G2T5Y9|A0A0G2T5Y9_9ROSI	66.796	515	156	3	17524515	17525021	1	508	0.0	703
XP_019175963.1	tr|A0A0B2RZ60|A0A0B2RZ60_GLYSO	76.402	428	100	1	4701617	4702043	1	428	0.0	703
XP_019175963.1	tr|A0A314L3X1|A0A314L3X1_NICAT	87.990	408	42	3	4662029	4662433	1	404	0.0	702
XP_019175963.1	tr|A0A2P5BGN0|A0A2P5BGN0_TREOI	66.798	509	164	2	17524515	17525021	1	506	0.0	702
XP_019175963.1	tr|A0A151UAK9|A0A151UAK9_CAJCA	73.826	447	104	2	4701611	4702044	36	482	0.0	702
XP_019175963.1	tr|A0A6A1WA96|A0A6A1WA96_9ROSI	85.539	408	55	3	4662029	4662433	1	407	0.0	702
XP_019175963.1	tr|A0A1S3ZHM0|A0A1S3ZHM0_TOBAC	87.745	408	43	3	4662029	4662433	1	404	0.0	702
XP_019175963.1	tr|A0A1U7WJK0|A0A1U7WJK0_NICSY	87.745	408	43	3	4662029	4662433	1	404	0.0	702
XP_019175963.1	tr|A0A5A7R3N9|A0A5A7R3N9_STRAF	86.064	409	49	3	4662029	4662433	1	405	0.0	702
XP_019175963.1	tr|A0A6P5GRL6|A0A6P5GRL6_ANACO	84.158	404	58	1	4662030	4662433	4	401	0.0	701
XP_019175963.1	tr|A0A0G2T369|A0A0G2T369_9ROSI	67.767	515	154	3	17524515	17525021	1	511	0.0	701
XP_019175963.1	tr|A0A6S7Q9V9|A0A6S7Q9V9_LACSI	82.927	410	65	2	4662029	4662433	1	410	0.0	701
XP_019175963.1	tr|A0A0G2T3Q5|A0A0G2T3Q5_PELHO	67.184	515	157	3	17524515	17525021	1	511	0.0	701
XP_019175963.1	tr|D2SSP8|D2SSP8_9ARAE	90.296	371	34	1	4662063	4662433	1	369	0.0	701
XP_019175963.1	tr|A0A2P5B4Z9|A0A2P5B4Z9_PARAD	66.798	509	164	2	17524515	17525021	1	506	0.0	701
XP_019175963.1	tr|A0A6J1C3Z0|A0A6J1C3Z0_MOMCH	66.214	515	166	3	17524515	17525021	1	515	0.0	701
XP_019175963.1	tr|A0A5N6RTT9|A0A5N6RTT9_9ROSI	85.995	407	54	2	4662029	4662433	1	406	0.0	701
XP_019175963.1	tr|A0A1U7ZJI4|A0A1U7ZJI4_NELNU	86.173	405	50	2	4662029	4662433	1	399	0.0	700
XP_019175963.1	tr|A0A2Z6LV17|A0A2Z6LV17_TRISU	90.027	371	37	0	4662063	4662433	1	371	0.0	700
XP_019175963.1	tr|A0A5A7QXN7|A0A5A7QXN7_STRAF	67.129	505	155	2	17524517	17525021	19	512	0.0	700
XP_019175963.1	tr|A0A4D9BLV1|A0A4D9BLV1_SALSN	86.600	403	51	2	4662033	4662433	1	402	0.0	699
XP_019175963.1	tr|A0A484L7H0|A0A484L7H0_9ASTE	84.328	402	54	3	4662033	4662433	1	394	0.0	699
XP_019175963.1	tr|A0A1J7HSR5|A0A1J7HSR5_LUPAN	81.127	408	71	4	4662029	4662433	1	405	0.0	699
XP_019175963.1	tr|A0A4S8JKL3|A0A4S8JKL3_MUSBA	82.439	410	60	4	4662032	4662433	10	415	0.0	698
XP_019175963.1	tr|A0A2G9HE80|A0A2G9HE80_9LAMI	70.332	482	126	4	23558425	23558896	16	490	0.0	697
XP_019175963.1	tr|A0A178VH55|A0A178VH55_ARATH	83.738	412	57	4	4662029	4662433	1	409	0.0	697
XP_019175963.1	tr|Q9SDJ2|Q9SDJ2_ORYSJ	83.251	406	64	3	4662030	4662433	5	408	0.0	697
XP_019175963.1	tr|A0A0N7KCR8|A0A0N7KCR8_ORYSJ	83.251	406	64	3	4662030	4662433	5	408	0.0	697
XP_019175963.1	sp|Q9M591|CRD1_ARATH	83.738	412	57	4	4662029	4662433	1	409	0.0	697
XP_019175963.1	tr|A0A5B7BE31|A0A5B7BE31_DAVIN	86.216	399	47	2	4662035	4662433	18	408	0.0	697
XP_019175963.1	tr|A0A650APC2|A0A650APC2_ELECO	82.683	410	64	2	4662030	4662433	5	413	0.0	697
XP_019175963.1	tr|A0A0G2T3P6|A0A0G2T3P6_9ROSI	66.019	515	163	5	17524515	17525021	1	511	0.0	697
XP_019175963.1	tr|A0A2K8DUA3|A0A2K8DUA3_9LILI	84.521	407	57	3	4662032	4662433	10	415	0.0	697
XP_019175963.1	tr|A0A4S8IZD6|A0A4S8IZD6_MUSBA	85.360	403	51	2	4662033	4662433	12	408	0.0	696
XP_019175963.1	tr|A0A2G9GCU5|A0A2G9GCU5_9LAMI	67.748	493	158	1	14898555	14899047	1	492	0.0	696
XP_019175963.1	tr|A0A4Y7L0T0|A0A4Y7L0T0_PAPSO	85.185	405	55	3	4662029	4662433	1	400	0.0	696
XP_019175963.1	tr|W9SIZ8|W9SIZ8_9ROSA	67.323	508	151	4	17524517	17525021	27	522	0.0	696
XP_019175963.1	tr|A0A3Q7I847|A0A3Q7I847_SOLLC	69.781	503	146	2	17524519	17525021	6	502	0.0	696
XP_019175963.1	tr|A0A2G5DZI3|A0A2G5DZI3_AQUCA	86.453	406	53	2	4662029	4662433	1	405	0.0	696
XP_019175963.1	tr|A0A0D9Y6T1|A0A0D9Y6T1_9ORYZ	83.005	406	65	3	4662030	4662433	5	408	0.0	696
XP_019175963.1	tr|A0A2U1MW23|A0A2U1MW23_ARTAN	66.208	509	170	2	17524515	17525021	1	509	0.0	696
XP_019175963.1	tr|A0A1E5UMR5|A0A1E5UMR5_9POAL	91.061	358	32	0	4662076	4662433	58	415	0.0	696
XP_019175963.1	tr|A0A2N9FH92|A0A2N9FH92_FAGSY	84.951	412	54	4	4662029	4662433	1	411	0.0	696
XP_019175963.1	tr|M0RE64|M0RE64_MUSAM	85.360	403	51	2	4662033	4662433	11	407	0.0	696
XP_019175963.1	tr|A0A061EJZ2|A0A061EJZ2_THECC	66.992	512	157	4	17524514	17525021	1	504	0.0	696
XP_019175963.1	tr|A0A6A4N9K7|A0A6A4N9K7_LUPAL	80.440	409	72	3	4662029	4662433	32	436	0.0	695
XP_019175963.1	tr|A0A0B2SK61|A0A0B2SK61_GLYSO	66.939	490	156	5	3548067	3548556	13	496	0.0	695
XP_019175963.1	tr|J3KYT6|J3KYT6_ORYBR	81.796	412	66	3	4662030	4662433	25	435	0.0	695
XP_019175963.1	tr|A0A6J1JDG8|A0A6J1JDG8_CUCMA	66.145	511	168	2	17524515	17525021	1	510	0.0	695
XP_019175963.1	tr|B9RHG4|B9RHG4_RICCO	66.597	476	158	1	920342	920817	1	475	0.0	695
XP_019175963.1	tr|A0A165YIZ3|A0A165YIZ3_DAUCS	84.767	407	55	3	4662029	4662433	1	402	0.0	695
XP_019175963.1	tr|Q2XP00|Q2XP00_ANTMA	68.714	521	150	6	27117226	27117746	11	518	0.0	695
XP_019175963.1	tr|A0A6J1JD55|A0A6J1JD55_CUCMA	66.339	508	166	2	17524518	17525021	2	508	0.0	695
XP_019175963.1	tr|A0A4D8YUK7|A0A4D8YUK7_SALSN	87.345	403	48	2	4662033	4662433	1	402	0.0	694
XP_019175963.1	tr|A0A7G4WF97|A0A7G4WF97_9ASPA	84.422	398	57	2	4662037	4662433	13	406	0.0	694
XP_019175963.1	tr|A0A1R3J0K0|A0A1R3J0K0_9ROSI	66.536	511	159	3	17524515	17525021	1	503	0.0	694
XP_019175963.1	tr|A0A3L6SPK1|A0A3L6SPK1_PANMI	82.238	411	65	3	4662030	4662433	5	414	0.0	694
XP_019175963.1	tr|A0A6J1AXN7|A0A6J1AXN7_9ROSI	66.211	512	161	3	17524514	17525021	1	504	0.0	694
XP_019175963.1	tr|A0A4U6U9G6|A0A4U6U9G6_SETVI	86.387	382	52	0	4662052	4662433	33	414	0.0	693
XP_019175963.1	tr|A0A2S3HW65|A0A2S3HW65_9POAL	82.555	407	67	2	4662030	4662433	5	410	0.0	693
XP_019175963.1	tr|A0A0E0JH39|A0A0E0JH39_ORYPU	82.039	412	65	3	4662030	4662433	5	415	0.0	693
XP_019175963.1	tr|B9RWL0|B9RWL0_RICCO	65.243	515	171	2	17524515	17525021	1	515	0.0	693
XP_019175963.1	tr|B9SAF0|B9SAF0_RICCO	71.556	450	127	1	20623800	20624249	29	477	0.0	693
XP_019175963.1	tr|A0A2T7DNN4|A0A2T7DNN4_9POAL	82.555	407	67	2	4662030	4662433	5	410	0.0	693
XP_019175963.1	tr|K3XIB0|K3XIB0_SETIT	86.387	382	52	0	4662052	4662433	33	414	0.0	693
XP_019175963.1	tr|A0A1Q3BI09|A0A1Q3BI09_CEPFO	64.971	511	173	2	17524515	17525021	1	509	0.0	693
XP_019175963.1	tr|A0A6J1ETR3|A0A6J1ETR3_CUCMO	65.558	511	171	2	17524515	17525021	1	510	0.0	692
XP_019175963.1	tr|M0SHM1|M0SHM1_MUSAM	87.368	380	46	1	4662056	4662433	23	402	0.0	692
XP_019175963.1	tr|A0A6J1AX59|A0A6J1AX59_9ROSI	66.405	509	159	3	17524517	17525021	12	512	0.0	692
XP_019175963.1	tr|Q84RD7|Q84RD7_TOBAC	92.722	371	27	0	4662063	4662433	1	371	0.0	692
XP_019175963.1	tr|A0A4U5PLJ2|A0A4U5PLJ2_POPAL	85.995	407	52	3	4662029	4662433	1	404	0.0	692
XP_019175963.1	tr|A0A087GYH6|A0A087GYH6_ARAAL	83.863	409	58	3	4662029	4662433	1	405	0.0	692
XP_019175963.1	tr|A0A2G9GCH4|A0A2G9GCH4_9LAMI	62.928	526	150	2	15836624	15837105	111	635	0.0	692
XP_019175963.1	tr|A0A1D6MQX6|A0A1D6MQX6_MAIZE	82.353	408	62	3	4662030	4662433	5	406	0.0	691
XP_019175963.1	tr|W1NRM1|W1NRM1_AMBTC	85.926	405	54	3	4662029	4662433	1	402	0.0	691
XP_019175963.1	tr|A0A6G1DY79|A0A6G1DY79_9ORYZ	85.861	389	53	2	4662046	4662433	32	419	0.0	691
XP_019175963.1	tr|A0A1S3BS76|A0A1S3BS76_CUCME	65.362	511	172	2	17524515	17525021	1	510	0.0	691
XP_019175963.1	tr|A0A0B2SNI5|A0A0B2SNI5_GLYSO	63.750	560	158	6	9792663	9793209	1	528	0.0	691
XP_019175963.1	tr|A0A103YFQ2|A0A103YFQ2_CYNCS	62.210	561	179	7	17524488	17525021	1	555	0.0	691
XP_019175963.1	tr|C5XHA9|C5XHA9_SORBI	90.503	358	34	0	4662076	4662433	50	407	0.0	691
XP_019175963.1	tr|A0A2G9HE44|A0A2G9HE44_9LAMI	67.347	490	150	4	20915543	20916028	10	493	0.0	690
XP_019175963.1	tr|A0A3L6QXQ8|A0A3L6QXQ8_PANMI	82.064	407	69	2	4662030	4662433	5	410	0.0	690
XP_019175963.1	tr|A0A2G9GE24|A0A2G9GE24_9LAMI	61.860	527	181	5	9543988	9544512	1	509	0.0	690
XP_019175963.1	tr|A0A5A7TRU0|A0A5A7TRU0_CUCME	65.039	512	174	2	17524514	17525021	28	538	0.0	690
XP_019175963.1	tr|D7LVL7|D7LVL7_ARALL	84.314	408	54	4	4662033	4662433	1	405	0.0	690
XP_019175963.1	tr|A0A1S3BTY3|A0A1S3BTY3_CUCME	65.422	509	171	2	17524517	17525021	8	515	0.0	689
XP_019175963.1	tr|A0A059Q0A1|A0A059Q0A1_9POAL	81.707	410	67	3	4662030	4662433	5	412	0.0	689
XP_019175963.1	tr|A0A5N5JWZ3|A0A5N5JWZ3_9ROSI	85.012	407	57	2	4662029	4662433	1	405	0.0	689
XP_019175963.1	tr|A0A6J1EYT1|A0A6J1EYT1_CUCMO	65.551	508	170	2	17524518	17525021	2	508	0.0	689
XP_019175963.1	tr|A0A4Y7LCS6|A0A4Y7LCS6_PAPSO	85.185	405	55	3	4662029	4662433	361	760	0.0	689
XP_019175963.1	tr|T1NXM2|T1NXM2_9ROSA	69.548	509	146	4	5287771	5288278	7	507	0.0	689
XP_019175963.1	tr|B9T1C6|B9T1C6_RICCO	63.380	497	180	1	1462365	1462859	9	505	0.0	689
XP_019175963.1	tr|A0A2P6P6J9|A0A2P6P6J9_ROSCH	64.453	512	174	2	17524515	17525021	1	509	0.0	689
XP_019175963.1	tr|A0A0A0KZQ9|A0A0A0KZQ9_CUCSA	64.971	511	174	2	17524515	17525021	1	510	0.0	689
XP_019175963.1	tr|A0A2G9H6Q9|A0A2G9H6Q9_9LAMI	69.897	485	143	1	19206420	19206904	29	510	0.0	689
XP_019175963.1	tr|A0A3L6FF68|A0A3L6FF68_MAIZE	82.108	408	63	3	4662030	4662433	5	406	0.0	689
XP_019175963.1	tr|A0A3L6DVV6|A0A3L6DVV6_MAIZE	90.223	358	35	0	4662076	4662433	51	408	0.0	689
XP_019175963.1	tr|A0A067JLE8|A0A067JLE8_JATCU	66.019	515	162	3	17524515	17525021	1	510	0.0	689
XP_019175963.1	tr|K7USR3|K7USR3_MAIZE	90.223	358	35	0	4662076	4662433	51	408	0.0	689
XP_019175963.1	sp|Q66GP9|NOA1_ARATH	62.989	562	187	6	9792667	9793209	2	561	0.0	689
XP_019175963.1	tr|A0A2K1X9N6|A0A2K1X9N6_POPTR	85.258	407	56	2	4662029	4662433	1	405	0.0	688
XP_019175963.1	tr|A0A6N2L8R5|A0A6N2L8R5_SALVM	85.012	407	57	2	4662029	4662433	1	405	0.0	688
XP_019175963.1	tr|A0A0G2T367|A0A0G2T367_9ROSI	66.473	516	156	5	17524515	17525021	1	508	0.0	687
XP_019175963.1	tr|B9RQJ9|B9RQJ9_RICCO	64.881	504	167	2	13175527	13176021	19	521	0.0	687
XP_019175963.1	tr|A0A059DIC9|A0A059DIC9_EUCGR	86.420	405	55	0	4662029	4662433	1	405	0.0	687
XP_019175963.1	tr|F6I1U5|F6I1U5_VITVI	67.000	500	153	2	17524517	17525015	48	536	0.0	687
XP_019175963.1	tr|A0A0G2T365|A0A0G2T365_EROTE	66.408	515	161	3	17524515	17525021	1	511	0.0	687
XP_019175963.1	tr|A0A5N5HYZ9|A0A5N5HYZ9_9ROSA	64.466	515	172	3	17524512	17525021	2	510	0.0	687
XP_019175963.1	tr|A0A484MUI6|A0A484MUI6_9ASTE	84.577	402	56	3	4662033	4662433	1	397	0.0	687
XP_019175963.1	tr|B9R7C1|B9R7C1_RICCO	69.892	465	124	2	4701584	4702047	5	454	0.0	687
XP_019175963.1	tr|A0A6J5XHE3|A0A6J5XHE3_PRUAR	64.854	515	170	3	17524512	17525021	2	510	0.0	686
XP_019175963.1	tr|A0A2I4F618|A0A2I4F618_JUGRE	65.166	511	174	2	17524515	17525021	1	511	0.0	686
XP_019175963.1	tr|A0A2L0P0N2|A0A2L0P0N2_9ASPA	91.011	356	32	0	4662078	4662433	51	406	0.0	685
XP_019175963.1	tr|A0A6P5T1A6|A0A6P5T1A6_PRUAV	64.466	515	172	3	17524512	17525021	2	510	0.0	685
XP_019175963.1	tr|A0A5A7QGS9|A0A5A7QGS9_STRAF	66.798	506	157	2	17524515	17525020	55	549	0.0	685
XP_019175963.1	tr|A0A2U8UYG7|A0A2U8UYG7_CAMSI	86.173	405	55	1	4662029	4662433	1	404	0.0	685
XP_019175963.1	tr|A0A4S4EDQ8|A0A4S4EDQ8_CAMSI	86.173	405	55	1	4662029	4662433	1	404	0.0	685
XP_019175963.1	tr|A0A0D2QER5|A0A0D2QER5_GOSRA	66.341	511	160	3	17524515	17525021	1	503	0.0	684
XP_019175963.1	tr|A0A7D0JR51|A0A7D0JR51_SALMI	66.339	508	159	3	17524515	17525021	1	497	0.0	684
XP_019175963.1	tr|A0A2I0VHX1|A0A2I0VHX1_9ASPA	83.166	398	61	2	4662037	4662433	13	405	0.0	684
XP_019175963.1	tr|A0A5D2TP47|A0A5D2TP47_GOSMU	66.145	511	161	3	17524515	17525021	1	503	0.0	684
XP_019175963.1	tr|M5VQD0|M5VQD0_PRUPE	93.557	357	23	0	4662077	4662433	2	358	0.0	684
XP_019175963.1	tr|A0A2P6RGX9|A0A2P6RGX9_ROSCH	85.432	405	46	2	4662033	4662433	1	396	0.0	684
