XP_019175963.1	tr|A0A5J6XWK7|A0A5J6XWK7_BRARC	61.373	699	268	2	23252119	23252816	7	704	0.0	875
XP_019175963.1	tr|A0A5B7A6X0|A0A5B7A6X0_DAVIN	73.258	531	142	0	14842059	14842589	1	531	0.0	811
XP_019175963.1	sp|A2XAZ3|ADHX_ORYSI	90.981	377	34	0	22854336	22854712	4	380	0.0	738
XP_019175963.1	sp|Q0DWH1|ADHX_ORYSJ	90.716	377	35	0	22854336	22854712	4	380	0.0	736
XP_019175963.1	sp|Q96533|ADHX_ARATH	91.489	376	32	0	22854335	22854710	1	376	0.0	735
XP_019175963.1	sp|P93629|ADHX_MAIZE	91.467	375	32	0	22854337	22854711	5	379	0.0	730
XP_019175963.1	sp|P25141|ADH1_PETHY	89.791	382	38	1	794203	794583	1	382	0.0	726
XP_019175963.1	sp|P14675|ADH3_SOLTU	89.683	378	39	0	795960	796337	1	378	0.0	719
XP_019175963.1	sp|P14674|ADH2_SOLTU	89.683	378	39	0	795960	796337	1	378	0.0	718
XP_019175963.1	tr|A0A5B7C3F5|A0A5B7C3F5_DAVIN	79.148	446	83	4	20206260	20206702	1	439	0.0	718
XP_019175963.1	tr|A0A2G9H9E8|A0A2G9H9E8_9LAMI	89.153	378	41	0	794205	794582	2	379	0.0	717
XP_019175963.1	tr|Q6IVK8|Q6IVK8_TOBAC	89.418	378	40	0	795960	796337	1	378	0.0	717
XP_019175963.1	sp|P14673|ADH1_SOLTU	89.153	378	41	0	795960	796337	1	378	0.0	715
XP_019175963.1	sp|P28032|ADH2_SOLLC	89.418	378	40	0	795960	796337	1	378	0.0	715
XP_019175963.1	tr|Q9FZ01|Q9FZ01_VITVI	87.037	378	49	0	795053	795430	2	379	0.0	711
XP_019175963.1	sp|P80572|ADHX_PEA	88.564	376	43	0	22854336	22854711	1	376	0.0	711
XP_019175963.1	tr|A0A2I0A270|A0A2I0A270_9ASPA	52.273	660	291	9	17659859	17660507	16	662	0.0	710
XP_019175963.1	tr|G8JZ50|G8JZ50_LOTJA	88.360	378	44	0	795053	795430	2	379	0.0	708
XP_019175963.1	tr|Q684J9|Q684J9_LOTJA	88.360	378	44	0	795053	795430	2	379	0.0	708
XP_019175963.1	tr|Q84V97|Q84V97_LOTCO	88.360	378	44	0	795053	795430	2	379	0.0	708
XP_019175963.1	tr|A0A2G9H9D7|A0A2G9H9D7_9LAMI	88.360	378	44	0	795960	796337	1	378	0.0	705
XP_019175963.1	tr|A0A2P6SBJ8|A0A2P6SBJ8_ROSCH	86.877	381	50	0	795051	795431	1	381	0.0	704
XP_019175963.1	tr|A0A0B2SJ43|A0A0B2SJ43_GLYSO	87.798	377	46	0	795053	795429	2	378	0.0	704
XP_019175963.1	tr|F5BX16|F5BX16_DIOKA	87.302	378	48	0	795960	796337	1	378	0.0	704
XP_019175963.1	tr|A0A151TSB7|A0A151TSB7_CAJCA	84.810	395	42	1	795053	795429	2	396	0.0	702
XP_019175963.1	tr|G7J5M6|G7J5M6_MEDTR	87.302	378	48	0	795053	795430	2	379	0.0	701
XP_019175963.1	tr|A0A5B7A6M0|A0A5B7A6M0_DAVIN	86.772	378	50	0	795960	796337	1	378	0.0	701
XP_019175963.1	tr|G8JZ51|G8JZ51_LOTJA	87.302	378	48	0	795053	795430	2	379	0.0	701
XP_019175963.1	tr|A0A2G9HA13|A0A2G9HA13_9LAMI	87.302	378	48	0	795960	796337	1	378	0.0	701
XP_019175963.1	tr|Q42953|Q42953_TOBAC	88.000	375	45	0	794209	794583	5	379	0.0	701
XP_019175963.1	tr|Q43016|Q43016_PHAAT	87.268	377	48	0	795053	795429	2	378	0.0	701
XP_019175963.1	tr|A0A2P6PSG3|A0A2P6PSG3_ROSCH	86.807	379	50	0	795053	795431	80	458	0.0	701
XP_019175963.1	tr|A0A2P6PSG6|A0A2P6PSG6_ROSCH	86.807	379	50	0	795053	795431	2	380	0.0	700
XP_019175963.1	tr|A0A2P6PSG8|A0A2P6PSG8_ROSCH	86.016	379	53	0	795053	795431	2	380	0.0	698
XP_019175963.1	tr|A0A072V0U2|A0A072V0U2_MEDTR	86.472	377	51	0	795053	795429	2	378	0.0	698
XP_019175963.1	tr|Q43015|Q43015_PHAAT	87.003	377	49	0	795053	795429	2	378	0.0	698
XP_019175963.1	tr|A0A2I0AG47|A0A2I0AG47_9ASPA	86.772	378	50	0	795960	796337	1	378	0.0	698
XP_019175963.1	tr|A0A2P6PSG7|A0A2P6PSG7_ROSCH	87.037	378	49	0	795960	796337	1	378	0.0	698
XP_019175963.1	sp|P13603|ADH1_TRIRP	86.772	378	50	0	795053	795430	2	379	0.0	698
XP_019175963.1	sp|P12886|ADH1_PEA	86.508	378	51	0	794205	794582	2	379	0.0	698
XP_019175963.1	tr|Q43690|Q43690_VITVI	86.772	378	50	0	795053	795430	2	379	0.0	696
XP_019175963.1	tr|Q4A1D2|Q4A1D2_ALNGL	86.772	378	50	0	795960	796337	1	378	0.0	695
XP_019175963.1	tr|G7J5N1|G7J5N1_MEDTR	86.053	380	53	0	794203	794582	1	380	0.0	694
XP_019175963.1	tr|Q19P40|Q19P40_9ROSI	87.037	378	49	0	795960	796337	1	378	0.0	694
XP_019175963.1	tr|Q2PZA5|Q2PZA5_CUCME	85.714	378	54	0	795054	795431	2	379	0.0	693
XP_019175963.1	tr|A0A0B2PNL1|A0A0B2PNL1_GLYSO	84.921	378	57	0	794205	794582	2	379	0.0	692
XP_019175963.1	sp|P00333|ADH1_MAIZE	86.933	375	49	0	795963	796337	3	377	0.0	691
XP_019175963.1	tr|Q7M1S7|Q7M1S7_WHEAT	86.133	375	52	0	795963	796337	3	377	0.0	689
XP_019175963.1	tr|A0A126DHL9|A0A126DHL9_PAESU	84.656	378	58	0	795960	796337	1	378	0.0	688
XP_019175963.1	sp|P10848|ADH3_HORVU	86.022	372	52	0	795963	796334	3	374	0.0	687
XP_019175963.1	sp|Q75ZX4|ADH1_ORYSI	85.146	377	56	0	795055	795431	3	379	0.0	686
XP_019175963.1	sp|P48977|ADH_MALDO	86.243	378	52	0	795960	796337	1	378	0.0	686
XP_019175963.1	sp|Q2R8Z5|ADH1_ORYSJ	85.146	377	56	0	795055	795431	3	379	0.0	686
XP_019175963.1	tr|Q94IL8|Q94IL8_CENAM	85.146	377	56	0	794207	794583	3	379	0.0	686
XP_019175963.1	sp|P14219|ADH1_CENAM	85.867	375	53	0	795963	796337	3	377	0.0	684
XP_019175963.1	tr|Q94IL9|Q94IL9_CENAM	84.881	377	57	0	794207	794583	3	379	0.0	683
XP_019175963.1	sp|P17648|ADH_FRAAN	84.656	378	58	0	795960	796337	1	378	0.0	682
XP_019175963.1	sp|P04707|ADH2_MAIZE	84.533	375	58	0	795963	796337	3	377	0.0	681
XP_019175963.1	tr|Q42763|Q42763_GOSHI	85.411	377	55	0	795054	795430	2	378	0.0	680
XP_019175963.1	tr|A0A5B7AAE5|A0A5B7AAE5_DAVIN	83.862	378	61	0	795960	796337	1	378	0.0	680
XP_019175963.1	sp|Q0ITW7|ADH2_ORYSJ	84.043	376	60	0	794207	794582	3	378	0.0	680
XP_019175963.1	sp|Q4R1E8|ADH2_ORYSI	84.043	376	60	0	794207	794582	3	378	0.0	680
XP_019175963.1	tr|Q9FZ00|Q9FZ00_VITVI	83.377	379	61	1	795053	795429	2	380	0.0	676
XP_019175963.1	tr|W5U337|W5U337_PHODC	83.333	378	63	0	795960	796337	1	378	0.0	676
XP_019175963.1	sp|P05336|ADH1_HORVU	83.289	377	63	0	794207	794583	3	379	0.0	676
XP_019175963.1	sp|P06525|ADH1_ARATH	83.245	376	63	0	795054	795429	2	377	0.0	676
XP_019175963.1	tr|A0A2G9HGF8|A0A2G9HGF8_9LAMI	83.598	378	62	0	795960	796337	1	378	0.0	675
XP_019175963.1	tr|M4J9S1|M4J9S1_BRANA	83.511	376	62	0	795054	795429	2	377	0.0	673
XP_019175963.1	tr|P93623|P93623_WASRO	83.333	378	63	0	795960	796337	1	378	0.0	671
XP_019175963.1	tr|A0A2P6PSI4|A0A2P6PSI4_ROSCH	82.058	379	68	0	795053	795431	2	380	0.0	661
XP_019175963.1	tr|A0A5B7BU21|A0A5B7BU21_DAVIN	81.481	378	70	0	795053	795430	2	379	0.0	660
XP_019175963.1	tr|B3F7U4|B3F7U4_POPCN	85.042	361	54	0	794212	794572	1	361	0.0	655
XP_019175963.1	tr|Q9LDM3|Q9LDM3_ARALP	83.657	361	59	0	795062	795422	1	361	0.0	650
XP_019175963.1	tr|A0A5B7BZR6|A0A5B7BZR6_DAVIN	79.420	379	78	0	25647642	25648020	2	380	0.0	648
XP_019175963.1	sp|P10847|ADH2_HORVU	81.501	373	63	1	795963	796335	3	369	0.0	648
XP_019175963.1	tr|Q43027|Q43027_PINBN	80.376	372	73	0	795966	796337	1	372	0.0	643
XP_019175963.1	tr|Q43300|Q43300_PINBN	80.376	372	73	0	794210	794581	1	372	0.0	643
XP_019175963.1	tr|Q43026|Q43026_PINBN	80.759	369	71	0	795966	796334	1	369	0.0	642
XP_019175963.1	tr|Q9M4B2|Q9M4B2_ARALL	83.473	357	59	0	795065	795421	1	357	0.0	641
XP_019175963.1	tr|A0A5B6ZDA0|A0A5B6ZDA0_DAVIN	78.205	390	83	1	18432004	18432393	41	428	0.0	640
XP_019175963.1	tr|Q43022|Q43022_PINBN	79.570	372	76	0	795966	796337	1	372	0.0	639
XP_019175963.1	tr|Q43021|Q43021_PINBN	80.217	369	73	0	795966	796334	1	369	0.0	639
XP_019175963.1	tr|Q43023|Q43023_PINBN	79.839	372	75	0	795966	796337	1	372	0.0	638
XP_019175963.1	tr|O82478|O82478_SOYBN	84.267	375	55	3	794210	794582	1	373	0.0	637
XP_019175963.1	tr|A0A0B2P735|A0A0B2P735_GLYSO	77.984	377	83	0	795054	795430	2	378	0.0	635
XP_019175963.1	tr|A0A5B6ZE57|A0A5B6ZE57_DAVIN	76.804	388	88	1	18432006	18432393	2	387	0.0	635
XP_019175963.1	tr|A0A0B2SI48|A0A0B2SI48_GLYSO	77.333	375	85	0	795963	796337	3	377	0.0	629
XP_019175963.1	tr|A0A5B6ZCJ7|A0A5B6ZCJ7_DAVIN	76.031	388	91	1	18432006	18432393	2	387	0.0	625
XP_019175963.1	tr|Q43025|Q43025_PINBN	77.419	372	84	0	794210	794581	1	372	0.0	624
XP_019175963.1	tr|B9RHN6|B9RHN6_RICCO	72.018	436	119	2	20206266	20206701	4	436	0.0	618
XP_019175963.1	tr|A0A2P6P1G0|A0A2P6P1G0_ROSCH	77.027	370	82	1	25647650	25648019	14	380	0.0	618
XP_019175963.1	sp|Q8LEB2|ADHL6_ARATH	75.726	379	89	1	25647642	25648020	5	380	0.0	612
XP_019175963.1	tr|G7KPC5|G7KPC5_MEDTR	76.455	378	84	2	25647642	25648019	3	375	0.0	606
XP_019175963.1	tr|A0A2I0AM53|A0A2I0AM53_9ASPA	74.674	383	97	0	20206319	20206701	40	422	0.0	600
XP_019175963.1	tr|A0A0B2Q027|A0A0B2Q027_GLYSO	69.533	407	109	3	19859186	19859586	1	398	0.0	599
XP_019175963.1	tr|A0A2I0B0G4|A0A2I0B0G4_9ASPA	71.768	379	105	2	795053	795430	2	379	0.0	588
XP_019175963.1	tr|G7K2X3|G7K2X3_MEDTR	73.262	374	100	0	18432020	18432393	18	391	0.0	586
XP_019175963.1	tr|Q43028|Q43028_PINBN	72.312	372	103	0	795966	796337	1	372	0.0	584
XP_019175963.1	tr|Q43024|Q43024_PINBN	72.312	372	103	0	795966	796337	1	372	0.0	584
XP_019175963.1	tr|Q43020|Q43020_PINBN	73.387	372	99	0	795966	796337	1	372	0.0	583
XP_019175963.1	tr|A0A2P6P471|A0A2P6P471_ROSCH	71.354	384	105	2	19859208	19859586	2	385	0.0	581
XP_019175963.1	tr|A0A2P6PZH2|A0A2P6PZH2_ROSCH	72.149	377	104	1	18432017	18432392	14	390	0.0	581
XP_019175963.1	sp|Q9FH04|ADHL7_ARATH	71.504	379	107	1	18432014	18432391	11	389	0.0	580
XP_019175963.1	tr|A0A396IWN8|A0A396IWN8_MEDTR	71.277	376	108	0	18432017	18432392	10	385	0.0	577
XP_019175963.1	tr|A0A151SMK1|A0A151SMK1_CAJCA	75.132	378	60	3	22854335	22854712	1	344	0.0	577
XP_019175963.1	tr|A0A2P6PZI4|A0A2P6PZI4_ROSCH	71.392	388	108	2	18432006	18432392	2	387	0.0	577
XP_019175963.1	tr|A0A0B2PIC5|A0A0B2PIC5_GLYSO	69.974	383	110	2	19859207	19859586	17	397	0.0	576
XP_019175963.1	tr|A0A0B2PS67|A0A0B2PS67_GLYSO	66.256	406	125	3	19859184	19859586	4	400	0.0	575
XP_019175963.1	tr|A0A0B2PVI5|A0A0B2PVI5_GLYSO	68.734	387	114	1	19859207	19859586	14	400	0.0	571
XP_019175963.1	tr|A0A151QZI2|A0A151QZI2_CAJCA	74.074	378	60	2	795053	795430	2	341	0.0	570
XP_019175963.1	tr|A0A445FHQ5|A0A445FHQ5_GLYSO	89.831	295	30	0	22853499	22853793	1	295	0.0	565
XP_019175963.1	tr|A0A2P6PZF0|A0A2P6PZF0_ROSCH	70.942	382	109	2	18432013	18432392	7	388	3.57e-180	563
XP_019175963.1	tr|Q5ZFY9|Q5ZFY9_POPTN	86.093	302	42	0	794254	794555	1	302	4.76e-180	559
XP_019175963.1	tr|A0A5B7B4A0|A0A5B7B4A0_DAVIN	68.394	386	121	1	17294512	17294896	1	386	5.71e-180	563
XP_019175963.1	tr|Q5ZG13|Q5ZG13_POPTN	86.093	302	42	0	794254	794555	1	302	7.71e-180	559
XP_019175963.1	tr|Q5ZG11|Q5ZG11_POPTN	85.762	302	43	0	794254	794555	1	302	1.11e-179	558
XP_019175963.1	sp|A1L4Y2|ADHL3_ARATH	67.700	387	117	2	19859208	19859586	2	388	1.19e-179	562
XP_019175963.1	sp|Q8VZ49|ADHL4_ARATH	68.338	379	119	1	19859209	19859586	2	380	1.21e-179	561
XP_019175963.1	tr|Q5ZG06|Q5ZG06_POPTN	85.762	302	43	0	794254	794555	1	302	1.64e-179	558
XP_019175963.1	tr|Q5ZG03|Q5ZG03_POPTN	85.762	302	43	0	794254	794555	1	302	1.69e-179	558
XP_019175963.1	tr|Q5ZFZ0|Q5ZFZ0_POPTN	85.762	302	43	0	794254	794555	1	302	2.32e-179	557
XP_019175963.1	tr|Q5ZFZ1|Q5ZFZ1_POPTN	85.762	302	43	0	794254	794555	1	302	5.60e-179	556
XP_019175963.1	tr|Q5ZG10|Q5ZG10_POPTN	85.430	302	44	0	794254	794555	1	302	1.07e-178	555
XP_019175963.1	tr|Q5ZFY1|Q5ZFY1_POPTN	85.762	302	43	0	794254	794555	1	302	1.18e-178	555
XP_019175963.1	tr|Q5ZFY5|Q5ZFY5_POPTN	85.430	302	44	0	794254	794555	1	302	2.53e-178	554
XP_019175963.1	tr|Q5ZFY7|Q5ZFY7_POPTN	85.430	302	44	0	794254	794555	1	302	3.38e-178	554
XP_019175963.1	tr|Q5ZFZ3|Q5ZFZ3_POPTN	85.430	302	44	0	794254	794555	1	302	3.48e-178	554
XP_019175963.1	tr|A0A5B7A739|A0A5B7A739_DAVIN	82.958	311	53	0	794272	794582	5	315	1.87e-177	552
XP_019175963.1	tr|Q5ZG09|Q5ZG09_POPTN	84.768	302	46	0	794254	794555	1	302	6.27e-177	550
XP_019175963.1	tr|Q5ZG05|Q5ZG05_POPTN	84.437	302	47	0	794254	794555	1	302	1.71e-176	549
XP_019175963.1	tr|Q9FEH1|Q9FEH1_HORVS	82.581	310	48	1	795963	796272	3	306	1.55e-173	541
XP_019175963.1	tr|Q7DN06|Q7DN06_MAIZE	87.329	292	37	0	796034	796325	1	292	1.70e-173	540
XP_019175963.1	sp|Q07264|ADH1_ZEALU	87.329	292	37	0	796034	796325	1	292	2.70e-173	540
XP_019175963.1	tr|P93624|P93624_WASRO	84.211	304	48	0	796034	796337	1	304	5.90e-173	539
XP_019175963.1	tr|Q43263|Q43263_MAIZE	86.986	292	38	0	796034	796325	1	292	1.34e-172	537
XP_019175963.1	tr|Q43238|Q43238_ZEADI	86.644	292	39	0	796034	796325	1	292	3.74e-171	533
XP_019175963.1	tr|A0A5B6Z3S4|A0A5B6Z3S4_DAVIN	65.160	376	130	1	20429981	20430356	1	375	1.31e-167	527
XP_019175963.1	tr|A0A2G9GVQ6|A0A2G9GVQ6_9LAMI	66.845	374	75	1	25647646	25648019	2	326	6.36e-167	523
XP_019175963.1	tr|G7KS94|G7KS94_MEDTR	67.105	380	121	3	19859208	19859584	13	391	2.69e-166	524
XP_019175963.1	sp|Q9SK86|ADHL1_ARATH	65.517	377	128	2	17294522	17294896	11	387	5.23e-165	520
XP_019175963.1	sp|Q9SK87|ADHL2_ARATH	64.136	382	135	2	17294517	17294896	4	385	2.48e-163	515
XP_019175963.1	tr|G7J3Y9|G7J3Y9_MEDTR	68.338	379	117	3	17294521	17294896	12	390	3.15e-163	515
XP_019175963.1	tr|O24508|O24508_BAMML	86.429	280	38	0	796034	796313	1	280	1.26e-162	508
XP_019175963.1	tr|A0A0N9LM59|A0A0N9LM59_OLEEU	64.987	377	127	3	22495199	22495575	24	395	2.68e-162	513
XP_019175963.1	tr|A0A2G9GAP4|A0A2G9GAP4_9LAMI	64.973	374	126	3	22495202	22495575	8	376	3.09e-162	511
XP_019175963.1	sp|Q0V7W6|ADHL5_ARATH	64.456	377	132	2	17294522	17294896	12	388	5.65e-161	508
XP_019175963.1	tr|A0A5B7A414|A0A5B7A414_DAVIN	90.196	255	25	0	22854459	22854713	1	255	2.62e-157	492
XP_019175963.1	tr|A0A5B7A4K8|A0A5B7A4K8_DAVIN	90.157	254	25	0	22854459	22854712	1	254	9.76e-157	490
XP_019175963.1	tr|Q43169|Q43169_SOLTU	64.815	378	130	3	20430838	20431213	1	377	4.31e-154	488
XP_019175963.1	tr|O24501|O24501_ARUDO	85.985	264	37	0	795161	795424	2	265	1.66e-153	481
XP_019175963.1	tr|Q9M5N6|Q9M5N6_GOSHE	85.338	266	39	0	795982	796247	1	266	3.81e-153	480
XP_019175963.1	tr|Q9M5N7|Q9M5N7_GOSHI	84.962	266	40	0	795982	796247	1	266	1.58e-152	479
XP_019175963.1	tr|Q9M5N8|Q9M5N8_GOSHI	84.586	266	41	0	795982	796247	1	266	1.04e-151	476
XP_019175963.1	tr|O65120|O65120_HORVS	85.115	262	39	0	794311	794572	1	262	2.25e-151	475
XP_019175963.1	tr|O65916|O65916_HORVS	85.115	262	39	0	794311	794572	1	262	4.30e-151	474
XP_019175963.1	tr|Q9M5N4|Q9M5N4_9ROSI	84.211	266	42	0	795982	796247	1	266	5.66e-151	474
XP_019175963.1	tr|O65116|O65116_HORVS	85.115	262	39	0	794311	794572	1	262	7.69e-151	474
XP_019175963.1	tr|O65119|O65119_HORVS	84.733	262	40	0	794311	794572	1	262	1.13e-150	473
XP_019175963.1	tr|O65117|O65117_HORVS	84.733	262	40	0	794311	794572	1	262	1.85e-150	473
XP_019175963.1	tr|A0A5B7A942|A0A5B7A942_DAVIN	82.772	267	46	0	794316	794582	1	267	1.94e-150	473
XP_019175963.1	tr|O65118|O65118_HORVS	84.733	262	40	0	794311	794572	1	262	3.65e-150	472
XP_019175963.1	tr|O65115|O65115_HORVS	84.733	262	40	0	794311	794572	1	262	4.47e-150	471
XP_019175963.1	tr|O65114|O65114_HORVS	84.733	262	40	0	794311	794572	1	262	8.79e-150	471
XP_019175963.1	tr|Q9M5N5|Q9M5N5_GOSRA	83.459	266	44	0	795982	796247	1	266	2.17e-149	470
XP_019175963.1	tr|O49060|O49060_GOSMU	81.203	266	50	0	795074	795339	1	266	3.67e-146	460
XP_019175963.1	tr|O49058|O49058_GOSHI	80.827	266	51	0	795074	795339	1	266	1.58e-145	459
XP_019175963.1	tr|O49051|O49051_9ROSI	80.451	266	52	0	795074	795339	1	266	1.78e-145	458
XP_019175963.1	tr|Q9SWA7|Q9SWA7_9ROSI	81.579	266	49	0	795074	795339	1	266	2.11e-145	458
XP_019175963.1	tr|O49059|O49059_GOSTO	80.451	266	52	0	795074	795339	1	266	9.19e-145	456
XP_019175963.1	tr|A0A2G9I656|A0A2G9I656_9LAMI	72.575	299	81	1	18432002	18432300	1	298	1.81e-144	457
XP_019175963.1	tr|A0A2P6P497|A0A2P6P497_ROSCH	69.775	311	90	2	19859280	19859586	15	325	1.95e-144	458
XP_019175963.1	tr|A0A2P6SPW6|A0A2P6SPW6_ROSCH	59.021	388	139	6	20430845	20431213	12	398	2.02e-144	461
XP_019175963.1	tr|O49054|O49054_GOSBA	80.827	266	51	0	795074	795339	1	266	2.61e-144	455
XP_019175963.1	tr|G7JZ48|G7JZ48_MEDTR	57.258	372	158	1	20429985	20430356	4	374	5.50e-144	459
XP_019175963.1	tr|O49057|O49057_GOSDA	80.827	266	51	0	795074	795339	1	266	7.87e-144	454
XP_019175963.1	tr|O49052|O49052_GOSRA	80.075	266	53	0	795074	795339	1	266	1.82e-143	452
XP_019175963.1	tr|A0A2P6S7J4|A0A2P6S7J4_ROSCH	58.505	388	141	6	20430845	20431213	12	398	1.83e-142	456
XP_019175963.1	tr|O49061|O49061_GOSBA	78.309	272	53	1	795074	795339	1	272	1.98e-142	450
XP_019175963.1	tr|O49062|O49062_GOSDA	77.941	272	54	1	795074	795339	1	272	9.40e-142	448
XP_019175963.1	tr|O49055|O49055_GOSTO	78.571	266	57	0	795074	795339	1	266	3.61e-140	443
XP_019175963.1	tr|O49056|O49056_GOSMU	78.947	266	56	0	795074	795339	1	266	9.23e-140	442
XP_019175963.1	tr|A0A396I3A3|A0A396I3A3_MEDTR	57.105	373	158	2	20430841	20431213	28	398	3.06e-139	446
XP_019175963.1	tr|A0A5B6ZFE9|A0A5B6ZFE9_DAVIN	81.008	258	49	0	18432136	18432393	1	258	3.92e-139	440
XP_019175963.1	tr|Q9FYZ0|Q9FYZ0_9ROSI	86.695	233	31	0	795092	795324	1	233	8.78e-139	438
XP_019175963.1	tr|O49053|O49053_GOSHI	77.820	266	58	1	795074	795339	1	265	2.75e-138	438
XP_019175963.1	tr|Q9FYY8|Q9FYY8_GOSHI	86.957	230	30	0	795094	795323	1	230	2.56e-137	433
XP_019175963.1	tr|Q9SM48|Q9SM48_SACOF	85.417	240	35	0	794344	794583	2	241	5.48e-137	433
XP_019175963.1	tr|O65284|O65284_9ROSI	87.719	228	28	0	795095	795322	1	228	4.09e-136	430
XP_019175963.1	tr|O65294|O65294_9ROSI	87.281	228	29	0	795095	795322	1	228	8.44e-136	429
XP_019175963.1	tr|Q7G0X6|Q7G0X6_9ROSI	87.665	227	28	0	795095	795321	1	227	1.59e-135	428
XP_019175963.1	tr|O65897|O65897_9ROSI	87.281	228	29	0	795095	795322	1	228	1.73e-135	428
XP_019175963.1	tr|O65301|O65301_9ROSI	87.281	228	29	0	795095	795322	1	228	1.81e-135	428
XP_019175963.1	tr|O65911|O65911_9ROSI	87.281	228	29	0	795095	795322	1	228	1.83e-135	428
XP_019175963.1	tr|O65914|O65914_9ROSI	87.281	228	29	0	795095	795322	1	228	1.83e-135	428
XP_019175963.1	tr|O65913|O65913_9ROSI	87.281	228	29	0	795095	795322	1	228	1.83e-135	428
XP_019175963.1	tr|O65912|O65912_9ROSI	87.281	228	29	0	795095	795322	1	228	1.83e-135	428
XP_019175963.1	tr|O65909|O65909_9ROSI	87.281	228	29	0	795095	795322	1	228	1.83e-135	428
XP_019175963.1	tr|O65910|O65910_9ROSI	87.281	228	29	0	795095	795322	1	228	1.83e-135	428
XP_019175963.1	tr|O65907|O65907_9ROSI	87.281	228	29	0	795095	795322	1	228	1.83e-135	428
XP_019175963.1	tr|O65903|O65903_GOSST	87.281	228	29	0	795095	795322	1	228	1.83e-135	428
XP_019175963.1	tr|O65906|O65906_9ROSI	87.281	228	29	0	795095	795322	1	228	1.83e-135	428
XP_019175963.1	tr|O65293|O65293_9ROSI	87.281	228	29	0	795095	795322	1	228	1.83e-135	428
XP_019175963.1	tr|O65908|O65908_9ROSI	87.281	228	29	0	795095	795322	1	228	1.83e-135	428
XP_019175963.1	tr|Q9FYY7|Q9FYY7_GOSHI	86.087	230	32	0	795094	795323	1	230	2.05e-135	428
XP_019175963.1	tr|A0A396H662|A0A396H662_MEDTR	60.112	356	107	3	19859231	19859584	1	323	2.25e-135	432
XP_019175963.1	tr|O65926|O65926_9ROSI	87.281	228	29	0	795095	795322	1	228	3.03e-135	427
XP_019175963.1	tr|A0A396ITG9|A0A396ITG9_MEDTR	69.900	299	69	1	18432084	18432382	12	289	3.48e-135	430
XP_019175963.1	tr|O65292|O65292_9ROSI	87.281	228	29	0	795095	795322	1	228	3.50e-135	427
XP_019175963.1	tr|O65290|O65290_9ROSI	87.281	228	29	0	795095	795322	1	228	3.75e-135	427
XP_019175963.1	tr|O65303|O65303_9ROSI	87.281	228	29	0	795095	795322	1	228	3.97e-135	427
XP_019175963.1	tr|O65899|O65899_9ROSI	86.842	228	30	0	795095	795322	1	228	6.25e-135	426
XP_019175963.1	tr|O65302|O65302_9ROSI	86.842	228	30	0	795095	795322	1	228	7.37e-135	426
XP_019175963.1	tr|O65295|O65295_9ROSI	86.842	228	30	0	795095	795322	1	228	8.86e-135	426
XP_019175963.1	tr|O65298|O65298_9ROSI	86.842	228	30	0	795095	795322	1	228	8.86e-135	426
XP_019175963.1	tr|O65925|O65925_9ROSI	86.842	228	30	0	795095	795322	1	228	8.95e-135	426
XP_019175963.1	tr|O65287|O65287_9ROSI	86.842	228	30	0	795095	795322	1	228	9.30e-135	426
XP_019175963.1	tr|O65299|O65299_9ROSI	86.842	228	30	0	795095	795322	1	228	9.85e-135	426
XP_019175963.1	tr|O65291|O65291_9ROSI	86.842	228	30	0	795095	795322	1	228	9.85e-135	426
XP_019175963.1	tr|O65296|O65296_9ROSI	86.842	228	30	0	795095	795322	1	228	9.85e-135	426
XP_019175963.1	tr|O65289|O65289_9ROSI	86.842	228	30	0	795095	795322	1	228	9.95e-135	426
XP_019175963.1	tr|O65297|O65297_9ROSI	86.842	228	30	0	795095	795322	1	228	1.37e-134	426
XP_019175963.1	tr|Q9M4B3|Q9M4B3_ARALL	83.193	238	40	0	795062	795299	1	238	2.07e-134	426
XP_019175963.1	tr|O65304|O65304_GOSHE	86.842	228	30	0	795095	795322	1	228	2.62e-134	425
XP_019175963.1	tr|O65928|O65928_9ROSI	86.404	228	31	0	795095	795322	1	228	3.57e-134	424
XP_019175963.1	tr|A0A5B7BYK4|A0A5B7BYK4_DAVIN	65.094	318	108	3	13947823	13948137	21	338	2.20e-133	427
XP_019175963.1	tr|O65288|O65288_9ROSI	85.965	228	32	0	795095	795322	1	228	3.33e-133	422
XP_019175963.1	tr|A0A2P6PSH2|A0A2P6PSH2_ROSCH	78.988	257	42	1	794316	794572	1	245	8.87e-133	421
XP_019175963.1	tr|A0A5B6ZDM1|A0A5B6ZDM1_DAVIN	80.567	247	48	0	18432147	18432393	28	274	1.96e-132	421
XP_019175963.1	tr|Q43805|Q43805_CENAM	71.477	298	81	3	796034	796330	1	295	2.96e-132	422
XP_019175963.1	tr|Q4LAW8|Q4LAW8_CAPCH	89.189	222	24	0	796116	796337	1	222	7.36e-132	417
XP_019175963.1	tr|A0A2G9I185|A0A2G9I185_9LAMI	60.472	339	129	4	20430022	20430356	1	338	7.54e-132	422
XP_019175963.1	tr|A0A2H9ZWT5|A0A2H9ZWT5_9ASPA	55.224	402	118	7	19859212	19859584	19	387	9.36e-132	424
XP_019175963.1	tr|Q43807|Q43807_CENAM	71.141	298	82	3	796034	796330	1	295	1.37e-131	420
XP_019175963.1	tr|Q43806|Q43806_CENAM	71.141	298	82	3	796034	796330	1	295	2.78e-131	419
XP_019175963.1	tr|Q43808|Q43808_CENAM	71.141	298	82	3	796034	796330	1	295	3.25e-131	419
XP_019175963.1	tr|Q7DMZ6|Q7DMZ6_CENAM	71.141	298	82	3	796034	796330	1	295	3.26e-131	419
XP_019175963.1	tr|Q43722|Q43722_CENAM	71.141	298	82	3	796034	796330	1	295	1.13e-130	417
XP_019175963.1	tr|A0A2I0B0K7|A0A2I0B0K7_9ASPA	40.598	569	300	7	17801971	17802512	22	579	2.64e-130	434
XP_019175963.1	tr|A0A2G9GT21|A0A2G9GT21_9LAMI	78.968	252	47	1	19859193	19859444	1	246	1.88e-128	409
XP_019175963.1	tr|Q9LD74|Q9LD74_ARALL	83.628	226	37	0	795062	795287	1	226	1.87e-127	405
XP_019175963.1	tr|Q9FYZ1|Q9FYZ1_GOSHI	86.730	211	28	0	795108	795318	1	211	9.73e-127	402
XP_019175963.1	tr|Q9FYZ4|Q9FYZ4_9ROSI	86.256	211	29	0	795108	795318	1	211	1.48e-126	402
XP_019175963.1	tr|O65285|O65285_9ROSI	87.719	228	28	0	795095	795322	1	228	1.76e-126	402
XP_019175963.1	tr|Q9FYZ2|Q9FYZ2_GOSHI	85.782	211	30	0	795108	795318	1	211	5.40e-125	397
XP_019175963.1	tr|Q9FYZ3|Q9FYZ3_GOSRA	87.204	211	27	0	795108	795318	1	211	1.46e-123	393
XP_019175963.1	tr|O65286|O65286_9ROSI	80.702	228	44	0	794247	794474	1	228	1.91e-122	391
XP_019175963.1	tr|O24502|O24502_9POAL	85.377	212	31	0	796090	796301	1	212	5.76e-119	380
XP_019175963.1	tr|Q9FYZ5|Q9FYZ5_9ROSI	83.886	211	34	0	795108	795318	1	211	4.28e-117	375
XP_019175963.1	tr|O24503|O24503_9POAL	82.407	216	38	0	794338	794553	46	261	5.61e-117	377
XP_019175963.1	tr|Q9FYY9|Q9FYY9_GOSRA	85.644	202	29	0	795108	795309	1	202	4.54e-116	371
XP_019175963.1	tr|Q9XFA8|Q9XFA8_GOSRA	79.186	221	45	1	796010	796229	1	221	4.72e-115	369
XP_019175963.1	tr|Q9SP91|Q9SP91_GOSGO	79.186	221	45	1	796010	796229	1	221	4.72e-115	369
XP_019175963.1	tr|Q9XFA6|Q9XFA6_9ROSI	79.186	221	45	1	796010	796229	1	221	4.72e-115	369
XP_019175963.1	tr|O82791|O82791_GOSHI	79.186	221	45	1	796010	796229	1	221	4.72e-115	369
XP_019175963.1	tr|B0ZS78|B0ZS78_PRUAR	71.591	264	75	0	15896497	15896760	4	267	5.67e-115	371
XP_019175963.1	tr|Q9XFA7|Q9XFA7_GOSHE	79.638	221	44	1	794254	794473	1	221	8.61e-115	369
XP_019175963.1	tr|Q9SP76|Q9SP76_GOSAI	79.452	219	44	1	794254	794471	1	219	4.19e-114	366
XP_019175963.1	tr|Q9S7S9|Q9S7S9_9ROSI	79.452	219	44	1	794254	794471	1	219	4.19e-114	366
XP_019175963.1	tr|I3XL71|I3XL71_SOLLC	68.817	279	82	3	12790595	12790872	1	275	4.86e-114	369
XP_019175963.1	tr|Q9SP71|Q9SP71_GOSSC	78.995	219	45	1	796010	796227	1	219	9.26e-114	365
XP_019175963.1	tr|Q9SP86|Q9SP86_9ROSI	78.995	219	45	1	796010	796227	1	219	9.26e-114	365
XP_019175963.1	tr|Q9SP88|Q9SP88_GOSTU	78.995	219	45	1	796010	796227	1	219	9.26e-114	365
XP_019175963.1	tr|Q9S7X0|Q9S7X0_9ROSI	78.995	219	45	1	796010	796227	1	219	9.26e-114	365
XP_019175963.1	tr|Q7G0F1|Q7G0F1_GOSHI	78.995	219	45	1	796010	796227	1	219	9.26e-114	365
XP_019175963.1	tr|Q9SP69|Q9SP69_GOSSC	78.636	220	46	1	796010	796228	1	220	9.60e-114	365
XP_019175963.1	tr|Q9SP75|Q9SP75_GOSAI	78.539	219	46	1	796010	796227	1	219	1.12e-113	365
XP_019175963.1	tr|Q9SP66|Q9SP66_9ROSI	78.539	219	46	1	796010	796227	1	219	1.12e-113	365
XP_019175963.1	tr|A0A2I0AUA3|A0A2I0AUA3_9ASPA	35.251	678	374	13	7887749	7888399	26	665	1.20e-113	384
XP_019175963.1	tr|Q9SP84|Q9SP84_GOSTH	78.539	219	46	1	796010	796227	1	219	1.72e-113	365
XP_019175963.1	tr|Q9SP70|Q9SP70_GOSSC	78.636	220	46	1	794254	794472	1	220	4.51e-113	363
XP_019175963.1	tr|Q7G0F4|Q7G0F4_GOSHI	78.899	218	45	1	796010	796226	1	218	4.90e-113	363
XP_019175963.1	tr|Q7G0B3|Q7G0B3_GOSHI	78.899	218	45	1	796011	796227	1	218	5.00e-113	363
XP_019175963.1	tr|Q7G0W1|Q7G0W1_9ROSI	85.787	197	28	0	795126	795322	1	197	2.69e-112	360
XP_019175963.1	tr|Q7G0F2|Q7G0F2_GOSHI	78.802	217	45	1	796011	796226	1	217	3.12e-112	361
XP_019175963.1	tr|Q7G0F8|Q7G0F8_GOSHI	78.802	217	45	1	796010	796225	1	217	3.12e-112	361
XP_019175963.1	tr|A0A5B7A6R2|A0A5B7A6R2_DAVIN	86.082	194	27	0	795960	796153	1	194	5.72e-112	360
XP_019175963.1	tr|Q0WM36|Q0WM36_ARATH	87.500	192	24	0	22854519	22854710	1	192	6.33e-112	359
XP_019175963.1	tr|Q93VN9|Q93VN9_ZEAMM	88.205	195	23	0	796127	796321	1	195	7.98e-112	359
XP_019175963.1	tr|Q9SP72|Q9SP72_GOSSC	78.704	216	45	1	796010	796224	1	216	1.10e-111	359
XP_019175963.1	tr|O65300|O65300_9ROSI	85.279	197	29	0	795126	795322	1	197	1.56e-111	358
XP_019175963.1	tr|Q7G0C6|Q7G0C6_GOSHI	78.704	216	45	1	796011	796225	1	216	1.80e-111	359
XP_019175963.1	tr|Q9SP73|Q9SP73_GOSSC	78.241	216	46	1	796010	796224	1	216	1.85e-111	358
XP_019175963.1	tr|Q9SP68|Q9SP68_9ROSI	78.241	216	46	1	796010	796224	1	216	1.85e-111	358
XP_019175963.1	tr|Q94KU4|Q94KU4_ZEAMM	87.692	195	24	0	796127	796321	1	195	4.69e-111	357
XP_019175963.1	tr|Q9SP80|Q9SP80_9ROSI	78.605	215	45	1	796010	796223	1	215	4.99e-111	357
XP_019175963.1	tr|Q9S7T3|Q9S7T3_9ROSI	78.605	215	45	1	796011	796224	1	215	7.20e-111	357
XP_019175963.1	tr|Q7G0G5|Q7G0G5_GOSHI	78.605	215	45	1	796011	796224	1	215	7.20e-111	357
XP_019175963.1	tr|Q9SP78|Q9SP78_GOSAI	78.140	215	46	1	796010	796223	1	215	7.71e-111	357
XP_019175963.1	tr|Q9SP67|Q9SP67_9ROSI	78.140	215	46	1	796011	796224	1	215	1.06e-110	357
XP_019175963.1	tr|Q9SP82|Q9SP82_9ROSI	78.140	215	46	1	796011	796224	1	215	1.64e-110	356
XP_019175963.1	tr|Q9SP77|Q9SP77_GOSAI	78.404	213	45	1	796010	796221	1	213	2.24e-110	355
XP_019175963.1	tr|Q9SP89|Q9SP89_GOSTU	79.245	212	43	1	796010	796220	1	212	3.25e-110	355
XP_019175963.1	tr|Q7G0E8|Q7G0E8_GOSHI	79.343	213	43	1	796018	796229	1	213	1.53e-109	353
XP_019175963.1	tr|Q7G0C5|Q7G0C5_GOSHI	78.404	213	45	1	796013	796224	1	213	1.76e-109	353
XP_019175963.1	tr|Q9SP92|Q9SP92_GOSRA	79.147	211	43	1	796010	796219	1	211	1.81e-109	353
XP_019175963.1	tr|Q9SP74|Q9SP74_GOSSC	79.147	211	43	1	796010	796219	1	211	1.81e-109	353
XP_019175963.1	tr|Q9SP87|Q9SP87_9ROSI	79.147	211	43	1	796010	796219	1	211	1.81e-109	353
XP_019175963.1	tr|Q9SP90|Q9SP90_GOSGO	79.147	211	43	1	796010	796219	1	211	1.81e-109	353
XP_019175963.1	tr|Q9SP85|Q9SP85_GOSTH	78.673	211	44	1	796010	796219	1	211	3.88e-109	352
XP_019175963.1	tr|O24506|O24506_9POAL	84.574	188	29	0	795206	795393	1	188	6.22e-109	350
XP_019175963.1	tr|Q9SP83|Q9SP83_9ROSI	78.571	210	44	1	796011	796219	1	210	2.40e-108	350
XP_019175963.1	tr|Q9SP79|Q9SP79_GOSDV	78.947	209	43	1	796011	796218	1	209	5.02e-108	348
XP_019175963.1	tr|Q9SP81|Q9SP81_9ROSI	78.846	208	43	1	796011	796217	1	208	1.53e-107	347
XP_019175963.1	tr|O24507|O24507_ANOMA	82.979	188	32	0	796114	796301	1	188	8.24e-107	344
XP_019175963.1	tr|Q9S7D4|Q9S7D4_9ROSI	78.641	206	43	1	796010	796214	1	206	1.59e-106	344
XP_019175963.1	tr|Q9M691|Q9M691_9ROSI	78.537	205	43	1	796016	796219	1	205	1.91e-104	338
XP_019175963.1	tr|Q944V5|Q944V5_9ROSI	79.310	203	41	1	796018	796219	1	203	3.47e-104	337
XP_019175963.1	tr|Q944V3|Q944V3_9ROSI	79.310	203	41	1	796018	796219	1	203	3.47e-104	337
XP_019175963.1	tr|Q944V4|Q944V4_9ROSI	79.310	203	41	1	796018	796219	1	203	5.74e-104	337
XP_019175963.1	tr|Q944V6|Q944V6_9ROSI	78.818	203	42	1	796018	796219	1	203	4.55e-103	334
XP_019175963.1	tr|Q944V2|Q944V2_KOKDR	78.818	203	42	1	796018	796219	1	203	4.68e-103	334
XP_019175963.1	tr|K0MZ47|K0MZ47_PINMS	78.571	196	42	0	794350	794545	1	196	4.74e-101	328
XP_019175963.1	tr|O24504|O24504_ANOMA	83.511	188	31	0	795206	795393	1	188	1.12e-100	327
XP_019175963.1	tr|K0NBL0|K0NBL0_PINMS	78.061	196	43	0	794350	794545	1	196	2.08e-100	326
XP_019175963.1	tr|K0NBL2|K0NBL2_PINMS	77.551	196	44	0	794350	794545	1	196	6.66e-100	325
XP_019175963.1	tr|K0NBJ7|K0NBJ7_PINMS	78.061	196	43	0	796106	796301	1	196	8.40e-100	324
XP_019175963.1	tr|K0N905|K0N905_PINMS	77.551	196	44	0	794350	794545	1	196	9.52e-100	324
XP_019175963.1	tr|K0MZ54|K0MZ54_PINMS	77.551	196	44	0	794350	794545	1	196	1.22e-99	324
XP_019175963.1	tr|K0MZ86|K0MZ86_PINMS	77.041	196	45	0	794350	794545	1	196	1.89e-99	323
XP_019175963.1	tr|Q42764|Q42764_GOSHI	84.444	180	28	0	795251	795430	1	180	3.09e-99	322
XP_019175963.1	tr|K0NDY1|K0NDY1_PINMS	77.041	196	45	0	794350	794545	1	196	3.52e-99	323
XP_019175963.1	tr|O49214|O49214_TRIDA	88.000	175	21	0	796127	796301	1	175	4.56e-99	322
XP_019175963.1	tr|K0NBK4|K0NBK4_PINMS	77.041	196	45	0	794350	794545	1	196	5.03e-99	322
XP_019175963.1	tr|Q9M3S9|Q9M3S9_BETPN	81.622	185	34	0	796060	796244	1	185	1.10e-98	321
XP_019175963.1	tr|A0A649UJP9|A0A649UJP9_BETNI	86.061	165	23	0	796005	796169	1	165	5.94e-98	318
XP_019175963.1	tr|K0MZ73|K0MZ73_PINMS	76.020	196	47	0	794350	794545	1	196	7.85e-98	319
XP_019175963.1	tr|U6BQH7|U6BQH7_9ROSI	85.455	165	24	0	796005	796169	1	165	2.15e-97	316
XP_019175963.1	tr|K0MZA5|K0MZA5_9SPER	75.510	196	48	0	794350	794545	1	196	4.35e-97	317
XP_019175963.1	tr|U6BT18|U6BT18_9ROSI	85.455	165	24	0	796005	796169	1	165	6.07e-97	315
XP_019175963.1	tr|U6BQM4|U6BQM4_9ROSI	84.848	165	25	0	796005	796169	1	165	7.58e-97	315
XP_019175963.1	tr|A0A649UJX4|A0A649UJX4_BETPN	85.455	165	24	0	796005	796169	1	165	2.24e-96	313
XP_019175963.1	tr|A0A5P9JPA3|A0A5P9JPA3_BETPN	85.455	165	24	0	796005	796169	1	165	2.24e-96	313
XP_019175963.1	tr|A0A649UIJ4|A0A649UIJ4_9ROSI	85.455	165	24	0	796005	796169	1	165	2.24e-96	313
XP_019175963.1	tr|U6BTA6|U6BTA6_9ROSI	84.848	165	25	0	796005	796169	1	165	2.88e-96	313
XP_019175963.1	tr|A0A649UII5|A0A649UII5_BETPN	84.848	165	25	0	796005	796169	1	165	1.09e-95	311
XP_019175963.1	tr|A0A2I0B2K3|A0A2I0B2K3_9ASPA	30.828	652	411	11	7715643	7716279	105	731	2.13e-93	327
XP_019175963.1	tr|O24505|O24505_9POAL	83.511	188	31	0	795206	795393	1	188	8.99e-93	304
XP_019175963.1	tr|Q7DMF5|Q7DMF5_GOSHI	85.987	157	22	0	794426	794582	1	157	1.46e-87	288
XP_019175963.1	tr|A0A2I0AKI1|A0A2I0AKI1_9ASPA	69.945	183	55	0	25647642	25647824	2	184	1.22e-84	282
XP_019175963.1	tr|Q9SM47|Q9SM47_SACOF	86.486	148	20	0	795963	796110	3	150	2.34e-84	278
XP_019175963.1	tr|U5PZ79|U5PZ79_HEDCO	56.250	256	108	3	18768405	18768656	4	259	2.12e-83	280
XP_019175963.1	tr|A0A2I0BBQ2|A0A2I0BBQ2_9ASPA	39.409	406	224	9	16999247	16999646	1	390	4.26e-81	279
XP_019175963.1	tr|A0A0B2PR50|A0A0B2PR50_GLYSO	71.515	165	47	0	19859209	19859373	16	180	9.40e-80	268
XP_019175963.1	tr|A0A2G9GSY5|A0A2G9GSY5_9LAMI	79.221	154	27	1	19859438	19859586	76	229	2.44e-77	261
XP_019175963.1	tr|Q944U8|Q944U8_KOKDR	83.916	143	23	0	795196	795338	1	143	1.05e-76	256
XP_019175963.1	tr|Q944V1|Q944V1_9ROSI	82.639	144	25	0	795196	795339	1	144	1.24e-76	256
XP_019175963.1	tr|Q944V0|Q944V0_9ROSI	82.639	144	25	0	795196	795339	1	144	1.45e-76	256
XP_019175963.1	tr|Q944U9|Q944U9_9ROSI	80.556	144	28	0	795196	795339	1	144	2.98e-75	252
XP_019175963.1	tr|Q8H1C2|Q8H1C2_BETVU	82.707	133	23	0	794283	794415	1	133	6.99e-74	248
XP_019175963.1	tr|Q8H1C4|Q8H1C4_BETVU	83.333	132	22	0	794284	794415	1	132	2.92e-73	246
XP_019175963.1	tr|A0A0B2P1L8|A0A0B2P1L8_GLYSO	62.842	183	44	1	25647801	25647983	2	160	1.22e-71	243
XP_019175963.1	tr|Q8H1C3|Q8H1C3_BETVU	85.385	130	19	0	796040	796169	1	130	1.88e-71	240
XP_019175963.1	tr|Q8H1C1|Q8H1C1_BETVU	83.846	130	21	0	796037	796166	1	130	2.45e-69	234
XP_019175963.1	tr|A0A5B7B875|A0A5B7B875_DAVIN	69.863	146	44	0	17294592	17294737	42	187	4.43e-67	230
XP_019175963.1	tr|A0A151QQ99|A0A151QQ99_CAJCA	41.587	315	138	6	17294990	17295296	2	278	2.37e-63	223
XP_019175963.1	tr|A0A0B2Q6K1|A0A0B2Q6K1_GLYSO	73.846	130	31	1	25647704	25647833	15	141	2.84e-60	209
XP_019175963.1	tr|A0A0B2NXT0|A0A0B2NXT0_GLYSO	73.770	122	32	0	25647704	25647825	8	129	5.14e-59	206
XP_019175963.1	tr|A0A2I0AAX3|A0A2I0AAX3_9ASPA	44.681	235	128	2	1758383	1758615	2	236	6.44e-58	207
XP_019175963.1	tr|Q9LD91|Q9LD91_ARALL	85.577	104	15	0	796226	796329	1	104	1.69e-56	196
XP_019175963.1	tr|A0A0B2PMG9|A0A0B2PMG9_GLYSO	80.000	110	19	1	25647648	25647757	4	110	2.31e-53	188
XP_019175963.1	tr|A0A5B6ZDF1|A0A5B6ZDF1_DAVIN	75.962	104	25	0	18432236	18432339	1	104	6.46e-51	181
XP_019175963.1	tr|A0A2I0AEY7|A0A2I0AEY7_9ASPA	56.115	139	60	1	17802339	17802476	2	140	2.32e-49	180
XP_019175963.1	tr|A0A7C9D5Z4|A0A7C9D5Z4_OPUST	89.412	85	9	0	20206432	20206516	58	142	2.95e-46	169
XP_019175963.1	tr|A0A2G9G4Z6|A0A2G9G4Z6_9LAMI	71.569	102	29	0	17294627	17294728	4	105	6.34e-46	167
XP_019175963.1	tr|A0A0B2Q8T0|A0A0B2Q8T0_GLYSO	46.667	195	59	4	3380264	3380450	11	168	1.96e-44	165
XP_019175963.1	tr|A0A2I0ALF4|A0A2I0ALF4_9ASPA	36.364	220	129	2	7715998	7716209	1	217	4.53e-36	143
XP_019175963.1	tr|B9S260|B9S260_RICCO	51.695	118	57	0	20430484	20430601	45	162	4.06e-33	132
XP_019175963.1	tr|B9TF54|B9TF54_RICCO	30.726	358	209	13	24205321	24205652	2	346	1.25e-31	134
XP_019175963.1	tr|A0A2H9ZUQ8|A0A2H9ZUQ8_9ASPA	36.313	179	113	1	15206696	15206874	3	180	1.89e-31	129
XP_019175963.1	tr|A0A2I0AQE9|A0A2I0AQE9_9ASPA	37.195	164	75	3	22634227	22634390	1	136	1.42e-25	111
XP_019175963.1	tr|A0A2I0AJ60|A0A2I0AJ60_9ASPA	30.350	257	136	9	16999436	16999671	13	247	8.85e-21	100
XP_019175963.1	tr|A0A0D2MRA0|A0A0D2MRA0_9CHLO	28.947	304	183	11	47401	47681	7	300	9.19e-18	92.4
XP_019175963.1	tr|A0A0B2P1M4|A0A0B2P1M4_GLYSO	59.649	57	23	0	25647930	25647986	28	84	4.40e-14	78.6
XP_019175963.1	tr|A0A2I0ACY4|A0A2I0ACY4_9ASPA	37.226	137	78	3	8450853	8450985	39	171	6.94e-14	78.6
XP_019175963.1	tr|A0A0B2PMA3|A0A0B2PMA3_GLYSO	68.519	54	17	0	25647930	25647983	56	109	1.65e-13	82.8
XP_019175963.1	tr|A0A0D2JKC5|A0A0D2JKC5_9CHLO	25.166	302	153	7	16557580	16557821	1	289	6.50e-13	79.3
XP_019175963.1	tr|A0A2I0BHJ9|A0A2I0BHJ9_9ASPA	50.769	65	32	0	4090694	4090758	94	158	1.95e-12	73.2
XP_019175963.1	tr|A0A2I0AMF9|A0A2I0AMF9_9ASPA	50.000	64	32	0	4090695	4090758	95	158	1.55e-11	70.5
XP_019175963.1	tr|A0A2I0AMM9|A0A2I0AMM9_9ASPA	31.618	136	87	3	23103377	23103512	1	130	6.60e-11	67.8
