AJC68652.1	tr|Q3Y6S2|Q3Y6S2_LOLMU	100.000	437	0	0	4450	4886	1	437	0.0	894
AJC68652.1	tr|A0A5B9T5S8|A0A5B9T5S8_LOLRI	99.087	438	4	0	4449	4886	68	505	0.0	891
AJC68652.1	tr|A0A5B9T5W8|A0A5B9T5W8_LOLRI	99.087	438	4	0	4449	4886	68	505	0.0	890
AJC68652.1	tr|A0A5B9T603|A0A5B9T603_BROTE	96.575	438	15	0	4449	4886	71	508	0.0	876
AJC68652.1	tr|A0A446WZV3|A0A446WZV3_TRITD	96.804	438	14	0	4449	4886	73	510	0.0	873
AJC68652.1	tr|A0A3B6TCN7|A0A3B6TCN7_WHEAT	96.804	438	14	0	4449	4886	73	510	0.0	873
AJC68652.1	tr|A0A446RID2|A0A446RID2_TRITD	96.575	438	15	0	4449	4886	78	515	0.0	873
AJC68652.1	tr|A0A446RIC4|A0A446RIC4_TRITD	96.575	438	15	0	4449	4886	77	514	0.0	873
AJC68652.1	tr|B5M6A1|B5M6A1_WHEAT	96.347	438	16	0	4449	4886	73	510	0.0	872
AJC68652.1	tr|A0A3B6R885|A0A3B6R885_WHEAT	96.804	438	14	0	4449	4886	73	510	0.0	871
AJC68652.1	tr|A0A0P0K3B8|A0A0P0K3B8_WHEAT	96.575	438	15	0	4449	4886	73	510	0.0	871
AJC68652.1	tr|A0A446RID0|A0A446RID0_TRITD	96.575	438	15	0	4449	4886	73	510	0.0	871
AJC68652.1	tr|A0A3B6U4K5|A0A3B6U4K5_WHEAT	96.575	438	15	0	4449	4886	78	515	0.0	869
AJC68652.1	tr|V5NFH4|V5NFH4_SORHL	96.575	438	15	0	4449	4886	8	445	0.0	868
AJC68652.1	tr|I1H1V3|I1H1V3_BRADI	95.890	438	18	0	4449	4886	73	510	0.0	865
AJC68652.1	tr|A0A453QJP6|A0A453QJP6_AEGTS	96.575	438	15	0	4449	4886	75	512	0.0	865
AJC68652.1	tr|A0A0D9WLG7|A0A0D9WLG7_9ORYZ	95.434	438	20	0	4449	4886	73	510	0.0	842
AJC68652.1	tr|A0A0E0L7E6|A0A0E0L7E6_ORYPU	94.977	438	22	0	4449	4886	100	537	0.0	838
AJC68652.1	tr|A0A0D3GCF5|A0A0D3GCF5_9ORYZ	94.749	438	23	0	4449	4886	72	509	0.0	838
AJC68652.1	tr|Q93VK6|Q93VK6_ORYSA	94.749	438	23	0	4449	4886	74	511	0.0	838
AJC68652.1	tr|I1PZA1|I1PZA1_ORYGL	94.749	438	23	0	4449	4886	74	511	0.0	838
AJC68652.1	tr|A0A0E0PT33|A0A0E0PT33_ORYRU	94.749	438	23	0	4449	4886	78	515	0.0	837
AJC68652.1	tr|A2Y8X9|A2Y8X9_ORYSI	94.749	438	23	0	4449	4886	78	515	0.0	837
AJC68652.1	tr|A0A0E0HKI5|A0A0E0HKI5_ORYNI	94.749	438	23	0	4449	4886	78	515	0.0	837
AJC68652.1	tr|A0A0E0DW90|A0A0E0DW90_9ORYZ	94.749	438	23	0	4449	4886	78	515	0.0	837
AJC68652.1	tr|Q5VNW0|Q5VNW0_ORYSJ	94.749	438	23	0	4449	4886	78	515	0.0	837
AJC68652.1	tr|A0A0E0A4L5|A0A0E0A4L5_9ORYZ	94.749	438	23	0	4449	4886	74	511	0.0	837
AJC68652.1	tr|A0A0E0L7E8|A0A0E0L7E8_ORYPU	94.977	438	22	0	4449	4886	26	463	0.0	836
AJC68652.1	tr|A0A0E0L7E7|A0A0E0L7E7_ORYPU	94.977	438	22	0	4449	4886	62	499	0.0	836
AJC68652.1	tr|A0A6G1CPC4|A0A6G1CPC4_9ORYZ	94.521	438	24	0	4449	4886	70	507	0.0	831
AJC68652.1	tr|A0A3L6PJ42|A0A3L6PJ42_PANMI	93.836	438	27	0	4449	4886	70	507	0.0	827
AJC68652.1	tr|A0A2T7E3E4|A0A2T7E3E4_9POAL	93.836	438	27	0	4449	4886	72	509	0.0	827
AJC68652.1	tr|H6T5X1|H6T5X1_SORHL	94.749	438	22	1	4449	4886	8	444	0.0	827
AJC68652.1	tr|A0A2S3HM17|A0A2S3HM17_9POAL	93.836	438	27	0	4449	4886	71	508	0.0	827
AJC68652.1	tr|A0A5B9T7B3|A0A5B9T7B3_SORHL	94.521	438	23	1	4449	4886	70	506	0.0	825
AJC68652.1	tr|H6T5X2|H6T5X2_SORHL	94.521	438	23	1	4449	4886	8	444	0.0	825
AJC68652.1	tr|C5Z3D1|C5Z3D1_SORBI	94.292	438	24	1	4449	4886	70	506	0.0	824
AJC68652.1	tr|A0A3L6S0G6|A0A3L6S0G6_PANMI	93.379	438	29	0	4449	4886	71	508	0.0	823
AJC68652.1	tr|A0A5J9TN54|A0A5J9TN54_9POAL	93.379	438	29	0	4449	4886	77	514	0.0	823
AJC68652.1	tr|Q95AK0|Q95AK0_ELEIN	93.379	438	29	0	4449	4886	8	445	0.0	822
AJC68652.1	tr|G8FH00|G8FH00_ELEIN	93.379	438	29	0	4449	4886	6	443	0.0	822
AJC68652.1	tr|O24566|O24566_MAIZE	93.836	438	26	1	4449	4886	8	444	0.0	821
AJC68652.1	tr|A0A3L6D9R8|A0A3L6D9R8_MAIZE	93.836	438	26	1	4449	4886	70	506	0.0	820
AJC68652.1	tr|A0A1E5W859|A0A1E5W859_9POAL	92.694	438	32	0	4449	4886	71	508	0.0	820
AJC68652.1	tr|G8FH01|G8FH01_ELEIN	93.151	438	30	0	4449	4886	6	443	0.0	819
AJC68652.1	tr|A0A1D6NVZ6|A0A1D6NVZ6_MAIZE	93.607	438	27	1	4449	4886	70	506	0.0	819
AJC68652.1	tr|A0A4U6UXI9|A0A4U6UXI9_SETVI	92.694	438	32	0	4449	4886	73	510	0.0	816
AJC68652.1	tr|Q95AK1|Q95AK1_ELEIN	92.922	438	31	0	4449	4886	8	445	0.0	815
AJC68652.1	tr|A0A287VK38|A0A287VK38_HORVV	97.059	408	12	0	4479	4886	20	427	0.0	814
AJC68652.1	tr|A0AR18|A0AR18_ELEIN	92.922	438	31	0	4449	4886	8	445	0.0	814
AJC68652.1	tr|A0AR17|A0AR17_ELEIN	92.694	438	32	0	4449	4886	8	445	0.0	814
AJC68652.1	tr|A0A089WYN0|A0A089WYN0_ELEIN	92.694	438	32	0	4449	4886	8	445	0.0	813
AJC68652.1	tr|A0A0P0KT88|A0A0P0KT88_WHEAT	97.052	407	12	0	4480	4886	1	407	0.0	812
AJC68652.1	tr|A0A0P0KDX1|A0A0P0KDX1_WHEAT	96.806	407	13	0	4480	4886	1	407	0.0	810
AJC68652.1	tr|A0A6I9RYL5|A0A6I9RYL5_ELAGV	85.616	438	63	0	4449	4886	85	522	0.0	792
AJC68652.1	tr|A0A368QQK4|A0A368QQK4_SETIT	90.639	438	31	1	4449	4886	74	501	0.0	790
AJC68652.1	tr|K3XWI8|K3XWI8_SETIT	90.639	438	31	1	4449	4886	71	498	0.0	790
AJC68652.1	tr|A0A142J9E4|A0A142J9E4_TRITU	96.962	395	12	0	4492	4886	1	395	0.0	788
AJC68652.1	tr|A0A1U8ABI8|A0A1U8ABI8_NELNU	85.160	438	65	0	4449	4886	88	525	0.0	787
AJC68652.1	tr|A0A142J9E5|A0A142J9E5_TRIMO	96.962	395	12	0	4492	4886	1	395	0.0	787
AJC68652.1	tr|A0A142J9E7|A0A142J9E7_AEGTA	96.962	395	12	0	4492	4886	1	395	0.0	787
AJC68652.1	tr|A0A2U1MP09|A0A2U1MP09_ARTAN	85.388	438	64	0	4449	4886	79	516	0.0	785
AJC68652.1	tr|A0A142J9E6|A0A142J9E6_AEGSP	96.709	395	13	0	4492	4886	1	395	0.0	785
AJC68652.1	tr|A0A2U1QK72|A0A2U1QK72_ARTAN	85.355	437	64	0	4449	4885	77	513	0.0	784
AJC68652.1	tr|W0FFD6|W0FFD6_MUSAC	85.160	438	65	0	4449	4886	77	514	0.0	784
AJC68652.1	tr|A0A287VJQ7|A0A287VJQ7_HORVV	97.187	391	11	0	4496	4886	1	391	0.0	781
AJC68652.1	tr|M0U232|M0U232_MUSAM	84.703	438	67	0	4449	4886	81	518	0.0	781
AJC68652.1	tr|A3B841|A3B841_ORYSJ	89.726	438	36	1	4449	4886	78	506	0.0	780
AJC68652.1	tr|A0A2I0WBU8|A0A2I0WBU8_9ASPA	84.897	437	66	0	4449	4885	92	528	0.0	780
AJC68652.1	tr|A0A4S8IKF3|A0A4S8IKF3_MUSBA	84.475	438	68	0	4449	4886	81	518	0.0	779
AJC68652.1	tr|A0A2P6SFY3|A0A2P6SFY3_ROSCH	84.703	438	67	0	4449	4886	84	521	0.0	779
AJC68652.1	tr|A0A345N8Y2|A0A345N8Y2_9ASTR	84.703	438	67	0	4449	4886	83	520	0.0	778
AJC68652.1	tr|A0A345N8W9|A0A345N8W9_9ASTR	84.247	438	69	0	4449	4886	86	523	0.0	778
AJC68652.1	tr|A0A345N8X4|A0A345N8X4_9ASTR	84.703	438	67	0	4449	4886	83	520	0.0	777
AJC68652.1	tr|A0A2H3YUT8|A0A2H3YUT8_PHODC	84.247	438	69	0	4449	4886	85	522	0.0	777
AJC68652.1	tr|A0A345N8Y0|A0A345N8Y0_9ASTR	84.703	438	67	0	4449	4886	83	520	0.0	777
AJC68652.1	tr|A0A140DN07|A0A140DN07_9POAL	85.616	438	61	2	4449	4885	78	514	0.0	777
AJC68652.1	tr|A0A126SNX5|A0A126SNX5_9POAL	85.616	438	61	2	4449	4885	77	513	0.0	777
AJC68652.1	tr|A0A345N8X0|A0A345N8X0_9ASTR	84.247	438	69	0	4449	4886	86	523	0.0	776
AJC68652.1	tr|N1QQC8|N1QQC8_AEGTA	96.675	391	13	0	4496	4886	1	391	0.0	776
AJC68652.1	tr|A0A446WZV5|A0A446WZV5_TRITD	96.675	391	13	0	4496	4886	1	391	0.0	776
AJC68652.1	tr|A0A345N8W8|A0A345N8W8_9ASTR	84.018	438	70	0	4449	4886	86	523	0.0	776
AJC68652.1	tr|Q6E6L4|Q6E6L4_CONCD	84.018	438	70	0	4449	4886	86	523	0.0	776
AJC68652.1	tr|A0A089VH80|A0A089VH80_9POAL	85.616	438	61	2	4449	4885	72	508	0.0	776
AJC68652.1	tr|A0A345N8Y1|A0A345N8Y1_9ASTR	84.247	438	69	0	4449	4886	83	520	0.0	776
AJC68652.1	tr|A0A2I4DKQ7|A0A2I4DKQ7_JUGRE	83.562	438	72	0	4449	4886	85	522	0.0	775
AJC68652.1	tr|G4U4J5|G4U4J5_CONCD	84.018	438	70	0	4449	4886	86	523	0.0	775
AJC68652.1	tr|A0A140DN06|A0A140DN06_9POAL	85.388	438	62	2	4449	4885	77	513	0.0	774
AJC68652.1	tr|M1K5H3|M1K5H3_AMAPA	83.790	438	71	0	4449	4886	73	510	0.0	773
AJC68652.1	tr|M1K439|M1K439_AMAPA	84.018	438	70	0	4449	4886	73	510	0.0	773
AJC68652.1	tr|D2CIU6|D2CIU6_9ASTR	84.703	438	67	0	4449	4886	9	446	0.0	773
AJC68652.1	tr|A0A142K487|A0A142K487_AMARE	83.790	438	71	0	4449	4886	41	478	0.0	773
AJC68652.1	tr|C8YXI6|C8YXI6_AMAPA	83.562	438	72	0	4449	4886	81	518	0.0	773
AJC68652.1	tr|D2CIU2|D2CIU2_9ASTR	83.790	438	71	0	4449	4886	9	446	0.0	772
AJC68652.1	tr|C8YXI5|C8YXI5_AMAPA	83.562	438	72	0	4449	4886	81	518	0.0	772
AJC68652.1	tr|A8YTA7|A8YTA7_9ASTR	84.247	438	69	0	4449	4886	9	446	0.0	771
AJC68652.1	tr|A0A142K486|A0A142K486_AMAVI	83.562	438	72	0	4449	4886	80	517	0.0	771
AJC68652.1	tr|A0A172QP98|A0A172QP98_FRAAN	84.018	438	70	0	4449	4886	83	520	0.0	771
AJC68652.1	tr|Q30CZ8|Q30CZ8_FAGSY	82.877	438	75	0	4449	4886	83	520	0.0	770
AJC68652.1	tr|D2CIU7|D2CIU7_9ASTR	84.475	438	68	0	4449	4886	9	446	0.0	770
AJC68652.1	tr|A0A2H9ZZR4|A0A2H9ZZR4_9ASPA	83.524	437	72	0	4449	4885	89	525	0.0	769
AJC68652.1	tr|A0A089VKV2|A0A089VKV2_9POAL	86.111	432	58	2	4449	4879	63	493	0.0	769
AJC68652.1	tr|A0A089VFD1|A0A089VFD1_9POAL	86.111	432	58	2	4449	4879	62	492	0.0	769
AJC68652.1	tr|C8YYL6|C8YYL6_AMATU	82.877	438	75	0	4449	4886	81	518	0.0	768
AJC68652.1	tr|A0A0K9RIA3|A0A0K9RIA3_SPIOL	82.877	438	75	0	4449	4886	77	514	0.0	768
AJC68652.1	tr|A0A059CIR5|A0A059CIR5_EUCGR	82.420	438	77	0	4449	4886	76	513	0.0	768
AJC68652.1	tr|A0A6P6AZB2|A0A6P6AZB2_DURZI	82.648	438	76	0	4449	4886	84	521	0.0	767
AJC68652.1	tr|A0A6I9SCZ8|A0A6I9SCZ8_ELAGV	85.616	438	63	0	4449	4886	85	522	0.0	767
AJC68652.1	tr|C8YYL7|C8YYL7_AMATU	83.105	438	74	0	4449	4886	81	518	0.0	767
AJC68652.1	tr|A0A089VLU1|A0A089VLU1_9POAL	86.279	430	57	2	4449	4877	62	490	0.0	767
AJC68652.1	tr|A0A2R6RCQ6|A0A2R6RCQ6_ACTCC	85.388	438	64	0	4449	4886	85	522	0.0	766
AJC68652.1	tr|A0A7C9CHK7|A0A7C9CHK7_OPUST	83.333	438	73	0	4449	4886	81	518	0.0	765
AJC68652.1	tr|A0A089X599|A0A089X599_9POAL	86.047	430	58	2	4449	4877	63	491	0.0	765
AJC68652.1	tr|A0A6L5B9B8|A0A6L5B9B8_APIGR	82.192	438	78	0	4449	4886	88	525	0.0	764
AJC68652.1	tr|A0A200R9Y2|A0A200R9Y2_9MAGN	85.160	438	65	0	4449	4886	83	520	0.0	764
AJC68652.1	tr|M7Z0L8|M7Z0L8_TRIUA	91.106	416	12	1	4496	4886	1	416	0.0	764
AJC68652.1	tr|A0A446WZU5|A0A446WZU5_TRITD	91.106	416	12	1	4496	4886	1	416	0.0	764
AJC68652.1	tr|A0A2G9H2R6|A0A2G9H2R6_9LAMI	84.932	438	66	0	4449	4886	82	519	0.0	763
AJC68652.1	tr|M0S4R3|M0S4R3_MUSAM	85.388	438	64	0	4449	4886	81	518	0.0	763
AJC68652.1	tr|A0A6I9SBM8|A0A6I9SBM8_ELAGV	85.227	440	63	1	4449	4886	85	524	0.0	762
AJC68652.1	tr|A0A0E0DW91|A0A0E0DW91_9ORYZ	88.539	445	32	1	4449	4893	78	503	0.0	762
AJC68652.1	tr|A0A4S8I8K9|A0A4S8I8K9_MUSBA	85.160	438	65	0	4449	4886	81	518	0.0	761
AJC68652.1	tr|A0A199UTR0|A0A199UTR0_ANACO	85.616	438	63	0	4449	4886	83	520	0.0	761
AJC68652.1	tr|A0A6P5GNZ8|A0A6P5GNZ8_ANACO	85.616	438	63	0	4449	4886	83	520	0.0	761
AJC68652.1	tr|A0A142K488|A0A142K488_AMABL	82.877	438	74	1	4449	4886	41	477	0.0	760
AJC68652.1	tr|A0A2H3ZFH7|A0A2H3ZFH7_PHODC	85.355	437	63	1	4449	4885	85	520	0.0	760
AJC68652.1	tr|A0A5J4ZAW2|A0A5J4ZAW2_9ASTE	82.569	436	76	0	4450	4885	1040	1475	0.0	760
AJC68652.1	tr|A0A166FFB0|A0A166FFB0_DAUCS	81.963	438	79	0	4449	4886	88	525	0.0	759
AJC68652.1	tr|A0A0A1C3J0|A0A0A1C3J0_ELEIN	93.797	403	25	0	4484	4886	1	403	0.0	758
AJC68652.1	tr|A0A0N7E509|A0A0N7E509_9ASPA	84.475	438	67	1	4449	4886	80	516	0.0	755
AJC68652.1	tr|A0A2Z7CLX6|A0A2Z7CLX6_9LAMI	84.138	435	69	0	4449	4883	81	515	0.0	755
AJC68652.1	tr|A0A0K9NRE7|A0A0K9NRE7_ZOSMR	83.105	438	72	2	4449	4886	80	515	0.0	755
AJC68652.1	tr|Q1M157|Q1M157_CAMAC	84.247	438	69	0	4449	4886	82	519	0.0	754
AJC68652.1	tr|A0A371FL00|A0A371FL00_MUCPR	81.963	438	79	0	4449	4886	88	525	0.0	754
AJC68652.1	tr|A0A5S9X766|A0A5S9X766_ARATH	81.279	438	82	0	4449	4886	83	520	0.0	754
AJC68652.1	tr|A0A078J1K1|A0A078J1K1_BRANA	81.963	438	79	0	4449	4886	78	515	0.0	754
AJC68652.1	sp|P05466|AROA_ARATH	81.279	438	82	0	4449	4886	83	520	0.0	754
AJC68652.1	tr|A0A2R6QPH7|A0A2R6QPH7_ACTCC	83.790	438	71	0	4449	4886	85	522	0.0	754
AJC68652.1	tr|Q946V0|Q946V0_9LAMI	84.828	435	65	1	4449	4883	80	513	0.0	754
AJC68652.1	tr|A0A0A1C3V2|A0A0A1C3V2_ELEIN	93.300	403	27	0	4484	4886	1	403	0.0	753
AJC68652.1	tr|A0A2R6R6G0|A0A2R6R6G0_ACTCC	84.091	440	70	0	4447	4886	73	512	0.0	753
AJC68652.1	tr|A0A1J3E0I6|A0A1J3E0I6_NOCCA	82.420	438	77	0	4449	4886	90	527	0.0	753
AJC68652.1	tr|A0A654F3G7|A0A654F3G7_ARATH	81.050	438	83	0	4449	4886	83	520	0.0	752
AJC68652.1	tr|A0A1P8B1E5|A0A1P8B1E5_ARATH	81.193	436	82	0	4449	4884	83	518	0.0	752
AJC68652.1	tr|A0A0N9BED5|A0A0N9BED5_9ASPA	84.828	435	65	1	4449	4883	82	515	0.0	752
AJC68652.1	tr|A0A2P5ADN8|A0A2P5ADN8_PARAD	83.790	438	71	0	4449	4886	88	525	0.0	752
AJC68652.1	tr|A0A1J3HBZ8|A0A1J3HBZ8_NOCCA	82.420	438	77	0	4449	4886	90	527	0.0	751
AJC68652.1	tr|Q946U9|Q946U9_9LAMI	84.598	435	66	1	4449	4883	80	513	0.0	751
AJC68652.1	tr|A0A0A1C4R9|A0A0A1C4R9_ELEIN	93.300	403	27	0	4484	4886	1	403	0.0	751
AJC68652.1	tr|A0A2G3DDT4|A0A2G3DDT4_CAPCH	81.279	438	82	0	4449	4886	84	521	0.0	751
AJC68652.1	tr|G1FBT6|G1FBT6_CAPAN	81.279	438	82	0	4449	4886	79	516	0.0	751
AJC68652.1	tr|A0A1U8N867|A0A1U8N867_GOSHI	83.562	438	72	0	4449	4886	84	521	0.0	751
AJC68652.1	tr|A0A6A4PNT7|A0A6A4PNT7_LUPAL	83.790	438	71	0	4449	4886	88	525	0.0	751
AJC68652.1	tr|A0A251S0N3|A0A251S0N3_HELAN	84.018	438	70	0	4449	4886	81	518	0.0	751
AJC68652.1	tr|A0A0N9BED7|A0A0N9BED7_LIRMU	84.368	435	67	1	4449	4883	82	515	0.0	751
AJC68652.1	tr|A0A067HD33|A0A067HD33_CITSI	83.753	437	71	0	4449	4885	82	518	0.0	750
AJC68652.1	tr|A0A178VT19|A0A178VT19_ARATH	80.822	438	84	0	4449	4886	83	520	0.0	750
AJC68652.1	tr|A0A2G5E2Q7|A0A2G5E2Q7_AQUCA	84.211	437	69	0	4449	4885	89	525	0.0	750
AJC68652.1	tr|B2C1I9|B2C1I9_GOSHI	83.562	438	72	0	4449	4886	84	521	0.0	750
AJC68652.1	tr|A0A5D2WSS2|A0A5D2WSS2_GOSMU	83.562	438	72	0	4449	4886	84	521	0.0	750
AJC68652.1	tr|A0A2P5CCC8|A0A2P5CCC8_TREOI	83.562	438	72	0	4449	4886	88	525	0.0	750
AJC68652.1	tr|A7Y7Y2|A7Y7Y2_GOSHI	83.562	438	72	0	4449	4886	84	521	0.0	750
AJC68652.1	tr|A0A3G9EL19|A0A3G9EL19_9LILI	82.192	438	78	0	4449	4886	75	512	0.0	750
AJC68652.1	tr|A0A1J3J5B9|A0A1J3J5B9_NOCCA	82.192	438	78	0	4449	4886	90	527	0.0	750
AJC68652.1	tr|A0A1J3F4M4|A0A1J3F4M4_NOCCA	82.192	438	78	0	4449	4886	90	527	0.0	750
AJC68652.1	tr|A0A5D2E8P9|A0A5D2E8P9_GOSDA	83.562	438	72	0	4449	4886	84	521	0.0	750
AJC68652.1	tr|A0A5J5T9R9|A0A5J5T9R9_GOSBA	83.562	438	72	0	4449	4886	84	521	0.0	750
AJC68652.1	tr|A0A5B7ANL6|A0A5B7ANL6_DAVIN	83.524	437	72	0	4449	4885	85	521	0.0	750
AJC68652.1	tr|A0A6A4LV35|A0A6A4LV35_9ERIC	84.703	438	67	0	4449	4886	75	512	0.0	749
AJC68652.1	tr|A0A0B0MKL1|A0A0B0MKL1_GOSAR	83.333	438	73	0	4449	4886	84	521	0.0	749
AJC68652.1	tr|A0A2G3AHD0|A0A2G3AHD0_CAPAN	81.050	438	83	0	4449	4886	84	521	0.0	749
AJC68652.1	tr|A0A1U8GVU4|A0A1U8GVU4_CAPAN	81.050	438	83	0	4449	4886	84	521	0.0	749
AJC68652.1	tr|A0A2G2XNQ6|A0A2G2XNQ6_CAPBA	81.050	438	83	0	4449	4886	84	521	0.0	749
AJC68652.1	tr|A0A1Q3CEV3|A0A1Q3CEV3_CEPFO	81.963	438	79	0	4449	4886	83	520	0.0	749
AJC68652.1	tr|A0A2P5WGR5|A0A2P5WGR5_GOSBA	83.562	438	72	0	4449	4886	84	521	0.0	749
AJC68652.1	tr|A0A6P5RNW7|A0A6P5RNW7_PRUAV	84.018	438	69	1	4449	4886	88	524	0.0	749
AJC68652.1	tr|A0A5N6NPZ5|A0A5N6NPZ5_9ASTR	84.211	437	69	0	4449	4885	81	517	0.0	749
AJC68652.1	tr|M5X3W8|M5X3W8_PRUPE	84.018	438	69	1	4449	4886	88	524	0.0	749
AJC68652.1	tr|A0A5D2MVQ5|A0A5D2MVQ5_GOSTO	83.333	438	73	0	4449	4886	84	521	0.0	748
AJC68652.1	tr|A0A5N6QG01|A0A5N6QG01_9ROSI	82.877	438	75	0	4449	4886	84	521	0.0	748
AJC68652.1	tr|A0A6P8DN04|A0A6P8DN04_PUNGR	82.192	438	78	0	4449	4886	85	522	0.0	748
AJC68652.1	tr|A0A4P8PSL9|A0A4P8PSL9_AMBAR	83.562	438	72	0	4449	4886	75	512	0.0	748
AJC68652.1	tr|A0A446WZT9|A0A446WZT9_TRITD	95.908	391	16	0	4496	4886	1	391	0.0	748
AJC68652.1	tr|A0A5D2SCP1|A0A5D2SCP1_GOSMU	83.333	438	73	0	4449	4886	84	521	0.0	748
AJC68652.1	tr|A0A4S4DR40|A0A4S4DR40_CAMSI	83.105	438	74	0	4449	4886	146	583	0.0	748
AJC68652.1	tr|D2CIU5|D2CIU5_9ASTR	83.333	438	73	0	4449	4886	9	446	0.0	748
AJC68652.1	tr|A0A2H5NP74|A0A2H5NP74_CITUN	83.524	437	72	0	4449	4885	82	518	0.0	748
AJC68652.1	tr|A0A2J6KQQ6|A0A2J6KQQ6_LACSA	83.562	438	72	0	4449	4886	81	518	0.0	748
AJC68652.1	tr|V4U8J1|V4U8J1_CITCL	83.524	437	72	0	4449	4885	82	518	0.0	748
AJC68652.1	tr|D2CIU4|D2CIU4_9ASTR	83.333	438	73	0	4449	4886	9	446	0.0	748
AJC68652.1	tr|A0A1J7IWW3|A0A1J7IWW3_LUPAN	83.562	438	72	0	4449	4886	30	467	0.0	748
AJC68652.1	tr|A0A6S7N1K5|A0A6S7N1K5_LACSI	83.871	434	70	0	4449	4882	80	513	0.0	747
AJC68652.1	tr|A0A0D2RDI7|A0A0D2RDI7_GOSRA	83.333	438	73	0	4449	4886	84	521	0.0	747
AJC68652.1	tr|D0VBC7|D0VBC7_VITVI	83.562	438	72	0	4449	4886	84	521	0.0	747
AJC68652.1	tr|Q6E6L3|Q6E6L3_CONCD	81.507	438	81	0	4449	4886	17	454	0.0	747
AJC68652.1	tr|A0A6P4AJ93|A0A6P4AJ93_ZIZJJ	83.982	437	70	0	4449	4885	89	525	0.0	747
AJC68652.1	tr|H6U643|H6U643_9ASTR	83.333	438	73	0	4449	4886	83	520	0.0	747
AJC68652.1	tr|J3MB12|J3MB12_ORYBR	94.885	391	20	0	4496	4886	1	391	0.0	746
AJC68652.1	tr|A0A314ZJW2|A0A314ZJW2_PRUYE	83.790	438	70	1	4449	4886	88	524	0.0	746
AJC68652.1	tr|W9RXC5|W9RXC5_9ROSA	82.648	438	76	0	4449	4886	88	525	0.0	746
AJC68652.1	tr|A0A6I9TZG3|A0A6I9TZG3_SESIN	85.845	438	62	0	4449	4886	82	519	0.0	746
AJC68652.1	tr|A0A5D2AA30|A0A5D2AA30_GOSDA	83.105	438	74	0	4449	4886	84	521	0.0	746
AJC68652.1	tr|A0A5J5NXG7|A0A5J5NXG7_GOSBA	83.105	438	74	0	4449	4886	84	521	0.0	746
AJC68652.1	tr|A0A251V1I3|A0A251V1I3_HELAN	84.018	438	70	0	4449	4886	72	509	0.0	745
AJC68652.1	tr|A0A6J1A1W0|A0A6J1A1W0_9ROSI	83.105	438	74	0	4449	4886	84	521	0.0	745
AJC68652.1	tr|A8YTA8|A8YTA8_9ASTR	80.822	438	84	0	4449	4886	9	446	0.0	745
AJC68652.1	tr|A0A5D2I9Q4|A0A5D2I9Q4_GOSTO	83.105	438	74	0	4449	4886	84	521	0.0	744
AJC68652.1	tr|O80428|O80428_ORYSJ	94.629	391	21	0	4496	4886	1	391	0.0	744
AJC68652.1	sp|P11043|AROA_PETHY	83.333	438	73	0	4449	4886	79	516	0.0	744
AJC68652.1	tr|D2CIU3|D2CIU3_9ASTR	83.105	438	74	0	4449	4886	9	446	0.0	744
AJC68652.1	tr|A0A453QJX8|A0A453QJX8_AEGTS	96.316	380	14	0	4449	4828	75	454	0.0	744
AJC68652.1	tr|A0A5E4FH79|A0A5E4FH79_PRUDU	83.562	438	71	1	4449	4886	88	524	0.0	744
AJC68652.1	tr|A0A498JHI7|A0A498JHI7_MALDO	84.954	432	65	0	4449	4880	88	519	0.0	744
AJC68652.1	tr|A0A5C7I2M9|A0A5C7I2M9_9ROSI	83.108	444	69	1	4449	4886	82	525	0.0	744
AJC68652.1	tr|A0A4Y7KMY3|A0A4Y7KMY3_PAPSO	82.247	445	72	1	4449	4886	90	534	0.0	743
AJC68652.1	tr|A0A1J7H2T7|A0A1J7H2T7_LUPAN	83.562	438	71	1	4449	4886	88	524	0.0	743
AJC68652.1	tr|A0A5B6UNE0|A0A5B6UNE0_9ROSI	83.562	438	72	0	4449	4886	84	521	0.0	742
AJC68652.1	tr|Q6E6L5|Q6E6L5_CONCD	83.333	438	73	0	4449	4886	82	519	0.0	742
AJC68652.1	tr|A0A4D8Y0K7|A0A4D8Y0K7_SALSN	85.616	438	63	0	4449	4886	82	519	0.0	742
AJC68652.1	tr|A0A3S3MQP3|A0A3S3MQP3_9MAGN	84.368	435	68	0	4449	4883	81	515	0.0	742
AJC68652.1	tr|A0A061DTZ2|A0A061DTZ2_THECC	82.877	438	75	0	4449	4886	84	521	0.0	742
AJC68652.1	tr|A0A6P5ZW89|A0A6P5ZW89_DURZI	82.877	438	75	0	4449	4886	83	520	0.0	741
AJC68652.1	tr|A0A6P5ZWD4|A0A6P5ZWD4_DURZI	82.877	438	75	0	4449	4886	83	520	0.0	741
AJC68652.1	tr|Q1KPV4|Q1KPV4_9ASPA	83.105	438	74	0	4449	4886	85	522	0.0	741
AJC68652.1	tr|A0A0D2QRR3|A0A0D2QRR3_GOSRA	83.562	438	72	0	4449	4886	84	521	0.0	741
AJC68652.1	tr|A0A6D2JXJ5|A0A6D2JXJ5_9BRAS	81.050	438	83	0	4449	4886	90	527	0.0	741
AJC68652.1	tr|G4U4J4|G4U4J4_CONCD	83.562	438	72	0	4449	4886	82	519	0.0	741
AJC68652.1	tr|A0A5E4FCY7|A0A5E4FCY7_PRUDU	83.562	438	71	1	4449	4886	41	477	0.0	741
AJC68652.1	tr|A0A2H5NPD9|A0A2H5NPD9_CITUN	82.022	445	72	1	4449	4885	82	526	0.0	741
AJC68652.1	tr|A0A6J1E9L2|A0A6J1E9L2_CUCMO	79.828	466	92	2	4423	4886	63	528	0.0	741
AJC68652.1	tr|A0A445E6M8|A0A445E6M8_ARAHY	83.753	437	71	0	4449	4885	89	525	0.0	741
AJC68652.1	tr|A0A345N8V8|A0A345N8V8_9ASTR	83.562	438	72	0	4449	4886	82	519	0.0	741
AJC68652.1	tr|A0A4D8ZUB6|A0A4D8ZUB6_SALSN	85.388	438	64	0	4449	4886	82	519	0.0	740
AJC68652.1	tr|A0A5B6UZZ8|A0A5B6UZZ8_9ROSI	82.877	438	75	0	4449	4886	84	521	0.0	740
AJC68652.1	tr|A0A6N2B2Z6|A0A6N2B2Z6_SOLCI	83.333	438	73	0	4449	4886	81	518	0.0	740
AJC68652.1	tr|A0A3Q7GLX3|A0A3Q7GLX3_SOLLC	83.333	438	73	0	4449	4886	81	518	0.0	740
AJC68652.1	tr|A0A445E9D3|A0A445E9D3_ARAHY	83.753	437	71	0	4449	4885	89	525	0.0	740
AJC68652.1	tr|A0A1U8NX97|A0A1U8NX97_GOSHI	83.105	438	74	0	4449	4886	84	521	0.0	740
AJC68652.1	tr|A0A345N8V7|A0A345N8V7_9ASTR	83.333	438	73	0	4449	4886	82	519	0.0	740
AJC68652.1	tr|A0A345N8U8|A0A345N8U8_9ASTR	83.333	438	73	0	4449	4886	82	519	0.0	740
AJC68652.1	tr|A0A5D3D3C3|A0A5D3D3C3_CUCME	83.827	439	70	1	4449	4886	88	526	0.0	740
AJC68652.1	tr|A0A5D2PTD5|A0A5D2PTD5_GOSTO	83.105	438	74	0	4449	4886	84	521	0.0	740
AJC68652.1	tr|M1A9Z3|M1A9Z3_SOLTU	83.105	438	74	0	4449	4886	81	518	0.0	739
AJC68652.1	tr|A0A0A0L4E4|A0A0A0L4E4_CUCSA	84.055	439	69	1	4449	4886	88	526	0.0	739
AJC68652.1	tr|A0A345N8V9|A0A345N8V9_9ASTR	83.333	438	73	0	4449	4886	82	519	0.0	739
AJC68652.1	tr|A0A151UC41|A0A151UC41_CAJCA	82.192	438	78	0	4449	4886	88	525	0.0	739
AJC68652.1	tr|W8Q9H2|W8Q9H2_AMASP	83.971	418	67	0	4449	4866	80	497	0.0	739
AJC68652.1	tr|A0A0B0PQG1|A0A0B0PQG1_GOSAR	82.877	438	75	0	4449	4886	84	521	0.0	739
AJC68652.1	tr|W8R3N7|W8R3N7_AMASP	83.971	418	67	0	4449	4866	80	497	0.0	739
AJC68652.1	tr|A0A6J5WEC5|A0A6J5WEC5_PRUAR	82.648	438	75	1	4449	4886	88	524	0.0	739
AJC68652.1	tr|A0A1U7WR75|A0A1U7WR75_NICSY	83.333	438	73	0	4449	4886	75	512	0.0	739
AJC68652.1	tr|A0A345N8V1|A0A345N8V1_9ASTR	83.105	438	74	0	4449	4886	82	519	0.0	738
AJC68652.1	tr|A0A6S7NS83|A0A6S7NS83_LACSI	82.420	438	77	0	4449	4886	81	518	0.0	738
AJC68652.1	tr|A0A1S3AVE7|A0A1S3AVE7_CUCME	83.599	439	71	1	4449	4886	88	526	0.0	738
AJC68652.1	tr|A0A5D2YPM1|A0A5D2YPM1_GOSMU	82.877	438	75	0	4449	4886	84	521	0.0	738
AJC68652.1	tr|A8YTA6|A8YTA6_9ASTR	83.562	438	72	0	4449	4886	10	447	0.0	738
AJC68652.1	tr|W8Q8I3|W8Q8I3_AMASP	83.732	418	68	0	4449	4866	80	497	0.0	738
AJC68652.1	tr|A0A5A7U401|A0A5A7U401_CUCME	83.599	439	71	1	4449	4886	88	526	0.0	738
AJC68652.1	tr|A0A5D2UA94|A0A5D2UA94_GOSMU	83.333	438	73	0	4449	4886	84	521	0.0	738
AJC68652.1	tr|A0A1U8P5S7|A0A1U8P5S7_GOSHI	83.333	438	73	0	4449	4886	84	521	0.0	738
AJC68652.1	tr|A0A6P4CG93|A0A6P4CG93_ARADU	83.753	437	71	0	4449	4885	89	525	0.0	737
AJC68652.1	tr|A0A4D8ZGC2|A0A4D8ZGC2_SALSN	85.388	438	64	0	4449	4886	79	516	0.0	737
AJC68652.1	tr|A0A6A5MWN1|A0A6A5MWN1_LUPAL	83.333	438	72	1	4449	4886	88	524	0.0	737
AJC68652.1	tr|A0A6J1FWK9|A0A6J1FWK9_CUCMO	83.371	439	72	1	4449	4886	88	526	0.0	736
AJC68652.1	tr|A0A6J1IGL2|A0A6J1IGL2_CUCMA	83.371	439	72	1	4449	4886	88	526	0.0	736
AJC68652.1	tr|A0A078HH62|A0A078HH62_BRANA	82.648	438	76	0	4449	4886	79	516	0.0	736
AJC68652.1	tr|A0A2R6R9C4|A0A2R6R9C4_ACTCC	82.877	438	75	0	4449	4886	3	440	0.0	736
AJC68652.1	tr|A0A0D3C6D1|A0A0D3C6D1_BRAOL	82.648	438	76	0	4449	4886	79	516	0.0	735
AJC68652.1	tr|A0A6J1IYT9|A0A6J1IYT9_CUCMA	83.371	439	72	1	4449	4886	90	528	0.0	735
AJC68652.1	tr|A0A0M8KSM3|A0A0M8KSM3_NICAT	82.648	438	76	0	4449	4886	69	506	0.0	735
AJC68652.1	tr|A0A397ZPX8|A0A397ZPX8_BRACM	82.420	438	77	0	4449	4886	79	516	0.0	735
AJC68652.1	tr|A0A3P6DB61|A0A3P6DB61_BRAOL	82.648	438	76	0	4449	4886	79	516	0.0	735
AJC68652.1	tr|A0A5D2K8E4|A0A5D2K8E4_GOSTO	83.105	438	74	0	4449	4886	15	452	0.0	735
AJC68652.1	tr|A0A6J1D1H2|A0A6J1D1H2_MOMCH	83.144	439	73	1	4449	4886	91	529	0.0	735
AJC68652.1	tr|A0A078JSU1|A0A078JSU1_BRANA	82.420	438	77	0	4449	4886	84	521	0.0	735
AJC68652.1	tr|A0A5D2BWR2|A0A5D2BWR2_GOSDA	83.105	438	74	0	4449	4886	84	521	0.0	734
AJC68652.1	tr|A0A3P6D0R6|A0A3P6D0R6_BRACM	82.420	438	77	0	4449	4886	79	516	0.0	734
AJC68652.1	tr|A0A5J5QTD1|A0A5J5QTD1_GOSBA	83.105	438	74	0	4449	4886	84	521	0.0	734
AJC68652.1	sp|P17688|AROA_BRANA	82.420	438	77	0	4449	4886	79	516	0.0	734
AJC68652.1	tr|A0A3P6A8B6|A0A3P6A8B6_BRACM	82.420	438	77	0	4449	4886	84	521	0.0	734
AJC68652.1	tr|A0A4D9ALU6|A0A4D9ALU6_SALSN	81.208	447	75	2	4449	4886	82	528	0.0	734
AJC68652.1	tr|A8YTA9|A8YTA9_9ASTR	80.137	438	85	1	4449	4886	9	444	0.0	734
AJC68652.1	tr|F5A529|F5A529_ELEIN	93.606	391	25	0	4496	4886	1	391	0.0	733
AJC68652.1	tr|A0A6J0NIE3|A0A6J0NIE3_RAPSA	82.192	438	78	0	4449	4886	77	514	0.0	733
AJC68652.1	tr|A8YTA5|A8YTA5_9ASTR	83.333	438	73	0	4449	4886	10	447	0.0	733
AJC68652.1	tr|M4C856|M4C856_BRARP	82.420	438	77	0	4449	4886	77	514	0.0	733
AJC68652.1	tr|A0A2P5X9W2|A0A2P5X9W2_GOSBA	82.648	438	76	0	4449	4886	84	521	0.0	733
AJC68652.1	tr|A0A2I6QQM5|A0A2I6QQM5_PHRAU	93.095	391	27	0	4496	4886	1	391	0.0	732
AJC68652.1	tr|A0A1R3K0M4|A0A1R3K0M4_9ROSI	82.192	438	77	1	4449	4886	86	522	0.0	732
AJC68652.1	tr|D3JPP9|D3JPP9_9POAL	93.095	391	27	0	4496	4886	1	391	0.0	732
AJC68652.1	tr|A0A565BP76|A0A565BP76_9BRAS	82.420	438	77	0	4449	4886	79	516	0.0	732
AJC68652.1	tr|Q8W1M5|Q8W1M5_ORYVI	82.192	438	78	0	4449	4886	81	518	0.0	731
AJC68652.1	tr|A0A0D3B6U5|A0A0D3B6U5_BRAOL	81.735	438	80	0	4449	4886	72	509	0.0	731
AJC68652.1	tr|A0A1J3HGA8|A0A1J3HGA8_NOCCA	82.192	438	78	0	4449	4886	80	517	0.0	731
AJC68652.1	tr|A0A5N6LK10|A0A5N6LK10_9ASTR	81.818	440	80	0	4449	4888	79	518	0.0	731
AJC68652.1	tr|A0A1S2YLL6|A0A1S2YLL6_CICAR	81.735	438	80	0	4449	4886	88	525	0.0	731
AJC68652.1	tr|M4FGU1|M4FGU1_BRARP	82.192	438	78	0	4449	4886	79	516	0.0	731
AJC68652.1	tr|A0A1S4C0K4|A0A1S4C0K4_TOBAC	82.192	438	78	0	4449	4886	81	518	0.0	730
AJC68652.1	tr|A0A1J3FYC3|A0A1J3FYC3_NOCCA	81.963	438	79	0	4449	4886	80	517	0.0	730
AJC68652.1	sp|P23981|AROA1_TOBAC	82.192	438	78	0	4449	4886	81	518	0.0	730
AJC68652.1	tr|A0A4Y7L8J7|A0A4Y7L8J7_PAPSO	77.590	473	71	1	4449	4886	90	562	0.0	730
AJC68652.1	tr|D7KD66|D7KD66_ARALL	81.279	438	82	0	4449	4886	86	523	0.0	730
AJC68652.1	tr|A0A6A3C2Z7|A0A6A3C2Z7_HIBSY	80.444	450	75	1	4450	4886	53	502	0.0	730
AJC68652.1	tr|A0A1R3I7K5|A0A1R3I7K5_COCAP	81.735	438	79	1	4449	4886	86	522	0.0	730
AJC68652.1	tr|A0A5N5F2I1|A0A5N5F2I1_9ROSA	84.475	438	68	0	4449	4886	88	525	0.0	729
AJC68652.1	tr|F5A530|F5A530_ELEIN	93.350	391	26	0	4496	4886	1	391	0.0	729
AJC68652.1	tr|A0A1U7YG45|A0A1U7YG45_NICSY	82.192	438	78	0	4449	4886	81	518	0.0	729
AJC68652.1	tr|R0FVF7|R0FVF7_9BRAS	81.507	438	81	0	4449	4886	82	519	0.0	729
AJC68652.1	tr|V4L9W7|V4L9W7_EUTSA	82.192	438	78	0	4449	4886	81	518	0.0	729
AJC68652.1	tr|A0A1J3E699|A0A1J3E699_NOCCA	81.963	438	79	0	4449	4886	85	522	0.0	729
AJC68652.1	tr|D7LCH4|D7LCH4_ARALL	81.507	438	81	0	4449	4886	79	516	0.0	729
AJC68652.1	tr|A0A6P6VTQ7|A0A6P6VTQ7_COFAR	81.735	438	80	0	4449	4886	78	515	0.0	729
AJC68652.1	tr|Q6JDV0|Q6JDV0_BRACM	81.735	438	80	0	4449	4886	77	514	0.0	729
AJC68652.1	tr|A0A1J3JRC8|A0A1J3JRC8_NOCCA	81.735	438	80	0	4449	4886	80	517	0.0	728
AJC68652.1	tr|A0A6N2LI84|A0A6N2LI84_SALVM	81.922	437	78	1	4449	4885	82	517	0.0	728
AJC68652.1	tr|A0A6D2KT97|A0A6D2KT97_9BRAS	81.507	438	81	0	4449	4886	84	521	0.0	728
AJC68652.1	tr|A0A087H5C4|A0A087H5C4_ARAAL	81.735	438	80	0	4449	4886	78	515	0.0	727
AJC68652.1	tr|G7JEN4|G7JEN4_MEDTR	82.192	438	75	1	4449	4886	88	522	0.0	727
AJC68652.1	tr|D3JPQ0|D3JPQ0_9POAL	92.583	391	29	0	4496	4886	1	391	0.0	727
AJC68652.1	tr|A0A5N6M5M3|A0A5N6M5M3_9ASTR	81.136	440	83	0	4449	4888	79	518	0.0	727
AJC68652.1	tr|A0A178WDZ9|A0A178WDZ9_ARATH	81.050	438	83	0	4449	4886	84	521	0.0	727
AJC68652.1	tr|A0A5N5NPD9|A0A5N5NPD9_9ROSI	81.922	437	78	1	4449	4885	82	517	0.0	727
AJC68652.1	tr|A0A068TN19|A0A068TN19_COFCA	81.735	438	80	0	4449	4886	29	466	0.0	727
AJC68652.1	tr|A0A654ESJ0|A0A654ESJ0_ARATH	81.050	438	83	0	4449	4886	84	521	0.0	726
AJC68652.1	tr|A0A6B9MN81|A0A6B9MN81_9LILI	83.562	438	72	0	4449	4886	85	522	0.0	726
AJC68652.1	tr|A0A540LEB6|A0A540LEB6_MALBA	84.018	438	70	0	4449	4886	88	525	0.0	726
AJC68652.1	tr|B9RDA3|B9RDA3_RICCO	81.507	438	80	1	4449	4886	82	518	0.0	726
AJC68652.1	tr|Q9FVP6|Q9FVP6_ARATH	81.050	438	83	0	4449	4886	84	521	0.0	725
AJC68652.1	tr|A0A438FU78|A0A438FU78_VITVI	75.992	479	74	1	4449	4886	84	562	0.0	725
AJC68652.1	tr|A0A498KI81|A0A498KI81_MALDO	84.018	438	70	0	4449	4886	88	525	0.0	725
AJC68652.1	tr|A0A067K174|A0A067K174_JATCU	81.735	438	79	1	4449	4886	83	519	0.0	724
AJC68652.1	tr|B2CM20|B2CM20_9ASTE	82.877	438	75	0	4449	4886	83	520	0.0	724
AJC68652.1	tr|B9GPE8|B9GPE8_POPTR	81.735	438	79	1	4449	4886	82	518	0.0	724
AJC68652.1	tr|Q8LC97|Q8LC97_ARATH	80.822	438	84	0	4449	4886	84	521	0.0	724
AJC68652.1	tr|A0A5S9WKB0|A0A5S9WKB0_ARATH	80.822	438	84	0	4449	4886	84	521	0.0	723
AJC68652.1	tr|A0A1D1Z1F2|A0A1D1Z1F2_9ARAE	81.735	438	79	1	4449	4886	135	571	0.0	723
AJC68652.1	tr|M1CGC9|M1CGC9_SOLTU	81.507	438	81	0	4449	4886	82	519	0.0	723
AJC68652.1	tr|B3GGJ9|B3GGJ9_CONAR	82.877	438	75	0	4449	4886	83	520	0.0	723
AJC68652.1	tr|A0A484M6T4|A0A484M6T4_9ASTE	81.050	438	83	0	4449	4886	86	523	0.0	723
AJC68652.1	tr|Q0PKR0|Q0PKR0_PHAVU	80.365	438	85	1	4449	4886	86	522	0.0	723
AJC68652.1	tr|A0A1S4AEH4|A0A1S4AEH4_TOBAC	81.963	438	78	1	4449	4886	81	517	0.0	723
AJC68652.1	tr|A0A5D2FWA0|A0A5D2FWA0_GOSDA	81.963	438	77	1	4449	4886	84	519	0.0	723
AJC68652.1	tr|A0A6N2MUH1|A0A6N2MUH1_SALVM	82.420	438	76	1	4449	4886	82	518	0.0	722
AJC68652.1	tr|A0A2C9VT94|A0A2C9VT94_MANES	81.279	438	81	1	4449	4886	86	522	0.0	722
AJC68652.1	tr|A0A3Q7EKI7|A0A3Q7EKI7_SOLLC	81.279	438	82	0	4449	4886	83	520	0.0	722
AJC68652.1	tr|A0A4U5MYM8|A0A4U5MYM8_POPAL	81.507	438	80	1	4449	4886	31	467	0.0	721
AJC68652.1	tr|A0A6A4KJY0|A0A6A4KJY0_9ERIC	82.877	438	75	0	4449	4886	86	523	0.0	721
AJC68652.1	tr|A0A0A6Z9T0|A0A0A6Z9T0_HEVBR	81.050	438	82	1	4449	4886	87	523	0.0	721
AJC68652.1	tr|A0A2U1KK14|A0A2U1KK14_ARTAN	83.790	438	71	0	4449	4886	84	521	0.0	720
AJC68652.1	tr|A0A5N5K689|A0A5N5K689_9ROSI	82.192	438	77	1	4449	4886	82	518	0.0	720
AJC68652.1	tr|A0A2C9WQP6|A0A2C9WQP6_MANES	81.735	438	78	2	4449	4886	86	521	0.0	720
AJC68652.1	sp|P10748|AROA_SOLLC	81.050	438	83	0	4449	4886	83	520	0.0	720
AJC68652.1	tr|A0A6N2BGA3|A0A6N2BGA3_SOLCI	81.279	438	82	0	4449	4886	83	520	0.0	719
AJC68652.1	tr|A0A3P6AFC9|A0A3P6AFC9_BRAOL	77.874	461	79	1	4449	4886	72	532	0.0	719
AJC68652.1	tr|A0A0V0IJ85|A0A0V0IJ85_SOLCH	81.549	439	80	1	4449	4886	83	521	0.0	718
AJC68652.1	tr|A0A6P6VVB1|A0A6P6VVB1_COFAR	77.657	461	80	1	4449	4886	78	538	0.0	717
AJC68652.1	tr|I1H1V4|I1H1V4_BRADI	95.380	368	17	0	4448	4815	72	439	0.0	716
AJC68652.1	tr|I1J7U9|I1J7U9_SOYBN	82.192	438	78	0	4449	4886	88	525	0.0	715
AJC68652.1	tr|A0A0B2QZU7|A0A0B2QZU7_GLYSO	82.192	438	78	0	4449	4886	88	525	0.0	715
AJC68652.1	tr|A0A6B9EQ80|A0A6B9EQ80_IPOPU	83.488	430	71	0	4449	4878	61	490	0.0	714
AJC68652.1	tr|A0A6B9ER56|A0A6B9ER56_IPOPU	83.488	430	71	0	4449	4878	61	490	0.0	714
AJC68652.1	tr|A0A6B9EWY2|A0A6B9EWY2_IPOPU	83.683	429	70	0	4449	4877	47	475	0.0	714
AJC68652.1	tr|A0A0N7FDV4|A0A0N7FDV4_VITVI	82.648	438	76	0	4449	4886	18	455	0.0	714
AJC68652.1	tr|A0A6B9ESB5|A0A6B9ESB5_IPOPU	83.683	429	70	0	4449	4877	61	489	0.0	713
AJC68652.1	tr|A0A6B9ENH7|A0A6B9ENH7_IPOPU	83.488	430	71	0	4449	4878	61	490	0.0	713
AJC68652.1	tr|A0A6B9ENH8|A0A6B9ENH8_IPOPU	83.683	429	70	0	4449	4877	61	489	0.0	712
AJC68652.1	tr|A0A6B9EWQ0|A0A6B9EWQ0_IPOPU	83.645	428	70	0	4449	4876	61	488	0.0	711
AJC68652.1	tr|I1JKP7|I1JKP7_SOYBN	81.735	438	80	0	4449	4886	89	526	0.0	710
AJC68652.1	tr|A0A1S3V5Z0|A0A1S3V5Z0_VIGRR	81.735	438	80	0	4449	4886	88	525	0.0	710
AJC68652.1	tr|F4I035|F4I035_ARATH	76.674	463	83	1	4449	4886	27	489	0.0	709
AJC68652.1	tr|A0A4D6MN12|A0A4D6MN12_VIGUN	81.735	438	80	0	4449	4886	88	525	0.0	709
AJC68652.1	tr|A0A0B2RR79|A0A0B2RR79_GLYSO	81.507	438	81	0	4449	4886	89	526	0.0	709
AJC68652.1	tr|A0A0S3SYD7|A0A0S3SYD7_PHAAN	81.735	438	80	0	4449	4886	88	525	0.0	709
AJC68652.1	tr|A0A6B9ERL8|A0A6B9ERL8_IPOPU	83.803	426	69	0	4449	4874	64	489	0.0	709
AJC68652.1	tr|A0A6B9ENN8|A0A6B9ENN8_IPOPU	83.803	426	69	0	4449	4874	66	491	0.0	708
AJC68652.1	tr|A0A6B9ENI7|A0A6B9ENI7_IPOPU	83.607	427	70	0	4449	4875	61	487	0.0	708
AJC68652.1	tr|A0A6B9F314|A0A6B9F314_IPOPU	83.803	426	69	0	4449	4874	78	503	0.0	708
AJC68652.1	tr|A0A6B9ESI0|A0A6B9ESI0_IPOPU	83.803	426	69	0	4449	4874	65	490	0.0	708
AJC68652.1	tr|A0A6B9ERH8|A0A6B9ERH8_IPOPU	83.803	426	69	0	4449	4874	60	485	0.0	707
AJC68652.1	tr|A0A6B9ENN7|A0A6B9ENN7_IPOPU	83.803	426	69	0	4449	4874	63	488	0.0	707
AJC68652.1	tr|A0A6B9ENL3|A0A6B9ENL3_IPOPU	83.803	426	69	0	4449	4874	61	486	0.0	707
AJC68652.1	tr|A0A6B9F2Z4|A0A6B9F2Z4_IPOPU	83.803	426	69	0	4449	4874	61	486	0.0	706
AJC68652.1	tr|A0A6P6VX69|A0A6P6VX69_COFAR	77.124	459	84	1	4449	4886	78	536	0.0	706
AJC68652.1	tr|A0A5P1FPS9|A0A5P1FPS9_ASPOF	84.767	407	62	0	4480	4886	66	472	0.0	706
AJC68652.1	tr|A0A328DPQ3|A0A328DPQ3_9ASTE	81.963	438	79	0	4449	4886	84	521	0.0	705
AJC68652.1	tr|A0A6B9ERJ0|A0A6B9ERJ0_IPOPU	83.765	425	69	0	4449	4873	63	487	0.0	705
AJC68652.1	tr|A0A453QKA8|A0A453QKA8_AEGTS	96.100	359	14	0	4448	4806	61	419	0.0	705
AJC68652.1	tr|B6TAI5|B6TAI5_MAIZE	89.918	367	37	0	7209	7575	3	369	0.0	705
AJC68652.1	tr|A0A6B9ER37|A0A6B9ER37_IPOPU	83.765	425	69	0	4449	4873	61	485	0.0	705
AJC68652.1	tr|B7FBH2|B7FBH2_MAIZE	89.918	367	37	0	7209	7575	3	369	0.0	704
AJC68652.1	tr|U5D9W1|U5D9W1_AMBTC	81.693	437	80	0	4449	4885	81	517	0.0	704
AJC68652.1	tr|A0A6B9F2X6|A0A6B9F2X6_IPOPU	83.726	424	69	0	4449	4872	63	486	0.0	702
AJC68652.1	tr|V7AMX2|V7AMX2_PHAVU	81.279	438	82	0	4449	4886	88	525	0.0	702
AJC68652.1	tr|A0A6B9ENM6|A0A6B9ENM6_IPOPU	83.726	424	69	0	4449	4872	60	483	0.0	702
AJC68652.1	tr|A0A6B9F2T3|A0A6B9F2T3_IPOPU	83.726	424	69	0	4449	4872	61	484	0.0	701
AJC68652.1	tr|Q9AT37|Q9AT37_LOLRI	99.133	346	3	0	4505	4850	2	347	0.0	701
AJC68652.1	tr|A0A5A7PEX9|A0A5A7PEX9_STRAF	83.738	412	64	1	4449	4860	80	488	0.0	701
AJC68652.1	tr|A0A6A1W176|A0A6A1W176_9ROSI	67.784	537	72	5	4449	4886	84	618	0.0	699
AJC68652.1	tr|A0A7G2DZ66|A0A7G2DZ66_ARATH	78.231	441	93	1	4449	4886	84	524	0.0	697
AJC68652.1	tr|A0A2U1MP62|A0A2U1MP62_ARTAN	84.910	391	59	0	4496	4886	1	391	0.0	696
AJC68652.1	tr|A0A067H4F9|A0A067H4F9_CITSI	83.010	412	70	0	4474	4885	62	473	0.0	696
AJC68652.1	tr|A0A2Z6M669|A0A2Z6M669_TRISU	79.224	438	80	1	4449	4886	88	514	0.0	695
AJC68652.1	tr|A0A6M3YRY5|A0A6M3YRY5_AMBAR	83.784	407	66	0	4480	4886	1	407	0.0	694
AJC68652.1	tr|A0A445L6I2|A0A445L6I2_GLYSO	76.609	466	81	1	4449	4886	89	554	0.0	694
AJC68652.1	tr|A0A103XEB4|A0A103XEB4_CYNCS	76.484	438	76	1	4449	4886	81	491	0.0	692
AJC68652.1	tr|A0A540MX42|A0A540MX42_MALBA	84.352	409	64	0	4476	4884	12	420	0.0	692
AJC68652.1	tr|A0A443P9X4|A0A443P9X4_9MAGN	77.117	437	100	0	4449	4885	67	503	0.0	688
AJC68652.1	tr|A0A0D6R807|A0A0D6R807_ARACU	77.904	439	96	1	4449	4886	89	527	0.0	688
AJC68652.1	tr|A0A2J6L5V5|A0A2J6L5V5_LACSA	78.231	441	88	2	4449	4886	38	473	0.0	685
AJC68652.1	tr|A0A6B9F2V5|A0A6B9F2V5_IPOPU	83.575	414	68	0	4449	4862	20	433	0.0	680
AJC68652.1	tr|A0A0C9S9Q3|A0A0C9S9Q3_9SPER	76.765	439	101	1	4449	4886	89	527	0.0	680
AJC68652.1	tr|A0A6A6K2D4|A0A6A6K2D4_HEVBR	80.193	414	81	1	4473	4886	631	1043	0.0	676
AJC68652.1	tr|A0A6A6LLL2|A0A6A6LLL2_HEVBR	77.626	438	81	3	4449	4886	711	1131	0.0	673
AJC68652.1	tr|A0A2P2J2K4|A0A2P2J2K4_RHIMU	77.854	438	95	2	4449	4886	88	523	0.0	669
AJC68652.1	tr|A0A6B9ERG6|A0A6B9ERG6_IPOPU	83.088	408	69	0	4448	4855	60	467	0.0	666
AJC68652.1	tr|A0A218X6Q7|A0A218X6Q7_PUNGR	74.886	438	76	1	4449	4886	85	488	0.0	665
AJC68652.1	tr|A0A5A7RK44|A0A5A7RK44_STRAF	78.923	427	84	3	4449	4874	78	499	0.0	665
AJC68652.1	tr|A0A2G5E2Q8|A0A2G5E2Q8_AQUCA	84.103	390	62	0	4496	4885	1	390	0.0	663
AJC68652.1	tr|D8TBU1|D8TBU1_SELML	72.644	435	119	0	4449	4883	16	450	0.0	661
AJC68652.1	tr|D8RM43|D8RM43_SELML	72.414	435	120	0	4449	4883	16	450	0.0	660
AJC68652.1	tr|A0A4D9BLW8|A0A4D9BLW8_SALSN	79.680	438	72	3	4449	4886	76	496	0.0	659
AJC68652.1	tr|A0A6B9EQF2|A0A6B9EQF2_IPOPU	82.878	403	69	0	4448	4850	60	462	0.0	658
AJC68652.1	tr|A0A6B9EQC6|A0A6B9EQC6_IPOPU	82.836	402	69	0	4448	4849	61	462	0.0	657
AJC68652.1	tr|A0A446RIE4|A0A446RIE4_TRITD	95.601	341	15	0	4546	4886	1	341	0.0	648
AJC68652.1	tr|A0A103XUI5|A0A103XUI5_CYNCS	74.201	438	80	2	4449	4886	83	487	0.0	647
AJC68652.1	tr|B4FAM4|B4FAM4_MAIZE	83.690	374	61	0	7206	7579	6	379	0.0	644
AJC68652.1	tr|A0A6B9ER69|A0A6B9ER69_IPOPU	82.487	394	69	0	4448	4841	64	457	0.0	637
AJC68652.1	tr|F6I398|F6I398_VITVI	77.049	427	84	2	4449	4874	84	497	0.0	637
AJC68652.1	tr|A0A022QVU2|A0A022QVU2_ERYGU	83.424	368	60	1	4449	4815	81	448	0.0	635
AJC68652.1	tr|Q6E6M1|Q6E6M1_ERIAN	84.167	360	57	0	4485	4844	1	360	0.0	634
AJC68652.1	tr|A0A453QJG0|A0A453QJG0_AEGTS	96.530	317	11	0	4570	4886	1	317	0.0	633
AJC68652.1	sp|Q9AXQ9|DHYS_MUSAC	78.919	370	76	2	7208	7576	4	372	0.0	624
AJC68652.1	tr|Q6E6M4|Q6E6M4_AMATU	82.913	357	61	0	4487	4843	1	357	0.0	623
AJC68652.1	tr|A0A0N7KLH2|A0A0N7KLH2_ORYSJ	95.031	322	16	0	4565	4886	1	322	0.0	616
AJC68652.1	tr|A0A2K1IIY4|A0A2K1IIY4_PHYPA	71.041	442	124	2	4449	4886	95	536	0.0	615
AJC68652.1	tr|A9SYF9|A9SYF9_PHYPA	71.041	442	124	2	4449	4886	32	473	0.0	615
AJC68652.1	tr|A0A176WSA0|A0A176WSA0_MARPO	70.575	435	126	2	4449	4883	92	524	0.0	614
AJC68652.1	tr|A0A2R6X5Y9|A0A2R6X5Y9_MARPO	70.575	435	126	2	4449	4883	92	524	0.0	614
AJC68652.1	tr|A0A2I0B2V1|A0A2I0B2V1_9ASPA	78.533	368	76	3	7207	7573	2	367	0.0	613
AJC68652.1	tr|A0A2K1IVJ1|A0A2K1IVJ1_PHYPA	70.824	449	120	3	4449	4886	52	500	0.0	611
AJC68652.1	tr|A0A0D2T491|A0A0D2T491_GOSRA	82.289	367	65	0	4449	4815	84	450	0.0	610
AJC68652.1	tr|B7FBH1|B7FBH1_PHAAB	77.657	367	79	3	7208	7573	3	367	0.0	608
AJC68652.1	tr|A0A5B7BT38|A0A5B7BT38_DAVIN	87.097	341	44	0	4546	4886	1	341	0.0	605
AJC68652.1	tr|D0VMR9|D0VMR9_GINBI	82.857	350	60	0	4537	4886	1	350	0.0	604
AJC68652.1	tr|Q6E6M2|Q6E6M2_ERIAN	84.358	358	56	0	4487	4844	1	358	0.0	603
AJC68652.1	tr|A0A2K1XRJ2|A0A2K1XRJ2_POPTR	78.005	391	85	1	4496	4886	1	390	0.0	600
AJC68652.1	tr|A0A6A6LTA2|A0A6A6LTA2_HEVBR	71.526	439	93	3	4448	4886	706	1112	0.0	599
AJC68652.1	tr|A0A6U9R4W2|A0A6U9R4W2_9CHLO	68.027	441	130	5	4447	4887	35	464	0.0	594
AJC68652.1	tr|W0FAR5|W0FAR5_MUSAC	87.349	332	42	0	4555	4886	1	332	0.0	594
AJC68652.1	tr|A0A0V0HWU1|A0A0V0HWU1_SOLCH	85.630	341	49	0	4546	4886	1	341	0.0	591
AJC68652.1	tr|A0A2N9ISJ6|A0A2N9ISJ6_FAGSY	68.950	438	108	4	4449	4886	83	492	0.0	590
AJC68652.1	tr|B9SW18|B9SW18_RICCO	78.310	355	74	3	7221	7574	8	360	0.0	587
AJC68652.1	tr|Q5ZN62|Q5ZN62_9ASTE	76.751	357	80	3	7219	7573	13	368	0.0	586
AJC68652.1	tr|A0A7C9DQD5|A0A7C9DQD5_OPUST	76.602	359	77	4	7216	7571	3	357	0.0	585
AJC68652.1	sp|Q9SC14|DHYS_SENVE	75.482	363	85	4	7219	7579	11	371	0.0	584
AJC68652.1	tr|Q5ZN60|Q5ZN60_PETHB	77.119	354	78	3	7219	7571	11	362	0.0	583
AJC68652.1	tr|A0A023NMA5|A0A023NMA5_BASSC	81.159	345	65	0	4449	4793	65	409	0.0	583
AJC68652.1	tr|A0A1Y1IKX4|A0A1Y1IKX4_KLENI	65.463	443	147	1	4449	4885	107	549	0.0	583
AJC68652.1	tr|Q5ZN54|Q5ZN54_SYMOF	76.901	355	78	4	7219	7571	11	363	0.0	582
AJC68652.1	sp|P23281|AROA2_TOBAC	85.799	338	48	0	4549	4886	1	338	0.0	582
AJC68652.1	tr|Q5ZN67|Q5ZN67_CYNOF	77.183	355	77	4	7219	7571	11	363	0.0	581
AJC68652.1	tr|A0A445M2V9|A0A445M2V9_GLYSO	81.471	367	68	0	4449	4815	88	454	0.0	580
AJC68652.1	tr|A0A5B7AGW6|A0A5B7AGW6_DAVIN	77.401	354	77	3	7219	7571	6	357	0.0	578
AJC68652.1	tr|A0A067H1D8|A0A067H1D8_CITSI	83.188	345	58	0	4449	4793	82	426	0.0	577
AJC68652.1	tr|A0A4U5QUA8|A0A4U5QUA8_POPAL	72.770	426	83	4	4459	4884	36	428	0.0	577
AJC68652.1	tr|A0A2G5E2N7|A0A2G5E2N7_AQUCA	86.544	327	44	0	4559	4885	2	328	0.0	575
AJC68652.1	tr|A0A6T7VDJ8|A0A6T7VDJ8_9CHLO	66.742	442	127	7	4449	4886	87	512	0.0	574
AJC68652.1	tr|Q4QZB4|Q4QZB4_9FABA	74.797	369	90	3	7204	7571	1	367	0.0	574
AJC68652.1	tr|R4ZGN7|R4ZGN7_9ASTE	76.648	364	73	4	7219	7571	12	374	0.0	573
AJC68652.1	tr|Q5ZN61|Q5ZN61_9ASTE	76.648	364	73	4	7219	7571	12	374	0.0	573
AJC68652.1	tr|R4ZGQ4|R4ZGQ4_IPOAL	76.648	364	73	4	7219	7571	12	374	0.0	572
AJC68652.1	tr|A0A6U0BZ85|A0A6U0BZ85_9CHLO	65.011	443	135	5	4449	4884	70	499	0.0	572
AJC68652.1	tr|A0A6U0EB75|A0A6U0EB75_9CHLO	65.011	443	135	5	4449	4884	16	445	0.0	572
AJC68652.1	tr|A0A6U0KNC0|A0A6U0KNC0_9CHLO	65.982	438	136	5	4449	4886	57	481	0.0	572
AJC68652.1	tr|R4ZGN9|R4ZGN9_IPOAL	76.648	364	73	4	7219	7571	4	366	0.0	571
AJC68652.1	tr|R4ZGM2|R4ZGM2_9ASTE	76.648	364	73	4	7219	7571	12	374	0.0	571
AJC68652.1	tr|Q5ZN68|Q5ZN68_9FABA	75.978	358	83	3	7215	7571	10	365	0.0	571
AJC68652.1	tr|R4ZGM4|R4ZGM4_IPOPU	76.309	363	75	3	7219	7571	12	373	0.0	571
AJC68652.1	tr|A0A6T5Y2N5|A0A6T5Y2N5_9CHLO	65.011	443	135	5	4449	4884	64	493	0.0	571
AJC68652.1	tr|K8FBR9|K8FBR9_9CHLO	64.773	440	144	5	4449	4886	65	495	0.0	570
AJC68652.1	sp|Q9SC80|DHYS_TOBAC	74.526	369	82	4	7213	7571	2	368	0.0	570
AJC68652.1	tr|A0A0E3VZX7|A0A0E3VZX7_9FABA	75.978	358	83	3	7215	7571	10	365	0.0	570
AJC68652.1	tr|A0A0D2U155|A0A0D2U155_GOSRA	81.792	346	63	0	4448	4793	83	428	0.0	570
AJC68652.1	tr|Q6YH15|Q6YH15_VITVI	84.290	331	51	1	4556	4886	1	330	0.0	569
AJC68652.1	tr|A0A6N3IVQ3|A0A6N3IVQ3_9ASTE	76.731	361	72	4	7219	7569	12	370	0.0	568
AJC68652.1	tr|A0A061DU57|A0A061DU57_THECC	81.556	347	64	0	4449	4795	84	430	0.0	568
AJC68652.1	tr|A0A454Y093|A0A454Y093_OSTTA	64.865	444	136	5	4449	4885	44	474	0.0	568
AJC68652.1	tr|A0A096PBR2|A0A096PBR2_OSTTA	64.865	444	136	5	4449	4885	44	474	0.0	568
AJC68652.1	tr|A0A6U2C220|A0A6U2C220_MICPS	64.679	436	138	7	4449	4881	49	471	0.0	568
AJC68652.1	tr|R4ZGN5|R4ZGN5_9ASTE	76.099	364	75	4	7219	7571	12	374	0.0	568
AJC68652.1	tr|A0A2G9GJ58|A0A2G9GJ58_9LAMI	81.739	345	63	0	4449	4793	82	426	0.0	568
AJC68652.1	tr|R4ZGQ3|R4ZGQ3_9ASTE	76.454	361	73	4	7219	7569	12	370	0.0	566
AJC68652.1	sp|Q9AXR0|DHYS_SOLLC	74.656	363	80	4	7219	7571	10	370	0.0	566
AJC68652.1	tr|Q4QZB3|Q4QZB3_CROJU	75.140	358	86	3	7215	7571	10	365	0.0	566
AJC68652.1	sp|Q9AXQ8|DHYS_DIACA	73.684	361	87	4	7217	7571	7	365	0.0	565
AJC68652.1	tr|Q4QZB1|Q4QZB1_CROJU	74.860	358	87	3	7215	7571	10	365	0.0	563
AJC68652.1	tr|A4SB81|A4SB81_OSTLU	64.414	444	138	5	4449	4885	6	436	1.03e-180	565
AJC68652.1	tr|Q5ZN65|Q5ZN65_EUPCN	75.000	352	85	3	7219	7569	11	360	1.10e-180	562
AJC68652.1	tr|A0A2P6RK49|A0A2P6RK49_ROSCH	73.184	358	93	3	7219	7575	6	361	1.87e-180	561
AJC68652.1	sp|Q9FI94|DHYS_ARATH	75.211	355	84	4	7219	7571	7	359	3.30e-180	561
