QOE77915.1	tr|B9RFU0|B9RFU0_RICCO	76.228	631	124	6	199287	199891	1	631	0.0	982
QOE77915.1	sp|Q93VK5|LUT5_ARATH	77.815	595	120	4	199287	199872	1	592	0.0	923
QOE77915.1	tr|A0A2I0AUH2|A0A2I0AUH2_9ASPA	73.935	587	133	5	199289	199863	21	599	0.0	885
QOE77915.1	tr|A0A2G9GCU5|A0A2G9GCU5_9LAMI	83.198	494	83	0	206741	207234	1	494	0.0	852
QOE77915.1	tr|A0A2G9GCU5|A0A2G9GCU5_9LAMI	83.198	494	83	0	206741	207234	1	494	0.0	852
QOE77915.1	tr|A0A7C9DYJ3|A0A7C9DYJ3_OPUST	76.806	526	118	2	199301	199822	42	567	0.0	844
QOE77915.1	sp|Q8VWZ7|C76B6_CATRO	74.899	494	123	1	206741	207234	1	493	0.0	801
QOE77915.1	tr|E2IFI3|E2IFI3_PAPAR	69.772	569	91	5	213434	213961	44	572	0.0	782
QOE77915.1	tr|A0A7D3QT71|A0A7D3QT71_NEPRA	73.939	495	125	2	206741	207234	1	492	0.0	774
QOE77915.1	tr|A0A7D3QN22|A0A7D3QN22_HYSOF	74.950	499	115	5	206741	207235	1	493	0.0	774
QOE77915.1	sp|D1MI46|C76BA_SWEMU	74.442	493	125	1	206742	207234	4	495	0.0	772
QOE77915.1	tr|A0A7D3UYJ8|A0A7D3UYJ8_NEPCA	73.333	495	128	2	206741	207234	1	492	0.0	771
QOE77915.1	tr|A0A7L9VXL2|A0A7L9VXL2_9DIPS	71.687	498	138	2	206741	207235	1	498	0.0	769
QOE77915.1	tr|F1DH41|F1DH41_9LAMI	76.364	495	110	5	206741	207234	1	489	0.0	753
QOE77915.1	tr|A0A2S1RED8|A0A2S1RED8_CHRMO	65.455	495	161	5	206741	207232	1	488	0.0	644
QOE77915.1	tr|A0A2S1RED8|A0A2S1RED8_CHRMO	65.455	495	161	5	206741	207232	1	488	0.0	644
QOE77915.1	tr|A0A6M3TXH1|A0A6M3TXH1_LITER	59.677	496	198	1	206741	207234	1	496	0.0	643
QOE77915.1	tr|A0A6M3TXH1|A0A6M3TXH1_LITER	59.677	496	198	1	206741	207234	1	496	0.0	643
QOE77915.1	tr|A0A1B2ZBX8|A0A1B2ZBX8_VITVI	57.143	497	208	2	206741	207232	1	497	0.0	613
QOE77915.1	tr|A0A3Q9R4N5|A0A3Q9R4N5_9BORA	55.110	499	219	2	206741	207237	1	496	0.0	603
QOE77915.1	tr|A0A6M3TY96|A0A6M3TY96_LITER	55.375	493	215	3	206741	207231	1	490	0.0	600
QOE77915.1	tr|A0A6M3TY96|A0A6M3TY96_LITER	55.375	493	215	3	206741	207231	1	490	0.0	600
QOE77915.1	tr|A0A6M3T0H4|A0A6M3T0H4_9LAMI	82.738	336	56	1	206889	207224	1	334	0.0	596
QOE77915.1	tr|G8E0P7|G8E0P7_CAMAC	55.847	496	215	3	206741	207232	4	499	0.0	595
QOE77915.1	tr|A0A1B2ZBW9|A0A1B2ZBW9_VITVI	55.734	497	215	2	206741	207232	1	497	0.0	588
QOE77915.1	sp|O23976|C76B1_HELTU	57.895	494	203	2	206741	207234	1	489	0.0	577
QOE77915.1	tr|A0A2P6R0C5|A0A2P6R0C5_ROSCH	55.200	500	215	4	206741	207231	1	500	0.0	570
QOE77915.1	tr|A0A2P6PCG6|A0A2P6PCG6_ROSCH	52.590	502	230	3	206741	207234	1	502	2.89e-176	556
QOE77915.1	tr|A0A2P6R0U9|A0A2P6R0U9_ROSCH	52.601	519	221	6	206741	207234	1	519	4.44e-174	551
QOE77915.1	tr|B9RBW9|B9RBW9_RICCO	54.125	497	222	3	206741	207231	2	498	4.55e-173	547
QOE77915.1	tr|B9RBW9|B9RBW9_RICCO	54.125	497	222	3	206741	207231	2	498	4.55e-173	547
QOE77915.1	tr|A0A2P6R0R3|A0A2P6R0R3_ROSCH	52.705	499	228	3	206741	207231	1	499	4.08e-172	544
QOE77915.1	tr|A0A2P6R0M7|A0A2P6R0M7_ROSCH	53.106	499	226	3	206741	207231	1	499	6.25e-171	541
QOE77915.1	tr|A0A1B2ZBX9|A0A1B2ZBX9_VITVI	56.098	451	196	1	206781	207231	48	496	1.95e-170	539
QOE77915.1	tr|A0A2P6P9L9|A0A2P6P9L9_ROSCH	54.911	448	201	1	206788	207234	52	499	3.55e-168	533
QOE77915.1	tr|A0A0B2P471|A0A0B2P471_GLYSO	51.812	469	223	2	206766	207232	30	497	1.18e-167	532
QOE77915.1	tr|A0A072VR50|A0A072VR50_MEDTR	49.698	497	243	4	206741	207232	1	495	6.30e-167	529
QOE77915.1	tr|A0A396JIF1|A0A396JIF1_MEDTR	49.102	501	248	4	206741	207236	1	499	2.34e-166	528
QOE77915.1	tr|A0A2P6R0Y9|A0A2P6R0Y9_ROSCH	54.305	453	206	1	206780	207231	45	497	3.15e-166	527
QOE77915.1	sp|W8JMV1|CYT24_CATRO	51.107	497	240	3	206741	207234	3	499	2.02e-162	516
QOE77915.1	tr|A0A2P6QX13|A0A2P6QX13_ROSCH	50.199	502	238	7	206741	207233	1	499	3.85e-162	516
QOE77915.1	tr|A0A396I806|A0A396I806_MEDTR	52.381	462	218	2	206770	207230	35	495	4.45e-162	515
QOE77915.1	tr|A0A2P6PDA4|A0A2P6PDA4_ROSCH	51.600	500	231	7	206741	207231	1	498	6.31e-161	513
QOE77915.1	sp|W0FKI0|DOX1_PERHD	48.381	494	252	1	206741	207234	1	491	1.30e-160	511
QOE77915.1	tr|A0A2P6R0I6|A0A2P6R0I6_ROSCH	52.016	496	225	8	206745	207231	6	497	2.19e-158	504
QOE77915.1	tr|G7L8J9|G7L8J9_MEDTR	49.098	499	244	4	206748	207237	12	509	3.18e-157	502
QOE77915.1	tr|A0A072VHN2|A0A072VHN2_MEDTR	50.427	468	229	3	206770	207236	31	496	5.75e-157	501
QOE77915.1	tr|A0A396HRG1|A0A396HRG1_MEDTR	47.216	485	250	4	206757	207236	24	507	5.15e-154	493
QOE77915.1	tr|A0A072VPG2|A0A072VPG2_MEDTR	50.099	503	239	5	206738	207235	4	499	7.35e-153	489
QOE77915.1	tr|G7L8J6|G7L8J6_MEDTR	49.098	499	244	4	206748	207237	12	509	2.67e-150	482
QOE77915.1	sp|Q6TBX7|LUT1_ARATH	50.641	468	223	6	199391	199852	74	539	1.05e-148	479
QOE77915.1	tr|G7L1D0|G7L1D0_MEDTR	46.185	498	259	5	206741	207229	1	498	6.13e-148	475
QOE77915.1	tr|A0A2P6R0I4|A0A2P6R0I4_ROSCH	50.402	498	202	5	206741	207231	1	460	1.27e-147	472
QOE77915.1	tr|A0A2H9ZXM0|A0A2H9ZXM0_9ASPA	49.028	463	229	5	199396	199852	69	530	1.99e-147	475
QOE77915.1	tr|A0A0B4SXK9|A0A0B4SXK9_CAMSI	51.910	445	209	5	199411	199852	101	543	2.37e-147	475
QOE77915.1	tr|A0A396HJD4|A0A396HJD4_MEDTR	45.291	499	255	6	206741	207231	7	495	2.43e-147	474
QOE77915.1	sp|O64637|C76C2_ARATH	49.783	460	225	2	206779	207232	47	506	3.62e-147	473
QOE77915.1	tr|A0A2G9HLA0|A0A2G9HLA0_9LAMI	47.284	497	257	4	206741	207234	1	495	1.56e-145	468
QOE77915.1	tr|A0A2G9HLA0|A0A2G9HLA0_9LAMI	47.284	497	257	4	206741	207234	1	495	1.56e-145	468
QOE77915.1	sp|O64635|C76C4_ARATH	45.743	505	261	5	206741	207232	1	505	1.58e-145	468
QOE77915.1	tr|A0A2G9HVD6|A0A2G9HVD6_9LAMI	49.251	467	230	5	199392	199852	73	538	6.80e-145	468
QOE77915.1	tr|A0A2G9FXM5|A0A2G9FXM5_9LAMI	45.600	500	249	4	206741	207234	1	483	1.49e-144	464
QOE77915.1	tr|A0A2G9FXM5|A0A2G9FXM5_9LAMI	45.600	500	249	4	206741	207234	1	483	1.49e-144	464
QOE77915.1	tr|G7IA76|G7IA76_MEDTR	50.107	469	226	6	199392	199854	75	541	2.36e-144	466
QOE77915.1	tr|A0A072VK77|A0A072VK77_MEDTR	46.443	506	251	7	206733	207234	5	494	2.77e-144	464
QOE77915.1	sp|A0A2P1GIW4|REDX1_CATRO	66.860	344	114	0	207300	207643	5	348	1.01e-143	456
QOE77915.1	sp|O64636|C76C1_ARATH	45.257	506	262	6	206741	207232	1	505	2.14e-143	462
QOE77915.1	tr|B9S0A8|B9S0A8_RICCO	48.203	473	237	6	199389	199854	71	542	2.38e-143	464
QOE77915.1	sp|I3PFJ5|C76AD_BETVU	48.678	454	233	0	206779	207232	41	494	4.64e-143	461
QOE77915.1	tr|A0A2P6RB87|A0A2P6RB87_ROSCH	48.380	463	231	6	199396	199852	77	537	4.67e-143	462
QOE77915.1	tr|G7L1C4|G7L1C4_MEDTR	46.693	499	256	6	206741	207229	1	499	5.21e-143	461
QOE77915.1	tr|A0A396J999|A0A396J999_MEDTR	44.008	509	256	5	206725	207232	1	481	4.30e-141	454
QOE77915.1	tr|A0A396JVM0|A0A396JVM0_MEDTR	46.653	493	258	2	206748	207235	6	498	2.54e-140	453
QOE77915.1	tr|A0A1B2ZC25|A0A1B2ZC25_VITVI	44.737	494	267	3	206741	207231	1	491	4.14e-140	452
QOE77915.1	sp|A0A1Z3GBS4|CYPH3_ISORU	43.434	495	272	4	206741	207232	1	490	9.29e-140	451
QOE77915.1	sp|A0A2K9RG08|CYBK1_VITAC	43.461	497	276	3	206741	207232	1	497	1.14e-139	451
QOE77915.1	tr|A0A396JM90|A0A396JM90_MEDTR	45.565	496	251	5	206741	207232	31	511	2.41e-139	451
QOE77915.1	tr|G7L1C9|G7L1C9_MEDTR	48.413	504	250	6	206741	207235	1	503	3.88e-139	449
QOE77915.1	sp|S4UX02|CYPH1_SALMI	42.713	494	279	2	206741	207232	1	492	4.00e-139	449
QOE77915.1	tr|A0A2G9H5W3|A0A2G9H5W3_9LAMI	44.600	500	263	4	206741	207234	1	492	1.03e-137	445
QOE77915.1	tr|A0A2G9H5W3|A0A2G9H5W3_9LAMI	44.600	500	263	4	206741	207234	1	492	1.03e-137	445
QOE77915.1	tr|A0A218KRF1|A0A218KRF1_DUNSA	48.637	477	225	10	199396	199853	95	570	1.14e-137	449
QOE77915.1	tr|A0A5A4LKI2|A0A5A4LKI2_RUBID	47.246	472	227	8	199396	199852	80	544	2.13e-137	447
QOE77915.1	tr|A5C7X2|A5C7X2_VITVI	43.725	494	272	3	206741	207231	1	491	1.27e-136	442
QOE77915.1	tr|G7L1C7|G7L1C7_MEDTR	44.930	503	269	5	206741	207235	1	503	2.10e-135	439
QOE77915.1	sp|O48921|C97B2_SOYBN	45.908	501	232	7	199391	199853	74	573	1.44e-134	439
QOE77915.1	tr|G7K9A7|G7K9A7_MEDTR	45.709	501	233	6	199391	199853	72	571	2.00e-134	439
QOE77915.1	tr|A0A396JZC6|A0A396JZC6_MEDTR	42.147	503	273	5	206741	207239	1	489	8.74e-134	434
QOE77915.1	sp|O64638|C76C3_ARATH	45.652	460	242	4	206780	207232	48	506	2.33e-133	433
QOE77915.1	tr|G7L1C3|G7L1C3_MEDTR	43.426	502	278	4	206741	207236	1	502	1.18e-132	431
QOE77915.1	tr|B9S3L4|B9S3L4_RICCO	45.309	501	235	7	199391	199853	53	552	1.27e-132	433
QOE77915.1	tr|A0A396JSP8|A0A396JSP8_MEDTR	42.285	499	269	5	206741	207234	1	485	1.81e-132	430
QOE77915.1	tr|A0A396JUW2|A0A396JUW2_MEDTR	42.084	499	270	5	206741	207234	1	485	4.94e-132	429
QOE77915.1	tr|A0A072VPS7|A0A072VPS7_MEDTR	42.485	499	268	5	206741	207234	1	485	6.05e-132	428
QOE77915.1	tr|A0A7C9CWR7|A0A7C9CWR7_OPUST	45.181	498	236	8	199391	199852	80	576	6.27e-132	432
QOE77915.1	sp|O23365|C97B3_ARATH	44.334	503	240	8	199391	199854	79	580	4.02e-131	429
QOE77915.1	tr|A0A396HJ99|A0A396HJ99_MEDTR	41.270	504	253	7	206741	207236	7	475	6.22e-130	422
QOE77915.1	tr|A0A0B2QL49|A0A0B2QL49_GLYSO	44.700	434	237	2	206805	207236	1	433	1.08e-128	417
QOE77915.1	tr|A0A0B2QJS1|A0A0B2QJS1_GLYSO	45.183	436	234	2	206805	207236	1	435	2.00e-128	416
QOE77915.1	tr|A0A6M5CTG4|A0A6M5CTG4_9ASPA	47.007	451	235	3	206781	207229	43	491	1.18e-126	413
QOE77915.1	tr|B9SRM8|B9SRM8_RICCO	42.526	475	263	3	206767	207231	30	504	3.58e-125	410
QOE77915.1	tr|B9SRM8|B9SRM8_RICCO	42.526	475	263	3	206767	207231	30	504	3.58e-125	410
QOE77915.1	tr|B9SRM5|B9SRM5_RICCO	42.437	476	265	5	206769	207237	35	508	6.74e-125	409
QOE77915.1	tr|B9SRM5|B9SRM5_RICCO	42.437	476	265	5	206769	207237	35	508	6.74e-125	409
QOE77915.1	sp|A0A125QZE2|C76K1_SALMI	43.197	463	258	3	206777	207234	41	503	7.83e-125	408
QOE77915.1	tr|A0A0B4VFR8|A0A0B4VFR8_PODPE	42.800	500	268	4	206748	207230	5	503	5.78e-124	406
QOE77915.1	tr|A0A0B4VFR8|A0A0B4VFR8_PODPE	42.800	500	268	4	206748	207230	5	503	5.78e-124	406
QOE77915.1	sp|Q43078|C97B1_PEA	46.421	461	208	7	199396	199818	88	547	1.20e-122	404
QOE77915.1	tr|B9SRM4|B9SRM4_RICCO	43.361	482	262	5	206769	207239	35	516	5.69e-122	401
QOE77915.1	tr|B9SRM4|B9SRM4_RICCO	43.361	482	262	5	206769	207239	35	516	5.69e-122	401
QOE77915.1	tr|A0A396JTM0|A0A396JTM0_MEDTR	54.491	334	149	3	206904	207236	9	340	8.86e-122	392
QOE77915.1	tr|A0A7C9DXH1|A0A7C9DXH1_OPUST	83.254	209	35	0	199614	199822	1	209	8.00e-121	384
QOE77915.1	tr|B9SRN5|B9SRN5_RICCO	40.606	495	280	5	206750	207231	15	508	1.13e-120	397
QOE77915.1	tr|B9SRN5|B9SRN5_RICCO	40.606	495	280	5	206750	207231	15	508	1.13e-120	397
QOE77915.1	tr|B9SRN0|B9SRN0_RICCO	40.977	471	268	3	206771	207231	48	518	3.96e-120	395
QOE77915.1	tr|B9SRN0|B9SRN0_RICCO	40.977	471	268	3	206771	207231	48	518	3.96e-120	395
QOE77915.1	tr|B9SRM6|B9SRM6_RICCO	40.685	467	270	3	206770	207231	34	498	4.59e-120	394
QOE77915.1	tr|B9SRM6|B9SRM6_RICCO	40.685	467	270	3	206770	207231	34	498	4.59e-120	394
QOE77915.1	sp|P37122|C76A2_SOLME	38.367	490	296	2	206748	207231	13	502	6.01e-120	394
QOE77915.1	sp|A0A0Y0GRS3|C76H3_SALMI	40.568	493	289	2	206741	207231	1	491	7.93e-120	394
QOE77915.1	tr|B9RHX8|B9RHX8_RICCO	42.412	481	261	8	206756	207231	23	492	8.80e-120	394
QOE77915.1	tr|B9RHX8|B9RHX8_RICCO	42.412	481	261	8	206756	207231	23	492	8.80e-120	394
QOE77915.1	tr|B9SRN4|B9SRN4_RICCO	40.404	495	281	5	206750	207231	15	508	6.76e-118	389
QOE77915.1	tr|B9SRN4|B9SRN4_RICCO	40.404	495	281	5	206750	207231	15	508	6.76e-118	389
QOE77915.1	sp|W8JIS5|IO_CATRO	36.965	514	314	3	206733	207236	1	514	9.96e-117	385
QOE77915.1	tr|A0A1U9X5Y8|A0A1U9X5Y8_THAGA	38.833	497	295	4	206742	207231	6	500	2.52e-116	384
QOE77915.1	tr|A0A1U9X5Y8|A0A1U9X5Y8_THAGA	38.833	497	295	4	206742	207231	6	500	2.52e-116	384
QOE77915.1	tr|A0A0B4VG24|A0A0B4VG24_SINHE	39.474	494	281	8	206741	207231	1	479	3.71e-114	377
QOE77915.1	tr|B9R9F5|B9R9F5_RICCO	42.232	457	250	7	206779	207231	45	491	1.85e-112	372
QOE77915.1	tr|B9R9F5|B9R9F5_RICCO	42.232	457	250	7	206779	207231	45	491	1.85e-112	372
QOE77915.1	tr|B9SRN1|B9SRN1_RICCO	40.803	473	266	5	206750	207209	18	489	2.15e-111	370
QOE77915.1	tr|B9SRN1|B9SRN1_RICCO	40.803	473	266	5	206750	207209	18	489	2.15e-111	370
QOE77915.1	tr|A0A0A0RI01|A0A0A0RI01_PAELC	40.161	498	290	4	206740	207231	3	498	2.27e-111	369
QOE77915.1	tr|A0A0A0RI01|A0A0A0RI01_PAELC	40.161	498	290	4	206740	207231	3	498	2.27e-111	369
QOE77915.1	tr|D5M8Q3|D5M8Q3_9MAGN	38.569	503	294	7	206741	207231	1	500	2.89e-111	370
QOE77915.1	tr|D5M8Q3|D5M8Q3_9MAGN	38.569	503	294	7	206741	207231	1	500	2.89e-111	370
QOE77915.1	tr|A0A1U9X5Z7|A0A1U9X5Z7_THAGA	41.189	471	266	4	206770	207231	34	502	2.96e-111	369
QOE77915.1	tr|A0A1U9X5Z7|A0A1U9X5Z7_THAGA	41.189	471	266	4	206770	207231	34	502	2.96e-111	369
QOE77915.1	sp|Q6YTF1|C76M8_ORYSJ	42.733	461	249	7	206780	207232	44	497	4.20e-111	369
QOE77915.1	sp|Q6YTF5|C76M5_ORYSJ	41.138	457	257	7	206780	207232	50	498	6.68e-111	368
QOE77915.1	sp|A8CDR5|C80G2_COPJA	39.113	496	283	7	206747	207235	3	486	1.84e-110	366
QOE77915.1	sp|Q6Z5I7|C76M6_ORYSJ	40.302	464	263	6	206780	207233	49	508	4.43e-110	366
QOE77915.1	sp|Q69X58|C76M7_ORYSJ	42.950	461	248	7	206780	207232	44	497	7.21e-110	365
QOE77915.1	tr|F2VR48|F2VR48_PRUAV	39.243	502	285	9	206743	207231	2	496	1.74e-109	364
QOE77915.1	tr|F2VR48|F2VR48_PRUAV	39.243	502	285	9	206743	207231	2	496	1.74e-109	364
QOE77915.1	tr|I0IV87|I0IV87_GLYSO	40.369	488	281	6	206749	207230	14	497	2.02e-109	364
QOE77915.1	tr|I0IV87|I0IV87_GLYSO	40.369	488	281	6	206749	207230	14	497	2.02e-109	364
QOE77915.1	sp|Q9SD85|F3PH_ARATH	38.200	500	293	8	206743	207231	5	499	2.73e-108	361
QOE77915.1	sp|Q9SP06|C80B3_PAPSO	38.950	457	266	5	206778	207231	31	477	1.10e-107	358
QOE77915.1	sp|Q7G602|C75B3_ORYSJ	38.728	519	288	9	206741	207232	1	516	1.58e-107	359
QOE77915.1	tr|B9RC29|B9RC29_RICCO	40.295	474	269	8	206770	207238	34	498	4.72e-107	357
QOE77915.1	tr|B9RC29|B9RC29_RICCO	40.295	474	269	8	206770	207238	34	498	4.72e-107	357
QOE77915.1	sp|Q42798|C93A1_SOYBN	38.416	505	293	8	206741	207232	1	500	5.35e-107	357
QOE77915.1	tr|G8A360|G8A360_MEDTR	39.437	497	287	6	206740	207230	15	503	5.91e-107	357
QOE77915.1	tr|A0A2P6R0K1|A0A2P6R0K1_ROSCH	54.485	301	134	2	206935	207232	77	377	2.44e-106	350
QOE77915.1	tr|A0A2P6PC56|A0A2P6PC56_ROSCH	50.303	330	163	1	206781	207109	19	348	3.20e-106	348
QOE77915.1	tr|R9WS52|R9WS52_9ROSI	38.878	499	286	8	206748	207231	4	498	3.72e-106	355
QOE77915.1	tr|R9WS52|R9WS52_9ROSI	38.878	499	286	8	206748	207231	4	498	3.72e-106	355
QOE77915.1	sp|A0A4D6Q414|CYP2_CROXC	38.359	524	293	10	206740	207239	5	522	3.94e-106	355
QOE77915.1	tr|D0EUZ8|D0EUZ8_9ERIC	39.468	489	280	8	206750	207230	16	496	5.82e-106	354
QOE77915.1	tr|D0EUZ8|D0EUZ8_9ERIC	39.468	489	280	8	206750	207230	16	496	5.82e-106	354
QOE77915.1	tr|D2XSZ0|D2XSZ0_CHRMO	39.321	501	289	8	206741	207231	1	496	1.34e-105	353
QOE77915.1	tr|D2XSZ0|D2XSZ0_CHRMO	39.321	501	289	8	206741	207231	1	496	1.34e-105	353
QOE77915.1	tr|A0A0N6VV47|A0A0N6VV47_LYCRU	39.959	488	281	8	206750	207230	13	495	1.75e-105	353
QOE77915.1	tr|A0A0N6VV47|A0A0N6VV47_LYCRU	39.959	488	281	8	206750	207230	13	495	1.75e-105	353
QOE77915.1	tr|A0A0N6VV42|A0A0N6VV42_LYCRU	39.659	469	261	9	206779	207231	42	504	6.96e-105	351
QOE77915.1	tr|A0A0N6VV42|A0A0N6VV42_LYCRU	39.659	469	261	9	206779	207231	42	504	6.96e-105	351
QOE77915.1	tr|A0A1S5T865|A0A1S5T865_CAMSI	39.641	502	276	11	206741	207230	12	498	9.63e-105	350
QOE77915.1	tr|D2XSZ1|D2XSZ1_CHRMO	39.122	501	290	8	206741	207231	1	496	1.22e-104	350
QOE77915.1	tr|D2XSZ2|D2XSZ2_CHRMO	39.122	501	290	8	206741	207231	1	496	1.22e-104	350
QOE77915.1	tr|D2XSZ1|D2XSZ1_CHRMO	39.122	501	290	8	206741	207231	1	496	1.22e-104	350
QOE77915.1	tr|D2XSZ2|D2XSZ2_CHRMO	39.122	501	290	8	206741	207231	1	496	1.22e-104	350
QOE77915.1	tr|A0A0N6XG41|A0A0N6XG41_LYCBA	39.659	469	261	9	206779	207231	42	504	1.37e-104	350
QOE77915.1	tr|A0A0N6XG41|A0A0N6XG41_LYCBA	39.659	469	261	9	206779	207231	42	504	1.37e-104	350
QOE77915.1	tr|D2XSY7|D2XSY7_CHRMO	39.122	501	290	8	206741	207231	1	496	1.43e-104	350
QOE77915.1	tr|D2XSY7|D2XSY7_CHRMO	39.122	501	290	8	206741	207231	1	496	1.43e-104	350
QOE77915.1	sp|O64900|C80B2_ESCCA	38.586	495	289	7	206741	207231	1	484	2.39e-104	348
QOE77915.1	tr|A0A2S1Q4X0|A0A2S1Q4X0_CHRMO	39.321	501	289	8	206741	207231	1	496	5.66e-104	348
QOE77915.1	tr|A0A2S1Q4X0|A0A2S1Q4X0_CHRMO	39.321	501	289	8	206741	207231	1	496	5.66e-104	348
QOE77915.1	tr|D2XSY8|D2XSY8_CHRMO	39.122	501	290	8	206741	207231	1	496	6.17e-104	348
QOE77915.1	tr|D2XSY8|D2XSY8_CHRMO	39.122	501	290	8	206741	207231	1	496	6.17e-104	348
QOE77915.1	sp|P37121|C76A1_SOLME	41.087	460	260	5	206783	207231	5	464	1.19e-103	346
QOE77915.1	sp|O64899|C80B1_ESCCA	38.493	491	287	7	206745	207231	4	483	1.81e-103	346
QOE77915.1	tr|A0A678RV51|A0A678RV51_EUPPU	40.202	495	277	8	206749	207230	16	504	1.82e-103	347
QOE77915.1	tr|A0A0N6XEU6|A0A0N6XEU6_LYCBA	40.638	470	267	8	206768	207230	31	495	1.99e-103	347
QOE77915.1	tr|A0A0N6XEU6|A0A0N6XEU6_LYCBA	40.638	470	267	8	206768	207230	31	495	1.99e-103	347
QOE77915.1	tr|A0A678SN46|A0A678SN46_EUPPU	39.798	495	279	8	206749	207230	16	504	2.29e-103	347
QOE77915.1	sp|A0A4D6Q415|CYP1_CROXC	39.376	513	286	10	206743	207239	5	508	3.85e-103	346
QOE77915.1	tr|A0A218WL77|A0A218WL77_PUNGR	39.431	492	289	6	206744	207230	9	496	4.62e-103	346
QOE77915.1	tr|A0A218WL77|A0A218WL77_PUNGR	39.431	492	289	6	206744	207230	9	496	4.62e-103	346
QOE77915.1	sp|P48418|C75A1_PETHY	39.836	487	283	7	206749	207230	13	494	4.83e-103	345
QOE77915.1	tr|A0A2G9H8E5|A0A2G9H8E5_9LAMI	37.474	483	287	7	206757	207231	15	490	6.49e-103	345
QOE77915.1	tr|A0A2G9H8E5|A0A2G9H8E5_9LAMI	37.474	483	287	7	206757	207231	15	490	6.49e-103	345
QOE77915.1	tr|A0A072UVP1|A0A072UVP1_MEDTR	39.019	469	264	7	206779	207231	41	503	8.76e-103	345
QOE77915.1	tr|G7IWE5|G7IWE5_MEDTR	39.019	469	264	7	206779	207231	41	503	8.85e-103	345
QOE77915.1	tr|G7IWE8|G7IWE8_MEDTR	39.270	466	267	7	206779	207231	41	503	1.17e-102	345
QOE77915.1	sp|P48419|C75A3_PETHY	40.286	489	280	8	206748	207230	12	494	1.79e-102	344
QOE77915.1	tr|B9RBQ8|B9RBQ8_RICCO	38.207	513	305	7	206725	207231	1	507	4.08e-102	343
QOE77915.1	tr|B9RBQ8|B9RBQ8_RICCO	38.207	513	305	7	206725	207231	1	507	4.08e-102	343
QOE77915.1	tr|D2XSY9|D2XSY9_CHRMO	38.523	501	293	8	206741	207231	1	496	4.62e-102	343
QOE77915.1	tr|D2XSY9|D2XSY9_CHRMO	38.523	501	293	8	206741	207231	1	496	4.62e-102	343
QOE77915.1	tr|B9T1C6|B9T1C6_RICCO	37.298	496	301	7	206740	207231	10	499	6.31e-102	342
QOE77915.1	tr|B9T1C6|B9T1C6_RICCO	37.298	496	301	7	206740	207231	10	499	6.31e-102	342
QOE77915.1	tr|A0A5B7BIH9|A0A5B7BIH9_DAVIN	40.000	455	263	5	206780	207231	59	506	7.52e-102	342
QOE77915.1	tr|A0A151TY44|A0A151TY44_CAJCA	38.429	471	271	7	206770	207231	26	486	1.20e-101	341
QOE77915.1	tr|I1WYE8|I1WYE8_PAELC	38.171	503	294	8	206741	207231	1	498	2.18e-101	341
QOE77915.1	tr|I1WYE8|I1WYE8_PAELC	38.171	503	294	8	206741	207231	1	498	2.18e-101	341
QOE77915.1	tr|A0A072UUU7|A0A072UUU7_MEDTR	39.149	470	271	8	206767	207229	33	494	2.22e-101	341
QOE77915.1	sp|P47195|C80A1_BERST	36.016	497	298	8	206741	207231	1	483	3.79e-101	339
QOE77915.1	tr|A0A2G9IBC6|A0A2G9IBC6_9LAMI	36.970	495	299	7	206743	207230	10	498	4.72e-101	340
QOE77915.1	tr|A0A2G9IBC6|A0A2G9IBC6_9LAMI	36.970	495	299	7	206743	207230	10	498	4.72e-101	340
QOE77915.1	tr|A0A072UD95|A0A072UD95_MEDTR	36.673	499	301	5	206742	207231	10	502	5.18e-101	340
QOE77915.1	tr|A0A072V1L1|A0A072V1L1_MEDTR	38.641	471	261	9	206779	207231	40	500	5.61e-101	340
QOE77915.1	sp|A0A068Q5V6|C7150_PRUMU	38.248	468	281	6	206768	207231	26	489	8.43e-101	339
QOE77915.1	tr|A0A2G9GCC6|A0A2G9GCC6_9LAMI	38.085	470	280	6	206769	207230	32	498	1.16e-100	339
QOE77915.1	tr|A0A2G9GCC6|A0A2G9GCC6_9LAMI	38.085	470	280	6	206769	207230	32	498	1.16e-100	339
QOE77915.1	tr|A0A678SS99|A0A678SS99_EUPPU	40.361	498	272	10	206749	207230	16	504	1.37e-100	339
QOE77915.1	tr|A0A2P6P3J6|A0A2P6P3J6_ROSCH	36.187	514	302	9	206735	207231	38	542	1.38e-100	340
QOE77915.1	sp|P37120|C75A2_SOLME	38.574	477	282	7	206760	207230	26	497	1.46e-100	338
QOE77915.1	tr|A0A0A1E1Y9|A0A0A1E1Y9_9SOLA	38.901	473	278	7	206764	207230	29	496	2.17e-100	338
QOE77915.1	tr|A0A0A1E1Y9|A0A0A1E1Y9_9SOLA	38.901	473	278	7	206764	207230	29	496	2.17e-100	338
QOE77915.1	tr|A0A151RSE4|A0A151RSE4_CAJCA	39.911	451	261	6	206786	207230	1	447	2.30e-100	336
QOE77915.1	tr|A0A151RSE4|A0A151RSE4_CAJCA	39.911	451	261	6	206786	207230	1	447	2.30e-100	336
QOE77915.1	sp|Q9FXW4|C80B2_COPJA	41.614	471	260	6	206768	207235	27	485	3.26e-100	337
QOE77915.1	tr|A0A151TRR2|A0A151TRR2_CAJCA	38.495	465	270	7	206779	207231	30	490	5.53e-100	337
QOE77915.1	tr|A0A151TRR2|A0A151TRR2_CAJCA	38.495	465	270	7	206779	207231	30	490	5.53e-100	337
QOE77915.1	tr|A0A2G9GCD1|A0A2G9GCD1_9LAMI	38.298	470	279	6	206769	207230	32	498	5.77e-100	337
QOE77915.1	tr|A0A2G9GCD1|A0A2G9GCD1_9LAMI	38.298	470	279	6	206769	207230	32	498	5.77e-100	337
QOE77915.1	tr|A0A0A1E4E0|A0A0A1E4E0_9SOLA	38.936	470	276	7	206767	207230	32	496	5.87e-100	337
QOE77915.1	tr|A0A0A1E4E0|A0A0A1E4E0_9SOLA	38.936	470	276	7	206767	207230	32	496	5.87e-100	337
QOE77915.1	tr|A0A0A1DZ21|A0A0A1DZ21_9SOLA	38.936	470	276	7	206767	207230	32	496	6.10e-100	337
QOE77915.1	tr|A0A0A1DZ21|A0A0A1DZ21_9SOLA	38.936	470	276	7	206767	207230	32	496	6.10e-100	337
QOE77915.1	tr|A0A2G9IBB7|A0A2G9IBB7_9LAMI	38.382	482	278	9	206767	207238	34	506	6.23e-100	337
QOE77915.1	tr|A0A2G9IBB7|A0A2G9IBB7_9LAMI	38.382	482	278	9	206767	207238	34	506	6.23e-100	337
QOE77915.1	tr|A0A060L8Y9|A0A060L8Y9_ANTAD	39.241	474	265	8	206770	207231	35	497	1.19e-99	336
QOE77915.1	tr|A0A060L8Y9|A0A060L8Y9_ANTAD	39.241	474	265	8	206770	207231	35	497	1.19e-99	336
QOE77915.1	tr|A0A2I0A361|A0A2I0A361_9ASPA	37.866	478	278	7	206768	207230	35	508	1.83e-99	336
QOE77915.1	tr|A0A2I0B5P5|A0A2I0B5P5_9ASPA	38.750	480	273	10	206770	207232	34	509	1.94e-99	336
QOE77915.1	tr|A0A2I0B5P5|A0A2I0B5P5_9ASPA	38.750	480	273	10	206770	207232	34	509	1.94e-99	336
QOE77915.1	tr|A0A2G9GCT6|A0A2G9GCT6_9LAMI	39.203	477	276	6	206765	207231	28	500	2.21e-99	335
QOE77915.1	tr|A0A2G9GCT6|A0A2G9GCT6_9LAMI	39.203	477	276	6	206765	207231	28	500	2.21e-99	335
QOE77915.1	tr|A0A2P6PT75|A0A2P6PT75_ROSCH	35.953	509	303	8	206738	207231	2	502	3.07e-99	335
QOE77915.1	tr|D5M8Q4|D5M8Q4_9MAGN	37.298	496	298	5	206744	207230	5	496	3.14e-99	335
QOE77915.1	tr|D5M8Q4|D5M8Q4_9MAGN	37.298	496	298	5	206744	207230	5	496	3.14e-99	335
QOE77915.1	tr|A0A0A1E1K2|A0A0A1E1K2_9SOLA	38.627	466	270	6	206779	207231	42	504	6.46e-99	334
QOE77915.1	tr|A0A0A1E1K2|A0A0A1E1K2_9SOLA	38.627	466	270	6	206779	207231	42	504	6.46e-99	334
QOE77915.1	tr|A0A0B2QDG0|A0A0B2QDG0_GLYSO	38.462	468	266	8	206779	207231	40	500	7.01e-99	334
QOE77915.1	tr|A0A0B2QDG0|A0A0B2QDG0_GLYSO	38.462	468	266	8	206779	207231	40	500	7.01e-99	334
QOE77915.1	tr|A0A1P7XNA0|A0A1P7XNA0_LYCRD	39.407	472	265	9	206779	207239	44	505	7.34e-99	333
QOE77915.1	tr|A0A2P6RDQ1|A0A2P6RDQ1_ROSCH	36.183	503	309	6	206739	207231	3	503	7.86e-99	333
QOE77915.1	tr|A0A0A1E1Y4|A0A0A1E1Y4_9SOLA	38.627	466	270	6	206779	207231	42	504	8.45e-99	333
QOE77915.1	tr|A0A0A1E1Y4|A0A0A1E1Y4_9SOLA	38.627	466	270	6	206779	207231	42	504	8.45e-99	333
QOE77915.1	sp|I3V6B1|C80BX_PAPSO	38.739	444	259	6	206741	207181	1	434	1.67e-98	330
QOE77915.1	tr|A0A2P6PD97|A0A2P6PD97_ROSCH	35.867	513	299	9	206736	207231	1	500	2.29e-98	332
QOE77915.1	tr|A0A2Z4N993|A0A2Z4N993_SALMI	38.155	477	276	8	206768	207231	30	500	2.97e-98	332
QOE77915.1	tr|A0A0A1DZD6|A0A0A1DZD6_9SOLA	38.710	465	270	6	206779	207231	42	503	4.26e-98	332
QOE77915.1	tr|A0A0A1DZD6|A0A0A1DZD6_9SOLA	38.710	465	270	6	206779	207231	42	503	4.26e-98	332
QOE77915.1	tr|A0A396JSJ8|A0A396JSJ8_MEDTR	36.056	502	306	6	206742	207232	21	518	6.51e-98	332
QOE77915.1	tr|A0A2G9I2Z1|A0A2G9I2Z1_9LAMI	38.312	462	263	9	206781	207230	49	500	9.35e-98	330
QOE77915.1	tr|A0A2G9I2Z1|A0A2G9I2Z1_9LAMI	38.312	462	263	9	206781	207230	49	500	9.35e-98	330
QOE77915.1	tr|F4YYF2|F4YYF2_CYNCS	39.293	481	268	9	206767	207231	28	500	1.03e-97	330
QOE77915.1	tr|F4YYF2|F4YYF2_CYNCS	39.293	481	268	9	206767	207231	28	500	1.03e-97	330
QOE77915.1	tr|A0A2G9H402|A0A2G9H402_9LAMI	36.735	490	295	6	206752	207231	8	492	1.05e-97	330
QOE77915.1	tr|A0A2G9H402|A0A2G9H402_9LAMI	36.735	490	295	6	206752	207231	8	492	1.05e-97	330
QOE77915.1	tr|A0A2G9HYB0|A0A2G9HYB0_9LAMI	38.095	462	264	9	206781	207230	49	500	1.09e-97	330
QOE77915.1	tr|A0A2G9HYB0|A0A2G9HYB0_9LAMI	38.095	462	264	9	206781	207230	49	500	1.09e-97	330
QOE77915.1	tr|A0A2G9H6R5|A0A2G9H6R5_9LAMI	35.714	504	305	8	206742	207232	6	503	1.41e-97	330
QOE77915.1	tr|A0A2G9H6R5|A0A2G9H6R5_9LAMI	35.714	504	305	8	206742	207232	6	503	1.41e-97	330
QOE77915.1	tr|T1NXM3|T1NXM3_FRAAN	39.615	467	260	10	206779	207231	40	498	1.70e-97	330
QOE77915.1	tr|T1NXM3|T1NXM3_FRAAN	39.615	467	260	10	206779	207231	40	498	1.70e-97	330
QOE77915.1	tr|T1NXM4|T1NXM4_FRAAN	39.615	467	260	10	206779	207231	40	498	1.80e-97	330
QOE77915.1	tr|T1NXM4|T1NXM4_FRAAN	39.615	467	260	10	206779	207231	40	498	1.80e-97	330
QOE77915.1	tr|Q2XP00|Q2XP00_ANTMA	38.961	462	269	6	206779	207231	52	509	1.88e-97	330
QOE77915.1	tr|Q2XP00|Q2XP00_ANTMA	38.961	462	269	6	206779	207231	52	509	1.88e-97	330
QOE77915.1	tr|A0A2P6RYS2|A0A2P6RYS2_ROSCH	36.247	469	288	6	206769	207230	97	561	3.11e-97	331
QOE77915.1	tr|A0A2Z4HPX2|A0A2Z4HPX2_PYRPY	39.056	466	264	9	206779	207231	39	497	3.21e-97	329
QOE77915.1	tr|A0A2Z4N9A4|A0A2Z4N9A4_SALMI	38.048	502	289	8	206744	207229	7	502	3.94e-97	329
QOE77915.1	tr|A0A2G9IBB5|A0A2G9IBB5_9LAMI	37.172	495	298	9	206743	207230	10	498	4.04e-97	328
QOE77915.1	tr|A0A2G9IBB5|A0A2G9IBB5_9LAMI	37.172	495	298	9	206743	207230	10	498	4.04e-97	328
QOE77915.1	tr|T1NXM2|T1NXM2_9ROSA	39.615	467	260	10	206779	207231	40	498	4.88e-97	328
QOE77915.1	tr|T1NXM2|T1NXM2_9ROSA	39.615	467	260	10	206779	207231	40	498	4.88e-97	328
QOE77915.1	tr|T1NXM1|T1NXM1_FRAVE	39.615	467	260	10	206779	207231	40	498	5.97e-97	328
QOE77915.1	tr|T1NXM1|T1NXM1_FRAVE	39.615	467	260	10	206779	207231	40	498	5.97e-97	328
QOE77915.1	tr|A0A2Z4HPV9|A0A2Z4HPV9_PYRPY	38.280	465	269	7	206779	207231	39	497	8.03e-97	328
QOE77915.1	sp|Q9SBQ9|F3PH_PETHY	39.186	467	263	8	206779	207231	42	501	1.07e-96	327
QOE77915.1	tr|A0A2N9QL60|A0A2N9QL60_9MAGN	35.400	500	311	7	206739	207230	2	497	1.34e-96	327
QOE77915.1	tr|A0A2N9QL60|A0A2N9QL60_9MAGN	35.400	500	311	7	206739	207230	2	497	1.34e-96	327
QOE77915.1	tr|T1NXM6|T1NXM6_FRAVR	39.186	467	262	10	206779	207231	40	498	1.36e-96	327
QOE77915.1	tr|T1NXM6|T1NXM6_FRAVR	39.186	467	262	10	206779	207231	40	498	1.36e-96	327
QOE77915.1	tr|A0A0B2QXH2|A0A0B2QXH2_GLYSO	37.425	497	292	9	206747	207232	5	493	1.43e-96	327
QOE77915.1	tr|A0A0B2QXH2|A0A0B2QXH2_GLYSO	37.425	497	292	9	206747	207232	5	493	1.43e-96	327
QOE77915.1	sp|Q42799|C93A2_SOYBN	37.425	497	292	9	206747	207232	5	493	1.43e-96	327
QOE77915.1	tr|A0A396JPQ9|A0A396JPQ9_MEDTR	35.714	504	302	10	206743	207232	7	502	1.48e-96	327
QOE77915.1	tr|Q5C9L5|Q5C9L5_THLFG	41.026	468	258	7	206767	207230	27	480	2.19e-96	326
QOE77915.1	tr|Q5C9L5|Q5C9L5_THLFG	41.026	468	258	7	206767	207230	27	480	2.19e-96	326
QOE77915.1	tr|A0A7M1PW11|A0A7M1PW11_CISCR	38.780	459	270	6	206778	207230	46	499	2.22e-96	327
QOE77915.1	tr|T1NXM5|T1NXM5_FRAVE	39.186	467	262	10	206779	207231	40	498	2.40e-96	327
QOE77915.1	tr|T1NXM5|T1NXM5_FRAVE	39.186	467	262	10	206779	207231	40	498	2.40e-96	327
QOE77915.1	tr|R9WPB6|R9WPB6_9ROSI	38.134	493	295	6	206750	207237	16	503	2.89e-96	326
QOE77915.1	tr|R9WPB6|R9WPB6_9ROSI	38.134	493	295	6	206750	207237	16	503	2.89e-96	326
QOE77915.1	tr|A0A2P6P319|A0A2P6P319_ROSCH	39.149	470	259	10	206779	207231	40	499	2.96e-96	326
QOE77915.1	tr|B9RAS2|B9RAS2_RICCO	37.052	502	292	8	206745	207230	9	502	3.24e-96	326
QOE77915.1	tr|B9RAS2|B9RAS2_RICCO	37.052	502	292	8	206745	207230	9	502	3.24e-96	326
QOE77915.1	tr|G7KUG5|G7KUG5_MEDTR	36.800	500	302	6	206743	207232	7	502	3.94e-96	326
QOE77915.1	tr|B9SB66|B9SB66_RICCO	36.897	477	281	7	206768	207231	31	500	4.16e-96	326
QOE77915.1	tr|B9SB66|B9SB66_RICCO	36.897	477	281	7	206768	207231	31	500	4.16e-96	326
QOE77915.1	sp|O81973|C93A3_SOYBN	38.217	471	265	8	206779	207232	40	501	4.37e-96	325
QOE77915.1	sp|Q96418|C75A5_EUSER	37.423	489	295	7	206748	207230	15	498	4.54e-96	325
QOE77915.1	tr|B9SB69|B9SB69_RICCO	36.897	477	281	7	206768	207231	31	500	6.59e-96	325
QOE77915.1	tr|B9SB69|B9SB69_RICCO	36.897	477	281	7	206768	207231	31	500	6.59e-96	325
QOE77915.1	tr|A0A151SPD8|A0A151SPD8_CAJCA	39.957	463	249	10	206786	207231	1	451	7.47e-96	323
QOE77915.1	tr|A0A151SPD8|A0A151SPD8_CAJCA	39.957	463	249	10	206786	207231	1	451	7.47e-96	323
QOE77915.1	sp|Q8LM92|C75B4_ORYSJ	37.107	477	277	7	206778	207232	49	524	7.82e-96	326
QOE77915.1	tr|A0A5B6YXL4|A0A5B6YXL4_DAVIN	49.240	329	145	4	199510	199836	1	309	1.01e-95	317
QOE77915.1	tr|B9RE29|B9RE29_RICCO	35.200	500	301	7	206746	207231	5	495	1.16e-95	324
QOE77915.1	tr|B9RE29|B9RE29_RICCO	35.200	500	301	7	206746	207231	5	495	1.16e-95	324
QOE77915.1	sp|Q96581|C75A4_GENTR	36.255	502	307	9	206740	207232	9	506	1.46e-95	324
QOE77915.1	sp|O04790|C75A7_EUSER	36.789	492	302	6	206744	207230	11	498	1.65e-95	324
QOE77915.1	tr|A0A0B2RJK7|A0A0B2RJK7_GLYSO	35.815	497	301	5	206748	207231	12	503	2.19e-95	323
QOE77915.1	tr|A0A0B2RJK7|A0A0B2RJK7_GLYSO	35.815	497	301	5	206748	207231	12	503	2.19e-95	323
QOE77915.1	tr|A0A072TH04|A0A072TH04_MEDTR	35.433	508	303	12	206741	207232	5	503	2.32e-95	323
QOE77915.1	tr|G7KE88|G7KE88_MEDTR	35.039	508	307	7	206739	207231	2	501	2.39e-95	323
QOE77915.1	tr|A0A2P6P3K7|A0A2P6P3K7_ROSCH	36.436	505	293	9	206745	207231	5	499	3.71e-95	323
QOE77915.1	tr|A0A2H9ZS65|A0A2H9ZS65_9ASPA	39.112	473	270	7	206764	207227	37	500	6.05e-95	322
QOE77915.1	tr|A0A2H9ZS65|A0A2H9ZS65_9ASPA	39.112	473	270	7	206764	207227	37	500	6.05e-95	322
QOE77915.1	tr|B9S5P8|B9S5P8_RICCO	36.596	470	284	7	206771	207230	34	499	6.65e-95	322
QOE77915.1	tr|B9S5P8|B9S5P8_RICCO	36.596	470	284	7	206771	207230	34	499	6.65e-95	322
QOE77915.1	tr|A0A2P6RDR4|A0A2P6RDR4_ROSCH	35.644	505	305	6	206743	207233	8	506	7.28e-95	322
QOE77915.1	tr|A0A3Q8QEL6|A0A3Q8QEL6_CICEN	36.680	488	295	9	206750	207232	9	487	9.08e-95	321
QOE77915.1	tr|G7J474|G7J474_MEDTR	36.674	469	286	6	206767	207230	37	499	1.05e-94	322
QOE77915.1	tr|A0A3Q8QEF7|A0A3Q8QEF7_CICIN	36.475	488	296	9	206750	207232	9	487	1.21e-94	321
QOE77915.1	tr|Q2MJ15|Q2MJ15_MEDTR	36.518	471	285	8	206769	207230	35	500	1.77e-94	321
QOE77915.1	tr|A0A2P6RYR2|A0A2P6RYR2_ROSCH	37.100	469	284	7	206769	207230	32	496	1.97e-94	321
QOE77915.1	tr|A0A151SNY4|A0A151SNY4_CAJCA	40.909	418	224	7	206822	207231	1	403	2.03e-94	317
QOE77915.1	tr|A0A151SNY4|A0A151SNY4_CAJCA	40.909	418	224	7	206822	207231	1	403	2.03e-94	317
QOE77915.1	sp|G3GBK0|C7BL3_CICIN	36.475	488	296	9	206750	207232	9	487	2.30e-94	320
QOE77915.1	tr|A0A2P6P5G9|A0A2P6P5G9_ROSCH	37.888	483	285	8	206757	207232	32	506	2.69e-94	320
QOE77915.1	tr|A0A396JP62|A0A396JP62_MEDTR	35.236	508	310	10	206743	207236	26	528	4.73e-94	320
QOE77915.1	sp|F8S1I0|C7BL2_LACSA	36.680	488	295	9	206750	207232	9	487	4.97e-94	319
QOE77915.1	sp|X2JE85|C7BL2_TANPA	36.270	488	297	8	206750	207231	9	488	5.57e-94	319
QOE77915.1	tr|A0A2I0A2H7|A0A2I0A2H7_9ASPA	35.867	513	303	8	206744	207232	1	511	1.15e-93	319
QOE77915.1	tr|A0A2I0A2H7|A0A2I0A2H7_9ASPA	35.867	513	303	8	206744	207232	1	511	1.15e-93	319
QOE77915.1	tr|A0A455I265|A0A455I265_EUPPU	39.490	471	255	11	206779	207231	39	497	1.22e-93	318
QOE77915.1	tr|A0A396GIQ4|A0A396GIQ4_MEDTR	35.534	515	310	13	206727	207230	31	534	1.29e-93	320
QOE77915.1	tr|A0A455IC04|A0A455IC04_EUPPU	39.278	471	256	11	206779	207231	40	498	1.77e-93	318
QOE77915.1	tr|A0A455JC55|A0A455JC55_EUPPU	39.490	471	255	11	206779	207231	39	497	2.03e-93	318
QOE77915.1	sp|O48958|C71E1_SORBI	35.579	475	296	4	206765	207231	50	522	4.92e-93	318
QOE77915.1	sp|P24465|C71A1_PERAE	37.124	466	270	7	206779	207230	40	496	7.46e-93	316
QOE77915.1	tr|G7L7J6|G7L7J6_MEDTR	36.653	472	283	10	206769	207230	37	502	9.15e-93	316
QOE77915.1	sp|O04773|C75A6_CAMME	37.630	481	275	7	206769	207230	37	511	9.67e-93	317
QOE77915.1	tr|G7L269|G7L269_MEDTR	34.038	520	301	11	206741	207232	1	506	1.24e-92	316
QOE77915.1	tr|A0A2P6S6H6|A0A2P6S6H6_ROSCH	35.236	508	300	10	206743	207237	13	504	1.82e-92	315
QOE77915.1	tr|A0A5B7AK51|A0A5B7AK51_DAVIN	36.134	476	278	7	206771	207231	39	503	1.89e-92	315
QOE77915.1	tr|A0A2I0AA38|A0A2I0AA38_9ASPA	37.795	508	281	14	206740	207228	4	495	1.98e-92	315
QOE77915.1	tr|A0A2I0AA38|A0A2I0AA38_9ASPA	37.795	508	281	14	206740	207228	4	495	1.98e-92	315
QOE77915.1	tr|B9RLP6|B9RLP6_RICCO	37.111	450	268	6	206794	207231	1	447	2.03e-92	313
QOE77915.1	tr|B9RLP6|B9RLP6_RICCO	37.111	450	268	6	206794	207231	1	447	2.03e-92	313
QOE77915.1	tr|A0A2P6SQR1|A0A2P6SQR1_ROSCH	33.797	503	313	7	206745	207234	5	500	3.15e-92	314
QOE77915.1	tr|A0A2Z4N9A5|A0A2Z4N9A5_SALMI	36.461	469	278	8	206779	207231	37	501	3.63e-92	314
QOE77915.1	tr|A0A0B2SGD9|A0A0B2SGD9_GLYSO	35.152	495	297	9	206751	207233	1	483	4.23e-92	313
QOE77915.1	tr|A0A0B2QW52|A0A0B2QW52_GLYSO	35.756	509	303	9	206733	207233	9	501	8.14e-92	313
QOE77915.1	tr|B9SVN7|B9SVN7_RICCO	37.214	481	280	8	206766	207232	31	503	8.79e-92	313
QOE77915.1	tr|B9SVN7|B9SVN7_RICCO	37.214	481	280	8	206766	207232	31	503	8.79e-92	313
QOE77915.1	tr|A0A1B2ZBY5|A0A1B2ZBY5_VITVI	37.723	448	274	4	206783	207227	41	486	1.23e-91	312
QOE77915.1	tr|B9R855|B9R855_RICCO	36.709	474	286	8	206766	207230	23	491	1.23e-91	312
QOE77915.1	tr|B9R855|B9R855_RICCO	36.709	474	286	8	206766	207230	23	491	1.23e-91	312
QOE77915.1	tr|B9RM58|B9RM58_RICCO	35.446	505	301	10	206743	207231	20	515	1.38e-91	313
QOE77915.1	tr|B9RM58|B9RM58_RICCO	35.446	505	301	10	206743	207231	20	515	1.38e-91	313
QOE77915.1	tr|A0A151SPJ6|A0A151SPJ6_CAJCA	38.065	465	273	6	206779	207231	39	500	1.47e-91	313
QOE77915.1	tr|A0A151SPJ6|A0A151SPJ6_CAJCA	38.065	465	273	6	206779	207231	39	500	1.47e-91	313
QOE77915.1	tr|A0A2I0AUK1|A0A2I0AUK1_9ASPA	37.795	508	294	10	206753	207239	14	520	1.50e-91	313
QOE77915.1	tr|A0A2I0AUK1|A0A2I0AUK1_9ASPA	37.795	508	294	10	206753	207239	14	520	1.50e-91	313
QOE77915.1	sp|P58050|C71BD_ARATH	33.665	502	312	7	206741	207232	1	491	1.85e-91	311
QOE77915.1	sp|W8JCE8|CYBT1_CATRO	37.037	486	273	11	206769	207232	29	503	2.05e-91	312
QOE77915.1	sp|P58051|C71BE_ARATH	34.490	490	304	8	206751	207232	11	491	2.24e-91	311
QOE77915.1	tr|G7J477|G7J477_MEDTR	35.542	498	299	7	206743	207233	33	515	2.50e-91	312
QOE77915.1	sp|A0A068Q721|C7113_PRUMU	37.418	457	276	6	206779	207230	57	508	3.68e-91	311
QOE77915.1	tr|A0A072TSC7|A0A072TSC7_MEDTR	34.731	501	315	7	206739	207232	2	497	4.52e-91	311
QOE77915.1	tr|Q0ZM38|Q0ZM38_MEDTR	34.038	520	301	11	206741	207232	1	506	4.60e-91	311
QOE77915.1	sp|O81970|C71A9_SOYBN	38.178	461	271	7	206770	207223	33	486	6.27e-91	310
QOE77915.1	sp|P49264|C71B1_THLAR	33.068	502	315	7	206741	207232	1	491	6.31e-91	310
QOE77915.1	tr|G7IUY6|G7IUY6_MEDTR	35.504	476	282	9	206770	207232	38	501	8.27e-91	310
QOE77915.1	tr|W5XJS5|W5XJS5_9BRYO	36.364	495	290	7	206757	207233	23	510	1.72e-90	310
QOE77915.1	tr|W5XJS5|W5XJS5_9BRYO	36.364	495	290	7	206757	207233	23	510	1.72e-90	310
QOE77915.1	tr|A0A2P6RKS8|A0A2P6RKS8_ROSCH	34.669	499	310	8	206744	207230	8	502	1.92e-90	309
QOE77915.1	tr|B9RQJ9|B9RQJ9_RICCO	34.232	482	297	6	206767	207230	32	511	2.53e-90	309
QOE77915.1	tr|B9RQJ9|B9RQJ9_RICCO	34.232	482	297	6	206767	207230	32	511	2.53e-90	309
QOE77915.1	tr|A0A2G9HN69|A0A2G9HN69_9LAMI	36.747	498	296	9	206743	207230	10	498	2.93e-90	309
QOE77915.1	tr|A0A2G9HN69|A0A2G9HN69_9LAMI	36.747	498	296	9	206743	207230	10	498	2.93e-90	309
QOE77915.1	tr|G7KAS9|G7KAS9_MEDTR	35.400	500	299	10	206745	207231	13	501	3.21e-90	308
QOE77915.1	tr|A0A2I0AWD6|A0A2I0AWD6_9ASPA	39.258	512	287	10	206746	207239	2	507	3.22e-90	308
QOE77915.1	tr|A0A2I0AWD6|A0A2I0AWD6_9ASPA	39.258	512	287	10	206746	207239	2	507	3.22e-90	308
QOE77915.1	tr|A0A2P6QI75|A0A2P6QI75_ROSCH	36.122	490	283	9	206769	207233	29	513	3.79e-90	309
QOE77915.1	sp|Q9LTM3|C71BK_ARATH	34.263	502	317	6	206740	207232	2	499	3.81e-90	308
QOE77915.1	tr|B9RRA1|B9RRA1_RICCO	34.949	495	302	8	206750	207230	23	511	3.81e-90	309
QOE77915.1	tr|B9RRA1|B9RRA1_RICCO	34.949	495	302	8	206750	207230	23	511	3.81e-90	309
QOE77915.1	sp|Q9LIP6|C71BV_ARATH	35.152	495	305	9	206747	207231	6	494	5.16e-90	308
QOE77915.1	sp|H2DH18|C7A12_PANGI	34.337	498	305	8	206747	207231	8	496	5.52e-90	308
QOE77915.1	tr|A0A2P6P5G6|A0A2P6P5G6_ROSCH	36.452	513	310	10	206733	207234	29	536	6.42e-90	309
QOE77915.1	tr|A0A346RPF8|A0A346RPF8_9LILI	35.673	513	299	9	206746	207230	4	513	6.65e-90	308
QOE77915.1	sp|A0A068Q6L2|C7317_PRUMU	34.783	506	313	10	206734	207230	16	513	8.11e-90	308
QOE77915.1	sp|A0A0N9HT29|C71BE_SINHE	35.050	505	309	7	206741	207234	1	497	9.04e-90	307
QOE77915.1	tr|A0A2G9FYA3|A0A2G9FYA3_9LAMI	35.758	495	297	8	206747	207231	6	489	9.84e-90	306
QOE77915.1	tr|A0A2G9FYA3|A0A2G9FYA3_9LAMI	35.758	495	297	8	206747	207231	6	489	9.84e-90	306
QOE77915.1	tr|A0A0B2PF02|A0A0B2PF02_GLYSO	36.998	473	287	6	206769	207231	11	482	1.17e-89	306
QOE77915.1	sp|Q9LIP5|C71BW_ARATH	35.960	495	300	6	206747	207231	6	493	1.31e-89	306
QOE77915.1	sp|P58049|C71BB_ARATH	33.333	498	319	5	206741	207232	1	491	1.97e-89	306
QOE77915.1	sp|O48923|C71DA_SOYBN	33.399	506	321	8	206737	207233	9	507	2.10e-89	306
QOE77915.1	tr|B9R857|B9R857_RICCO	34.490	490	308	8	206746	207227	5	489	2.45e-89	305
QOE77915.1	tr|B9R857|B9R857_RICCO	34.490	490	308	8	206746	207227	5	489	2.45e-89	305
QOE77915.1	sp|E9KBR8|C9B16_SOYBN	35.654	474	281	7	206781	207233	47	517	2.66e-89	306
QOE77915.1	tr|A0A346RPF9|A0A346RPF9_9LILI	35.478	513	300	9	206746	207230	4	513	2.96e-89	306
QOE77915.1	tr|G7K4E9|G7K4E9_MEDTR	35.200	500	295	12	206746	207233	17	499	3.58e-89	305
QOE77915.1	tr|A0A0B2PCC7|A0A0B2PCC7_GLYSO	34.247	511	315	7	206748	207239	10	518	4.08e-89	306
QOE77915.1	tr|A0A0B2PCC7|A0A0B2PCC7_GLYSO	34.247	511	315	7	206748	207239	10	518	4.08e-89	306
QOE77915.1	sp|Q9LVD2|C71BA_ARATH	34.874	476	288	9	206771	207232	31	498	4.63e-89	305
QOE77915.1	tr|B9RLJ1|B9RLJ1_RICCO	36.518	471	278	6	206777	207236	50	510	5.32e-89	305
QOE77915.1	tr|B9RLJ1|B9RLJ1_RICCO	36.518	471	278	6	206777	207236	50	510	5.32e-89	305
QOE77915.1	sp|X2JI34|GAO_TANPA	35.425	494	297	9	206744	207231	9	486	7.38e-89	304
QOE77915.1	tr|A0A346RPE9|A0A346RPE9_PHORE	35.352	512	301	10	206746	207230	4	512	8.23e-89	305
QOE77915.1	tr|G7KE81|G7KE81_MEDTR	34.325	504	302	8	206745	207231	7	498	1.31e-88	304
QOE77915.1	tr|A0A2P6RN03|A0A2P6RN03_ROSCH	35.872	499	302	11	206745	207230	42	535	1.40e-88	305
QOE77915.1	tr|B9RBW8|B9RBW8_RICCO	49.007	302	145	3	206744	207040	1	298	1.53e-88	298
QOE77915.1	tr|B9RBW8|B9RBW8_RICCO	49.007	302	145	3	206744	207040	1	298	1.53e-88	298
QOE77915.1	tr|A0A0B2QXI7|A0A0B2QXI7_GLYSO	37.642	441	258	7	206805	207232	1	437	1.81e-88	301
QOE77915.1	tr|A0A0B2QXI7|A0A0B2QXI7_GLYSO	37.642	441	258	7	206805	207232	1	437	1.81e-88	301
QOE77915.1	tr|A0A2P6RKR2|A0A2P6RKR2_ROSCH	34.870	499	307	12	206744	207230	12	504	2.68e-88	303
QOE77915.1	tr|A0A346RPE7|A0A346RPE7_9LILI	36.255	502	290	9	206756	207230	14	512	3.35e-88	303
QOE77915.1	tr|A0A346RPF2|A0A346RPF2_9LILI	36.255	502	290	9	206756	207230	14	512	3.35e-88	303
QOE77915.1	tr|A0A2G9HZZ9|A0A2G9HZZ9_9LAMI	36.255	502	309	7	206743	207238	10	506	3.37e-88	303
QOE77915.1	tr|A0A2G9HZZ9|A0A2G9HZZ9_9LAMI	36.255	502	309	7	206743	207238	10	506	3.37e-88	303
QOE77915.1	tr|A0A2P6S6G7|A0A2P6S6G7_ROSCH	34.375	512	311	11	206737	207230	3	507	5.20e-88	303
QOE77915.1	sp|A6YIH8|C7D55_HYOMU	36.211	475	288	7	206764	207230	26	493	5.21e-88	302
QOE77915.1	tr|A0A346RPE5|A0A346RPE5_PHODC	36.056	502	291	9	206756	207230	14	512	5.72e-88	303
QOE77915.1	tr|A0A346RPF7|A0A346RPF7_9LILI	36.056	502	291	9	206756	207230	14	512	5.72e-88	303
QOE77915.1	tr|A0A346RPF6|A0A346RPF6_9LILI	36.056	502	291	9	206756	207230	14	512	5.72e-88	303
QOE77915.1	tr|A0A346RPF1|A0A346RPF1_9LILI	36.056	502	291	9	206756	207230	14	512	5.95e-88	303
QOE77915.1	tr|E9KBR9|E9KBR9_SOYBN	35.654	474	281	7	206781	207233	47	517	6.18e-88	303
QOE77915.1	sp|D5JBX1|GAO_BARSP	35.270	482	298	7	206756	207233	17	488	8.30e-88	301
QOE77915.1	tr|A0A2P6QD81|A0A2P6QD81_ROSCH	33.071	508	324	6	206733	207231	1	501	1.01e-87	301
QOE77915.1	tr|A0A346RPF3|A0A346RPF3_9LILI	36.056	502	291	9	206756	207230	14	512	1.07e-87	302
QOE77915.1	sp|Q9LTM4|C71BJ_ARATH	34.132	501	314	9	206744	207232	3	499	1.29e-87	301
QOE77915.1	tr|B9SBG5|B9SBG5_RICCO	35.236	508	307	11	206741	207230	1	504	1.31e-87	301
QOE77915.1	tr|B9SBG5|B9SBG5_RICCO	35.236	508	307	11	206741	207230	1	504	1.31e-87	301
QOE77915.1	sp|A0A343URW6|TEX1_CATRO	35.842	505	300	10	206741	207231	1	495	1.50e-87	301
QOE77915.1	sp|Q9ZU07|C71BC_ARATH	33.130	492	317	6	206746	207232	7	491	1.62e-87	300
QOE77915.1	tr|A0A251SU99|A0A251SU99_HELAN	35.223	494	298	9	206744	207231	9	486	1.84e-87	300
QOE77915.1	tr|A0A251SU99|A0A251SU99_HELAN	35.223	494	298	9	206744	207231	9	486	1.84e-87	300
QOE77915.1	sp|D5JBX0|GAO_HELAN	35.223	494	298	9	206744	207231	9	486	1.84e-87	300
QOE77915.1	tr|A0A0B2PHU6|A0A0B2PHU6_GLYSO	36.326	479	287	7	206767	207233	11	483	1.95e-87	300
QOE77915.1	tr|A0A2P6RKQ0|A0A2P6RKQ0_ROSCH	34.861	502	310	11	206740	207230	4	499	2.07e-87	300
QOE77915.1	tr|A0A0B2SWE3|A0A0B2SWE3_GLYSO	34.118	510	308	10	206746	207236	8	508	2.17e-87	300
QOE77915.1	tr|B9RHW8|B9RHW8_RICCO	33.399	509	316	8	206741	207235	21	520	2.33e-87	301
QOE77915.1	tr|B9RHW8|B9RHW8_RICCO	33.399	509	316	8	206741	207235	21	520	2.33e-87	301
QOE77915.1	tr|A0A346RPF4|A0A346RPF4_9LILI	35.857	502	292	9	206756	207230	14	512	2.38e-87	301
QOE77915.1	tr|A0A072V0W0|A0A072V0W0_MEDTR	34.137	498	317	6	206745	207234	20	514	2.49e-87	300
QOE77915.1	tr|A0A2P6Q0Q9|A0A2P6Q0Q9_ROSCH	34.578	509	305	12	206739	207230	3	500	2.51e-87	300
QOE77915.1	tr|A0A2P6Q0Q9|A0A2P6Q0Q9_ROSCH	34.578	509	305	12	206739	207230	3	500	2.51e-87	300
QOE77915.1	tr|A0A072TR26|A0A072TR26_MEDTR	35.178	506	304	11	206742	207232	6	502	2.61e-87	300
QOE77915.1	tr|A0A2G9HNG5|A0A2G9HNG5_9LAMI	34.949	495	301	8	206747	207231	6	489	2.61e-87	300
QOE77915.1	tr|A0A2G9HNG5|A0A2G9HNG5_9LAMI	34.949	495	301	8	206747	207231	6	489	2.61e-87	300
QOE77915.1	sp|D5JBW9|GAO_SAUCO	35.062	482	295	8	206756	207231	17	486	2.65e-87	299
QOE77915.1	sp|A0A0N9HTU1|C71CU_SINHE	34.073	496	313	6	206743	207233	4	490	2.71e-87	300
QOE77915.1	tr|A0A346RPF0|A0A346RPF0_9LILI	35.857	502	292	9	206756	207230	14	512	3.45e-87	300
QOE77915.1	tr|A0A346RPE6|A0A346RPE6_9LILI	35.657	502	293	10	206756	207230	14	512	3.80e-87	300
QOE77915.1	tr|A0A346RPE8|A0A346RPE8_9LILI	35.857	502	292	9	206756	207230	14	512	3.80e-87	300
QOE77915.1	sp|Q50EK4|C75A1_PINTA	35.130	501	301	11	206748	207231	24	517	4.18e-87	300
QOE77915.1	tr|A0A346RPF5|A0A346RPF5_9LILI	35.657	502	293	9	206756	207230	14	512	5.62e-87	300
QOE77915.1	tr|A0A151TAP4|A0A151TAP4_CAJCA	33.617	470	302	4	206769	207231	27	493	6.60e-87	299
QOE77915.1	tr|A0A151TAP4|A0A151TAP4_CAJCA	33.617	470	302	4	206769	207231	27	493	6.60e-87	299
QOE77915.1	tr|G7KE92|G7KE92_MEDTR	33.267	505	311	7	206744	207231	5	500	6.92e-87	299
QOE77915.1	tr|A0A0B2RYI7|A0A0B2RYI7_GLYSO	34.167	480	291	9	206767	207232	17	485	9.85e-87	298
QOE77915.1	tr|A0A0B2P1G2|A0A0B2P1G2_GLYSO	34.232	482	291	9	206767	207233	17	487	1.03e-86	298
QOE77915.1	tr|A0A2I0B3R3|A0A2I0B3R3_9ASPA	38.737	475	258	10	206771	207233	33	486	1.18e-86	298
QOE77915.1	tr|A0A2I0B3R3|A0A2I0B3R3_9ASPA	38.737	475	258	10	206771	207233	33	486	1.18e-86	298
QOE77915.1	tr|A0A2Z4N9C7|A0A2Z4N9C7_SALMI	35.102	490	303	9	206751	207231	12	495	1.25e-86	298
QOE77915.1	tr|B9RHW4|B9RHW4_RICCO	34.483	493	305	9	206747	207232	14	495	1.27e-86	298
QOE77915.1	tr|B9RHW4|B9RHW4_RICCO	34.483	493	305	9	206747	207232	14	495	1.27e-86	298
QOE77915.1	tr|A0A0B2PM72|A0A0B2PM72_GLYSO	35.189	503	297	11	206746	207231	7	497	1.30e-86	298
QOE77915.1	tr|B9RM57|B9RM57_RICCO	34.600	500	304	10	206745	207231	10	499	1.32e-86	298
QOE77915.1	tr|B9RM57|B9RM57_RICCO	34.600	500	304	10	206745	207231	10	499	1.32e-86	298
QOE77915.1	tr|B9RAR9|B9RAR9_RICCO	36.481	466	277	10	206781	207238	54	508	1.77e-86	298
QOE77915.1	tr|B9RAR9|B9RAR9_RICCO	36.481	466	277	10	206781	207238	54	508	1.77e-86	298
QOE77915.1	tr|J7FYJ5|J7FYJ5_COFAR	34.252	508	319	7	206744	207241	1	503	1.78e-86	298
QOE77915.1	tr|J7FYJ5|J7FYJ5_COFAR	34.252	508	319	7	206744	207241	1	503	1.78e-86	298
QOE77915.1	tr|A0A5B7AIT1|A0A5B7AIT1_DAVIN	35.967	481	277	8	206771	207231	37	506	2.06e-86	298
QOE77915.1	sp|P93149|C93B1_GLYEC	33.806	494	284	10	206768	207232	30	509	2.25e-86	298
QOE77915.1	tr|A0A0B2PHC1|A0A0B2PHC1_GLYSO	35.358	461	279	6	206780	207231	49	499	2.44e-86	297
QOE77915.1	sp|Q9LIP4|C71BX_ARATH	34.884	473	288	6	206771	207232	32	495	2.46e-86	297
QOE77915.1	tr|B9RHI5|B9RHI5_RICCO	31.862	521	316	7	206742	207233	26	536	3.73e-86	298
QOE77915.1	tr|B9RHI5|B9RHI5_RICCO	31.862	521	316	7	206742	207233	26	536	3.73e-86	298
QOE77915.1	tr|G7KAS8|G7KAS8_MEDTR	34.504	484	291	9	206769	207235	33	507	4.60e-86	296
QOE77915.1	tr|A0A0B2PHA2|A0A0B2PHA2_GLYSO	35.189	503	297	11	206746	207231	7	497	5.72e-86	296
QOE77915.1	tr|A0A0B2RI76|A0A0B2RI76_GLYSO	34.211	456	286	4	206785	207231	1	451	6.13e-86	294
QOE77915.1	tr|A0A0B2RI76|A0A0B2RI76_GLYSO	34.211	456	286	4	206785	207231	1	451	6.13e-86	294
QOE77915.1	tr|W5XJ66|W5XJ66_9BRYO	31.717	495	317	8	206754	207229	59	551	6.37e-86	298
QOE77915.1	tr|W5XJ66|W5XJ66_9BRYO	31.717	495	317	8	206754	207229	59	551	6.37e-86	298
QOE77915.1	tr|A0A2I0B8Q4|A0A2I0B8Q4_9ASPA	36.420	486	278	7	206769	207231	38	515	6.80e-86	296
QOE77915.1	tr|A0A2P6RKU5|A0A2P6RKU5_ROSCH	35.070	499	306	11	206745	207230	9	502	8.32e-86	296
QOE77915.1	tr|A0A3S8NUY8|A0A3S8NUY8_CICEN	33.806	494	309	8	206744	207231	5	486	8.41e-86	295
