QOE77915.1	tr|A0A2G9GCU5|A0A2G9GCU5_9LAMI	83.198	494	83	0	206741	207234	1	494	0.0	852
QOE77915.1	tr|A0A2S1RED8|A0A2S1RED8_CHRMO	65.455	495	161	5	206741	207232	1	488	0.0	644
QOE77915.1	tr|A0A6M3TXH1|A0A6M3TXH1_LITER	59.677	496	198	1	206741	207234	1	496	0.0	643
QOE77915.1	tr|A0A6M3TY96|A0A6M3TY96_LITER	55.375	493	215	3	206741	207231	1	490	0.0	600
QOE77915.1	tr|B9RBW9|B9RBW9_RICCO	54.125	497	222	3	206741	207231	2	498	6.12e-174	547
QOE77915.1	tr|A0A2G9HLA0|A0A2G9HLA0_9LAMI	47.284	497	257	4	206741	207234	1	495	2.09e-146	468
QOE77915.1	tr|A0A2G9FXM5|A0A2G9FXM5_9LAMI	45.600	500	249	4	206741	207234	1	483	2.01e-145	464
QOE77915.1	tr|A0A2G9H5W3|A0A2G9H5W3_9LAMI	44.600	500	263	4	206741	207234	1	492	1.39e-138	445
QOE77915.1	tr|B9SRM8|B9SRM8_RICCO	42.526	475	263	3	206767	207231	30	504	4.82e-126	410
QOE77915.1	tr|B9SRM5|B9SRM5_RICCO	42.437	476	265	5	206769	207237	35	508	9.07e-126	409
QOE77915.1	tr|A0A0B4VFR8|A0A0B4VFR8_PODPE	42.800	500	268	4	206748	207230	5	503	7.77e-125	406
QOE77915.1	tr|B9SRM4|B9SRM4_RICCO	43.361	482	262	5	206769	207239	35	516	7.65e-123	401
QOE77915.1	tr|B9SRN5|B9SRN5_RICCO	40.606	495	280	5	206750	207231	15	508	1.52e-121	397
QOE77915.1	tr|B9SRN0|B9SRN0_RICCO	40.977	471	268	3	206771	207231	48	518	5.33e-121	395
QOE77915.1	tr|B9SRM6|B9SRM6_RICCO	40.685	467	270	3	206770	207231	34	498	6.17e-121	394
QOE77915.1	tr|B9RHX8|B9RHX8_RICCO	42.412	481	261	8	206756	207231	23	492	1.18e-120	394
QOE77915.1	tr|B9SRN4|B9SRN4_RICCO	40.404	495	281	5	206750	207231	15	508	9.09e-119	389
QOE77915.1	tr|A0A1U9X5Y8|A0A1U9X5Y8_THAGA	38.833	497	295	4	206742	207231	6	500	3.39e-117	384
QOE77915.1	tr|B9R9F5|B9R9F5_RICCO	42.232	457	250	7	206779	207231	45	491	2.48e-113	372
QOE77915.1	tr|B9SRN1|B9SRN1_RICCO	40.803	473	266	5	206750	207209	18	489	2.89e-112	370
QOE77915.1	tr|A0A0A0RI01|A0A0A0RI01_PAELC	40.161	498	290	4	206740	207231	3	498	3.05e-112	369
QOE77915.1	tr|D5M8Q3|D5M8Q3_9MAGN	38.569	503	294	7	206741	207231	1	500	3.89e-112	370
QOE77915.1	tr|A0A1U9X5Z7|A0A1U9X5Z7_THAGA	41.189	471	266	4	206770	207231	34	502	3.98e-112	369
QOE77915.1	tr|F2VR48|F2VR48_PRUAV	39.243	502	285	9	206743	207231	2	496	2.34e-110	364
QOE77915.1	tr|I0IV87|I0IV87_GLYSO	40.369	488	281	6	206749	207230	14	497	2.72e-110	364
QOE77915.1	tr|B9RC29|B9RC29_RICCO	40.295	474	269	8	206770	207238	34	498	6.35e-108	357
QOE77915.1	tr|R9WS52|R9WS52_9ROSI	38.878	499	286	8	206748	207231	4	498	5.00e-107	355
QOE77915.1	tr|D0EUZ8|D0EUZ8_9ERIC	39.468	489	280	8	206750	207230	16	496	7.83e-107	354
QOE77915.1	tr|D2XSZ0|D2XSZ0_CHRMO	39.321	501	289	8	206741	207231	1	496	1.80e-106	353
QOE77915.1	tr|A0A0N6VV47|A0A0N6VV47_LYCRU	39.959	488	281	8	206750	207230	13	495	2.36e-106	353
QOE77915.1	tr|A0A0N6VV42|A0A0N6VV42_LYCRU	39.659	469	261	9	206779	207231	42	504	9.36e-106	351
QOE77915.1	tr|D2XSZ1|D2XSZ1_CHRMO	39.122	501	290	8	206741	207231	1	496	1.64e-105	350
QOE77915.1	tr|D2XSZ2|D2XSZ2_CHRMO	39.122	501	290	8	206741	207231	1	496	1.64e-105	350
QOE77915.1	tr|A0A0N6XG41|A0A0N6XG41_LYCBA	39.659	469	261	9	206779	207231	42	504	1.85e-105	350
QOE77915.1	tr|D2XSY7|D2XSY7_CHRMO	39.122	501	290	8	206741	207231	1	496	1.93e-105	350
QOE77915.1	tr|A0A2S1Q4X0|A0A2S1Q4X0_CHRMO	39.321	501	289	8	206741	207231	1	496	7.61e-105	348
QOE77915.1	tr|D2XSY8|D2XSY8_CHRMO	39.122	501	290	8	206741	207231	1	496	8.30e-105	348
QOE77915.1	tr|A0A0N6XEU6|A0A0N6XEU6_LYCBA	40.638	470	267	8	206768	207230	31	495	2.67e-104	347
QOE77915.1	tr|A0A218WL77|A0A218WL77_PUNGR	39.431	492	289	6	206744	207230	9	496	6.22e-104	346
QOE77915.1	tr|A0A2G9H8E5|A0A2G9H8E5_9LAMI	37.474	483	287	7	206757	207231	15	490	8.73e-104	345
QOE77915.1	tr|B9RBQ8|B9RBQ8_RICCO	38.207	513	305	7	206725	207231	1	507	5.49e-103	343
QOE77915.1	tr|D2XSY9|D2XSY9_CHRMO	38.523	501	293	8	206741	207231	1	496	6.22e-103	343
QOE77915.1	tr|B9T1C6|B9T1C6_RICCO	37.298	496	301	7	206740	207231	10	499	8.48e-103	342
QOE77915.1	tr|I1WYE8|I1WYE8_PAELC	38.171	503	294	8	206741	207231	1	498	2.93e-102	341
QOE77915.1	tr|A0A2G9IBC6|A0A2G9IBC6_9LAMI	36.970	495	299	7	206743	207230	10	498	6.36e-102	340
QOE77915.1	tr|A0A2G9GCC6|A0A2G9GCC6_9LAMI	38.085	470	280	6	206769	207230	32	498	1.57e-101	339
QOE77915.1	tr|A0A0A1E1Y9|A0A0A1E1Y9_9SOLA	38.901	473	278	7	206764	207230	29	496	2.91e-101	338
QOE77915.1	tr|A0A151RSE4|A0A151RSE4_CAJCA	39.911	451	261	6	206786	207230	1	447	3.09e-101	336
QOE77915.1	tr|A0A151TRR2|A0A151TRR2_CAJCA	38.495	465	270	7	206779	207231	30	490	7.43e-101	337
QOE77915.1	tr|A0A2G9GCD1|A0A2G9GCD1_9LAMI	38.298	470	279	6	206769	207230	32	498	7.76e-101	337
QOE77915.1	tr|A0A0A1E4E0|A0A0A1E4E0_9SOLA	38.936	470	276	7	206767	207230	32	496	7.90e-101	337
QOE77915.1	tr|A0A0A1DZ21|A0A0A1DZ21_9SOLA	38.936	470	276	7	206767	207230	32	496	8.21e-101	337
QOE77915.1	tr|A0A2G9IBB7|A0A2G9IBB7_9LAMI	38.382	482	278	9	206767	207238	34	506	8.38e-101	337
QOE77915.1	tr|A0A060L8Y9|A0A060L8Y9_ANTAD	39.241	474	265	8	206770	207231	35	497	1.60e-100	336
QOE77915.1	tr|A0A2I0B5P5|A0A2I0B5P5_9ASPA	38.750	480	273	10	206770	207232	34	509	2.61e-100	336
QOE77915.1	tr|A0A2G9GCT6|A0A2G9GCT6_9LAMI	39.203	477	276	6	206765	207231	28	500	2.98e-100	335
QOE77915.1	tr|D5M8Q4|D5M8Q4_9MAGN	37.298	496	298	5	206744	207230	5	496	4.22e-100	335
QOE77915.1	tr|A0A0A1E1K2|A0A0A1E1K2_9SOLA	38.627	466	270	6	206779	207231	42	504	8.69e-100	334
QOE77915.1	tr|A0A0B2QDG0|A0A0B2QDG0_GLYSO	38.462	468	266	8	206779	207231	40	500	9.43e-100	334
QOE77915.1	tr|A0A0A1E1Y4|A0A0A1E1Y4_9SOLA	38.627	466	270	6	206779	207231	42	504	1.14e-99	333
QOE77915.1	tr|A0A0A1DZD6|A0A0A1DZD6_9SOLA	38.710	465	270	6	206779	207231	42	503	5.73e-99	332
QOE77915.1	tr|A0A2G9I2Z1|A0A2G9I2Z1_9LAMI	38.312	462	263	9	206781	207230	49	500	1.26e-98	330
QOE77915.1	tr|F4YYF2|F4YYF2_CYNCS	39.293	481	268	9	206767	207231	28	500	1.39e-98	330
QOE77915.1	tr|A0A2G9H402|A0A2G9H402_9LAMI	36.735	490	295	6	206752	207231	8	492	1.41e-98	330
QOE77915.1	tr|A0A2G9HYB0|A0A2G9HYB0_9LAMI	38.095	462	264	9	206781	207230	49	500	1.47e-98	330
QOE77915.1	tr|A0A2G9H6R5|A0A2G9H6R5_9LAMI	35.714	504	305	8	206742	207232	6	503	1.89e-98	330
QOE77915.1	tr|T1NXM3|T1NXM3_FRAAN	39.615	467	260	10	206779	207231	40	498	2.29e-98	330
QOE77915.1	tr|T1NXM4|T1NXM4_FRAAN	39.615	467	260	10	206779	207231	40	498	2.42e-98	330
QOE77915.1	tr|Q2XP00|Q2XP00_ANTMA	38.961	462	269	6	206779	207231	52	509	2.52e-98	330
QOE77915.1	tr|A0A2G9IBB5|A0A2G9IBB5_9LAMI	37.172	495	298	9	206743	207230	10	498	5.43e-98	328
QOE77915.1	tr|T1NXM2|T1NXM2_9ROSA	39.615	467	260	10	206779	207231	40	498	6.57e-98	328
QOE77915.1	tr|T1NXM1|T1NXM1_FRAVE	39.615	467	260	10	206779	207231	40	498	8.03e-98	328
QOE77915.1	tr|A0A2N9QL60|A0A2N9QL60_9MAGN	35.400	500	311	7	206739	207230	2	497	1.81e-97	327
QOE77915.1	tr|T1NXM6|T1NXM6_FRAVR	39.186	467	262	10	206779	207231	40	498	1.83e-97	327
QOE77915.1	tr|A0A0B2QXH2|A0A0B2QXH2_GLYSO	37.425	497	292	9	206747	207232	5	493	1.93e-97	327
QOE77915.1	tr|Q5C9L5|Q5C9L5_THLFG	41.026	468	258	7	206767	207230	27	480	2.95e-97	326
QOE77915.1	tr|T1NXM5|T1NXM5_FRAVE	39.186	467	262	10	206779	207231	40	498	3.22e-97	327
QOE77915.1	tr|R9WPB6|R9WPB6_9ROSI	38.134	493	295	6	206750	207237	16	503	3.88e-97	326
QOE77915.1	tr|B9RAS2|B9RAS2_RICCO	37.052	502	292	8	206745	207230	9	502	4.36e-97	326
QOE77915.1	tr|B9SB66|B9SB66_RICCO	36.897	477	281	7	206768	207231	31	500	5.60e-97	326
QOE77915.1	tr|B9SB69|B9SB69_RICCO	36.897	477	281	7	206768	207231	31	500	8.86e-97	325
QOE77915.1	tr|A0A151SPD8|A0A151SPD8_CAJCA	39.957	463	249	10	206786	207231	1	451	1.01e-96	323
QOE77915.1	tr|B9RE29|B9RE29_RICCO	35.200	500	301	7	206746	207231	5	495	1.56e-96	324
QOE77915.1	tr|A0A0B2RJK7|A0A0B2RJK7_GLYSO	35.815	497	301	5	206748	207231	12	503	2.94e-96	323
QOE77915.1	tr|A0A2H9ZS65|A0A2H9ZS65_9ASPA	39.112	473	270	7	206764	207227	37	500	8.14e-96	322
QOE77915.1	tr|B9S5P8|B9S5P8_RICCO	36.596	470	284	7	206771	207230	34	499	8.94e-96	322
QOE77915.1	tr|A0A151SNY4|A0A151SNY4_CAJCA	40.909	418	224	7	206822	207231	1	403	2.73e-95	317
QOE77915.1	tr|A0A2I0A2H7|A0A2I0A2H7_9ASPA	35.867	513	303	8	206744	207232	1	511	1.55e-94	319
QOE77915.1	tr|A0A2I0AA38|A0A2I0AA38_9ASPA	37.795	508	281	14	206740	207228	4	495	2.66e-93	315
QOE77915.1	tr|B9RLP6|B9RLP6_RICCO	37.111	450	268	6	206794	207231	1	447	2.73e-93	313
QOE77915.1	tr|B9SVN7|B9SVN7_RICCO	37.214	481	280	8	206766	207232	31	503	1.18e-92	313
QOE77915.1	tr|B9R855|B9R855_RICCO	36.709	474	286	8	206766	207230	23	491	1.65e-92	312
QOE77915.1	tr|B9RM58|B9RM58_RICCO	35.446	505	301	10	206743	207231	20	515	1.86e-92	313
QOE77915.1	tr|A0A151SPJ6|A0A151SPJ6_CAJCA	38.065	465	273	6	206779	207231	39	500	1.98e-92	313
QOE77915.1	tr|A0A2I0AUK1|A0A2I0AUK1_9ASPA	37.795	508	294	10	206753	207239	14	520	2.02e-92	313
QOE77915.1	tr|W5XJS5|W5XJS5_9BRYO	36.364	495	290	7	206757	207233	23	510	2.32e-91	310
QOE77915.1	tr|B9RQJ9|B9RQJ9_RICCO	34.232	482	297	6	206767	207230	32	511	3.40e-91	309
QOE77915.1	tr|A0A2G9HN69|A0A2G9HN69_9LAMI	36.747	498	296	9	206743	207230	10	498	3.94e-91	309
QOE77915.1	tr|A0A2I0AWD6|A0A2I0AWD6_9ASPA	39.258	512	287	10	206746	207239	2	507	4.33e-91	308
QOE77915.1	tr|B9RRA1|B9RRA1_RICCO	34.949	495	302	8	206750	207230	23	511	5.13e-91	309
QOE77915.1	tr|A0A2G9FYA3|A0A2G9FYA3_9LAMI	35.758	495	297	8	206747	207231	6	489	1.32e-90	306
QOE77915.1	tr|B9R857|B9R857_RICCO	34.490	490	308	8	206746	207227	5	489	3.30e-90	305
QOE77915.1	tr|A0A0B2PCC7|A0A0B2PCC7_GLYSO	34.247	511	315	7	206748	207239	10	518	5.49e-90	306
QOE77915.1	tr|B9RLJ1|B9RLJ1_RICCO	36.518	471	278	6	206777	207236	50	510	7.16e-90	305
QOE77915.1	tr|B9RBW8|B9RBW8_RICCO	49.007	302	145	3	206744	207040	1	298	2.05e-89	298
QOE77915.1	tr|A0A0B2QXI7|A0A0B2QXI7_GLYSO	37.642	441	258	7	206805	207232	1	437	2.44e-89	301
QOE77915.1	tr|A0A2G9HZZ9|A0A2G9HZZ9_9LAMI	36.255	502	309	7	206743	207238	10	506	4.53e-89	303
QOE77915.1	tr|B9SBG5|B9SBG5_RICCO	35.236	508	307	11	206741	207230	1	504	1.77e-88	301
QOE77915.1	tr|A0A251SU99|A0A251SU99_HELAN	35.223	494	298	9	206744	207231	9	486	2.48e-88	300
QOE77915.1	tr|B9RHW8|B9RHW8_RICCO	33.399	509	316	8	206741	207235	21	520	3.14e-88	301
QOE77915.1	tr|A0A2P6Q0Q9|A0A2P6Q0Q9_ROSCH	34.578	509	305	12	206739	207230	3	500	3.38e-88	300
QOE77915.1	tr|A0A2G9HNG5|A0A2G9HNG5_9LAMI	34.949	495	301	8	206747	207231	6	489	3.52e-88	300
QOE77915.1	tr|A0A151TAP4|A0A151TAP4_CAJCA	33.617	470	302	4	206769	207231	27	493	8.88e-88	299
QOE77915.1	tr|A0A2I0B3R3|A0A2I0B3R3_9ASPA	38.737	475	258	10	206771	207233	33	486	1.58e-87	298
QOE77915.1	tr|B9RHW4|B9RHW4_RICCO	34.483	493	305	9	206747	207232	14	495	1.71e-87	298
QOE77915.1	tr|B9RM57|B9RM57_RICCO	34.600	500	304	10	206745	207231	10	499	1.78e-87	298
QOE77915.1	tr|B9RAR9|B9RAR9_RICCO	36.481	466	277	10	206781	207238	54	508	2.38e-87	298
QOE77915.1	tr|J7FYJ5|J7FYJ5_COFAR	34.252	508	319	7	206744	207241	1	503	2.40e-87	298
QOE77915.1	tr|B9RHI5|B9RHI5_RICCO	31.862	521	316	7	206742	207233	26	536	5.02e-87	298
QOE77915.1	tr|A0A0B2RI76|A0A0B2RI76_GLYSO	34.211	456	286	4	206785	207231	1	451	8.25e-87	294
QOE77915.1	tr|W5XJ66|W5XJ66_9BRYO	31.717	495	317	8	206754	207229	59	551	8.57e-87	298
QOE77915.1	tr|A0A0B2PSW0|A0A0B2PSW0_GLYSO	32.193	497	322	6	206744	207230	1	492	1.55e-86	295
QOE77915.1	tr|J7FTV2|J7FTV2_COFAR	32.848	481	312	5	206769	207241	26	503	1.66e-86	295
QOE77915.1	tr|B9SB73|B9SB73_RICCO	34.529	446	277	6	206767	207202	30	470	2.00e-86	295
QOE77915.1	sp|E1B2Z9|C7AV8_CICIN	34.560	489	303	8	206747	207231	11	486	2.93e-86	294
QOE77915.1	tr|B9SJN4|B9SJN4_RICCO	33.262	469	303	4	206769	207230	29	494	4.39e-86	294
QOE77915.1	tr|B9SG22|B9SG22_RICCO	37.500	472	272	10	206769	207230	30	488	4.65e-86	294
QOE77915.1	tr|B9RBQ9|B9RBQ9_RICCO	36.403	467	276	8	206779	207230	59	519	5.72e-86	295
QOE77915.1	tr|W5XRP2|W5XRP2_9BRYO	34.739	498	310	6	206745	207231	47	540	1.92e-85	294
QOE77915.1	tr|B9RHX0|B9RHX0_RICCO	33.996	503	306	9	206741	207232	6	493	2.29e-85	291
QOE77915.1	tr|A0A3G1WR69|A0A3G1WR69_9LAMI	32.932	498	322	5	206741	207231	1	493	2.57e-85	292
QOE77915.1	tr|B9S9Q2|B9S9Q2_RICCO	36.508	504	300	8	206740	207232	2	496	3.11e-85	291
QOE77915.1	tr|A0A0B2PHR0|A0A0B2PHR0_GLYSO	31.992	497	323	6	206744	207230	1	492	4.19e-85	291
QOE77915.1	tr|B9R9P5|B9R9P5_RICCO	35.076	459	273	7	206780	207233	44	482	8.16e-85	290
QOE77915.1	tr|A0A2G9GE24|A0A2G9GE24_9LAMI	34.183	471	298	6	206769	207230	33	500	2.36e-84	289
QOE77915.1	tr|B9R737|B9R737_RICCO	38.085	470	271	11	206768	207227	24	483	2.81e-84	288
QOE77915.1	tr|W5XJS0|W5XJS0_9BRYO	34.809	497	310	8	206742	207227	23	516	3.03e-84	290
QOE77915.1	tr|A0A2G9GE28|A0A2G9GE28_9LAMI	33.066	499	307	10	206741	207230	1	481	4.98e-84	288
QOE77915.1	tr|A0A251SA57|A0A251SA57_HELAN	34.082	490	312	6	206743	207230	5	485	5.38e-84	287
QOE77915.1	tr|A0A2I0AJF6|A0A2I0AJF6_9ASPA	34.623	517	308	10	206734	207233	6	509	9.51e-84	288
QOE77915.1	tr|A0A2H9ZSL1|A0A2H9ZSL1_9ASPA	35.404	483	290	9	206773	207241	34	508	9.54e-84	287
QOE77915.1	tr|B9RMP3|B9RMP3_RICCO	34.195	503	310	8	206747	207233	12	509	1.59e-83	287
QOE77915.1	tr|B9RAS4|B9RAS4_RICCO	31.055	512	330	8	206743	207235	19	526	1.83e-83	287
QOE77915.1	tr|B9T2D1|B9T2D1_RICCO	33.000	500	302	8	206742	207231	7	483	2.89e-83	285
QOE77915.1	tr|B9SB72|B9SB72_RICCO	33.615	473	280	6	206767	207233	29	473	4.23e-83	284
QOE77915.1	tr|W5XRQ0|W5XRQ0_9BRYO	34.719	481	286	8	206768	207230	85	555	5.84e-83	287
QOE77915.1	tr|A0A2G9GE26|A0A2G9GE26_9LAMI	33.202	506	305	10	206741	207227	1	492	7.30e-83	285
QOE77915.1	tr|B9SA84|B9SA84_RICCO	36.952	479	274	11	206768	207231	48	513	1.16e-82	285
QOE77915.1	tr|A0A346TLE7|A0A346TLE7_NARPA	31.151	504	330	5	206736	207232	1	494	1.91e-82	283
QOE77915.1	tr|A0A2G9GEC1|A0A2G9GEC1_9LAMI	33.333	513	305	12	206741	207230	1	499	1.95e-82	283
QOE77915.1	tr|A0A2I0AA26|A0A2I0AA26_9ASPA	33.820	479	287	10	206767	207230	33	496	2.66e-82	283
QOE77915.1	tr|A0A2G9IBI0|A0A2G9IBI0_9LAMI	35.516	504	287	9	206743	207238	10	483	2.76e-82	282
QOE77915.1	tr|B9SBU8|B9SBU8_RICCO	33.134	501	315	7	206744	207233	8	499	2.94e-82	283
QOE77915.1	tr|B9R743|B9R743_RICCO	34.280	493	275	11	206761	207227	19	488	5.08e-82	282
QOE77915.1	tr|B9R738|B9R738_RICCO	35.021	474	292	8	206767	207229	26	494	5.22e-82	282
QOE77915.1	tr|B9RHW2|B9RHW2_RICCO	33.811	488	291	11	206764	207235	29	500	6.20e-82	282
QOE77915.1	tr|B9T233|B9T233_RICCO	33.065	496	319	7	206743	207234	8	494	6.46e-82	281
QOE77915.1	sp|A0A2H5AIX6|C3H_NARPS	30.934	514	337	6	206736	207241	1	504	2.04e-81	280
QOE77915.1	tr|B9SBV3|B9SBV3_RICCO	34.490	461	285	6	206781	207230	48	502	3.68e-81	280
QOE77915.1	tr|A0A2P6RNU2|A0A2P6RNU2_ROSCH	34.737	475	280	9	206768	207230	48	504	8.68e-81	279
QOE77915.1	tr|A0A6B9FBP9|A0A6B9FBP9_9ROSI	32.265	499	323	7	206738	207229	9	499	1.20e-80	278
QOE77915.1	tr|B9RHX9|B9RHX9_RICCO	46.441	295	150	3	206937	207231	136	422	1.64e-80	275
QOE77915.1	tr|W5XJ46|W5XJ46_9BRYO	36.203	453	270	7	206790	207230	81	526	1.65e-80	279
QOE77915.1	tr|D8SCG3|D8SCG3_SELML	31.866	477	316	5	206770	207240	51	524	3.40e-80	278
QOE77915.1	tr|A0A151SWS0|A0A151SWS0_CAJCA	32.319	526	323	12	206743	207244	6	522	6.21e-80	277
QOE77915.1	tr|G7K579|G7K579_MEDTR	33.800	500	301	9	206743	207230	5	486	8.12e-80	275
QOE77915.1	tr|A0A0B2QWB5|A0A0B2QWB5_GLYSO	42.169	332	185	4	206904	207230	15	344	1.12e-79	270
QOE77915.1	tr|B9RCY8|B9RCY8_RICCO	33.557	447	242	5	206769	207214	27	419	2.22e-79	272
QOE77915.1	tr|W5S082|W5S082_ASTMO	33.598	503	304	10	206741	207230	1	486	3.09e-79	274
QOE77915.1	tr|A0A2P6RW79|A0A2P6RW79_ROSCH	34.585	506	306	10	206740	207230	10	505	3.10e-79	275
QOE77915.1	tr|A0A072UNJ5|A0A072UNJ5_MEDTR	33.553	456	293	6	206780	207230	45	495	4.16e-79	274
QOE77915.1	tr|A0A2P6Q0Q0|A0A2P6Q0Q0_ROSCH	33.983	462	285	10	206781	207230	47	500	4.28e-79	274
QOE77915.1	tr|B9SYN4|B9SYN4_RICCO	33.333	507	282	10	206756	207234	16	494	4.42e-79	274
QOE77915.1	tr|W5XJ71|W5XJ71_9BRYO	33.462	517	301	12	206741	207230	1	501	4.86e-79	274
QOE77915.1	tr|B9R747|B9R747_RICCO	32.596	497	306	11	206750	207230	8	491	5.36e-79	273
QOE77915.1	tr|A0A2G9G8E9|A0A2G9G8E9_9LAMI	34.719	481	290	12	206768	207233	27	498	8.63e-79	273
QOE77915.1	tr|A0A0B2SLU3|A0A0B2SLU3_GLYSO	32.696	523	322	12	206743	207240	6	523	8.63e-79	273
QOE77915.1	tr|B9SVN9|B9SVN9_RICCO	36.238	505	292	11	206747	207232	8	501	1.08e-78	272
QOE77915.1	tr|B9RAR8|B9RAR8_RICCO	33.643	538	314	11	206716	207238	1	510	1.15e-78	273
QOE77915.1	tr|B9T235|B9T235_RICCO	33.267	502	314	9	206741	207232	6	496	1.45e-78	272
QOE77915.1	sp|Q6WNQ8|C81E8_MEDTR	33.400	500	303	9	206743	207230	5	486	3.14e-78	271
QOE77915.1	tr|A0A088FG01|A0A088FG01_FAGTA	34.055	508	301	12	206741	207229	1	493	3.50e-78	271
QOE77915.1	tr|B9RHX6|B9RHX6_RICCO	35.225	423	255	8	206819	207231	50	463	3.67e-78	270
QOE77915.1	tr|B9S9U3|B9S9U3_RICCO	34.809	497	306	9	206747	207234	14	501	5.38e-78	270
QOE77915.1	tr|W5XRP8|W5XRP8_9BRYO	33.888	481	290	11	206768	207227	38	511	7.02e-78	271
QOE77915.1	tr|G7JRC7|G7JRC7_MEDTR	37.155	471	265	13	206768	207230	28	475	9.30e-78	269
QOE77915.1	tr|I6XNK2|I6XNK2_TRIRP	31.369	526	316	13	206743	207235	2	515	1.99e-77	270
QOE77915.1	tr|A0A1D8RCH1|A0A1D8RCH1_9BRAS	33.333	501	303	11	206746	207230	1	486	2.42e-77	268
QOE77915.1	tr|W5XK05|W5XK05_9BRYO	36.196	489	283	12	206757	207233	25	496	2.71e-77	268
QOE77915.1	tr|A0A2P6QLQ8|A0A2P6QLQ8_ROSCH	33.898	472	292	9	206769	207230	30	491	2.73e-77	268
QOE77915.1	tr|A0A2I0B5A6|A0A2I0B5A6_9ASPA	31.641	512	317	13	206744	207232	11	512	3.71e-77	268
QOE77915.1	tr|A0A2I0AIY3|A0A2I0AIY3_9ASPA	36.456	491	267	9	206769	207227	39	516	3.76e-77	269
QOE77915.1	tr|F8RYF7|F8RYF7_ASTMO	32.510	526	305	15	206744	207235	7	516	4.99e-77	268
QOE77915.1	tr|A0A396IJ45|A0A396IJ45_MEDTR	33.861	505	301	11	206741	207230	1	487	6.73e-77	267
QOE77915.1	tr|A0A396HQ19|A0A396HQ19_MEDTR	32.939	507	325	6	206724	207229	10	502	1.40e-76	267
QOE77915.1	tr|G8A1W0|G8A1W0_MEDTR	36.111	468	274	11	206768	207230	31	478	1.79e-76	266
QOE77915.1	tr|A0A2I0APA9|A0A2I0APA9_9ASPA	32.325	529	333	8	206720	207227	48	572	2.05e-76	268
QOE77915.1	tr|B9RHX3|B9RHX3_RICCO	34.183	471	292	9	206770	207232	68	528	3.18e-76	266
QOE77915.1	tr|B9T234|B9T234_RICCO	31.526	498	328	7	206741	207234	6	494	3.28e-76	265
QOE77915.1	tr|B9RAS3|B9RAS3_RICCO	33.623	461	297	5	206779	207230	55	515	4.40e-76	265
QOE77915.1	tr|A0A2P6RS14|A0A2P6RS14_ROSCH	33.122	474	293	11	206769	207230	30	491	1.18e-75	263
QOE77915.1	tr|A0A159AKG3|A0A159AKG3_THYVU	33.532	504	302	12	206744	207232	8	493	1.72e-75	263
QOE77915.1	tr|B9RHW6|B9RHW6_RICCO	33.473	478	298	10	206764	207232	64	530	4.22e-75	263
QOE77915.1	tr|A0A151SNP7|A0A151SNP7_CAJCA	36.322	435	214	8	206805	207231	1	380	4.28e-75	258
QOE77915.1	tr|W5XJ62|W5XJ62_9BRYO	35.125	521	309	14	206732	207227	4	520	9.56e-75	262
QOE77915.1	tr|B9T2D3|B9T2D3_RICCO	33.728	507	304	11	206743	207232	16	507	1.05e-74	261
QOE77915.1	tr|A0A159AKL8|A0A159AKL8_THYVU	34.244	476	284	10	206768	207231	34	492	2.31e-74	259
QOE77915.1	tr|A0A2P6RNT8|A0A2P6RNT8_ROSCH	34.888	493	306	9	206745	207230	9	493	4.21e-74	259
QOE77915.1	tr|A0A0B2PQJ7|A0A0B2PQJ7_GLYSO	33.411	428	266	7	206822	207236	1	422	1.17e-73	255
QOE77915.1	tr|A0A0B2QKN3|A0A0B2QKN3_GLYSO	49.533	214	108	0	207023	207236	14	227	3.15e-73	246
QOE77915.1	tr|V5QPP4|V5QPP4_ANTAD	41.197	284	153	3	206956	207231	1	278	9.68e-73	247
QOE77915.1	tr|A0A072V074|A0A072V074_MEDTR	32.800	500	310	9	206743	207230	5	490	1.03e-72	255
QOE77915.1	tr|A0A3Q7K757|A0A3Q7K757_CICAR	31.609	522	310	13	206744	207233	7	513	1.17e-72	256
QOE77915.1	tr|W5XJR7|W5XJR7_9BRYO	33.333	501	303	13	206747	207227	24	513	1.20e-72	256
QOE77915.1	tr|A0A2G9H6Q9|A0A2G9H6Q9_9LAMI	32.688	465	293	7	206781	207232	48	505	1.85e-72	254
QOE77915.1	tr|A0A2I0B5B1|A0A2I0B5B1_9ASPA	32.064	499	298	16	206752	207223	18	502	1.88e-72	255
QOE77915.1	tr|K9JZ57|K9JZ57_ONOVI	30.303	528	319	13	206743	207233	2	517	1.97e-72	255
QOE77915.1	tr|B9R991|B9R991_RICCO	31.641	512	324	6	206743	207240	10	509	3.99e-72	254
QOE77915.1	tr|B9T0U6|B9T0U6_RICCO	34.056	461	290	9	206779	207230	57	512	3.37e-71	251
QOE77915.1	tr|B9SG23|B9SG23_RICCO	33.763	465	252	9	206768	207230	27	437	4.34e-71	248
QOE77915.1	tr|A0A2P6RS06|A0A2P6RS06_ROSCH	32.613	463	289	10	206779	207230	41	491	5.40e-71	250
QOE77915.1	tr|A0A1D8AHA2|A0A1D8AHA2_9POAL	33.779	524	316	7	206733	207231	1	518	6.60e-71	251
QOE77915.1	tr|A0A2I0B5C0|A0A2I0B5C0_9ASPA	33.208	533	294	17	206741	207227	1	517	1.15e-70	250
QOE77915.1	tr|B9T2D2|B9T2D2_RICCO	31.303	476	307	7	206771	207233	43	511	1.91e-69	246
QOE77915.1	tr|A0A2P6Q0R5|A0A2P6Q0R5_ROSCH	34.341	463	282	10	206779	207229	39	491	7.48e-69	244
QOE77915.1	tr|A0A2P6RS39|A0A2P6RS39_ROSCH	32.251	462	292	10	206779	207230	41	491	1.44e-68	243
QOE77915.1	tr|A0A0B4KIC0|A0A0B4KIC0_PRUPE	43.210	243	131	2	206996	207231	8	250	7.44e-68	232
QOE77915.1	tr|B9SJN3|B9SJN3_RICCO	33.938	386	245	4	206852	207230	7	389	2.20e-67	236
QOE77915.1	tr|A0A0B4KI85|A0A0B4KI85_PRUAR	42.857	252	135	3	206987	207231	1	250	3.84e-67	230
QOE77915.1	tr|A0A1D8RCG3|A0A1D8RCG3_CHOTE	32.112	464	297	7	206772	207230	29	479	5.06e-67	238
QOE77915.1	tr|A0A2G9HGN9|A0A2G9HGN9_9LAMI	30.364	494	279	11	206760	207237	2	446	1.06e-66	236
QOE77915.1	tr|A0A0B2RJS9|A0A0B2RJS9_GLYSO	33.582	402	243	7	206842	207233	4	391	1.33e-66	234
QOE77915.1	tr|B9SYM5|B9SYM5_RICCO	33.612	479	287	14	206770	207227	42	510	2.88e-66	237
QOE77915.1	tr|B9S8Q1|B9S8Q1_RICCO	32.943	513	311	13	206741	207227	1	506	7.34e-66	236
QOE77915.1	tr|B9R746|B9R746_RICCO	31.762	488	296	10	206763	207230	30	500	1.29e-65	234
QOE77915.1	tr|B9R7L9|B9R7L9_RICCO	32.432	481	285	14	206768	207219	29	498	2.78e-65	234
QOE77915.1	tr|H7BRP2|H7BRP2_ASTME	34.413	494	295	10	206752	207230	14	493	3.63e-65	233
QOE77915.1	tr|B9SVN8|B9SVN8_RICCO	33.012	518	296	13	206746	207232	10	507	5.24e-65	233
QOE77915.1	tr|A0A2G9G1M9|A0A2G9G1M9_9LAMI	33.049	469	285	13	206781	207238	43	493	7.28e-65	232
QOE77915.1	tr|A0A2G9HNW3|A0A2G9HNW3_9LAMI	31.713	432	282	7	206805	207230	1	425	9.54e-65	229
QOE77915.1	tr|A0A2P6RNU0|A0A2P6RNU0_ROSCH	32.712	483	275	11	206779	207230	41	504	1.23e-64	232
QOE77915.1	tr|A0A2I0B5A7|A0A2I0B5A7_9ASPA	30.625	480	300	12	206772	207228	38	507	1.41e-64	232
QOE77915.1	tr|A0A0C4Y217|A0A0C4Y217_PAESU	47.739	199	100	1	207027	207221	54	252	2.23e-64	221
QOE77915.1	tr|B9R7L5|B9R7L5_RICCO	31.434	509	322	12	206745	207230	7	511	2.57e-64	231
QOE77915.1	tr|B9R7M0|B9R7M0_RICCO	31.827	509	313	15	206745	207227	14	514	3.52e-64	231
QOE77915.1	tr|B9R7K5|B9R7K5_RICCO	31.164	507	324	11	206744	207230	10	511	5.09e-64	230
QOE77915.1	tr|A0A2G9GHG6|A0A2G9GHG6_9LAMI	31.111	495	292	13	206748	207229	15	473	2.34e-63	227
QOE77915.1	tr|B9TA51|B9TA51_RICCO	43.860	228	126	1	207002	207227	32	259	5.72e-63	218
QOE77915.1	tr|A0A218NGS0|A0A218NGS0_RAUSE	31.612	484	268	11	206764	207230	31	468	9.31e-63	225
QOE77915.1	tr|B9SYM4|B9SYM4_RICCO	30.636	519	322	13	206741	207230	1	510	1.48e-62	226
QOE77915.1	tr|W5XK09|W5XK09_9BRYO	30.061	489	292	11	206768	207227	42	509	2.18e-62	226
QOE77915.1	tr|A0A2R2ZJB8|A0A2R2ZJB8_FAGTA	30.223	493	322	11	206741	207218	1	486	5.69e-62	224
QOE77915.1	tr|B2LSE0|B2LSE0_TRIPR	30.041	486	316	10	206748	207218	3	479	7.95e-62	223
QOE77915.1	tr|B9SMA4|B9SMA4_RICCO	32.278	474	298	14	206772	207232	69	532	8.80e-62	224
QOE77915.1	tr|A0A1Z2R7I0|A0A1Z2R7I0_9MARC	30.886	463	298	9	206769	207218	44	497	1.10e-61	223
QOE77915.1	tr|B9R7L8|B9R7L8_RICCO	30.502	518	315	13	206745	207230	7	511	1.91e-61	223
QOE77915.1	tr|W5XJ38|W5XJ38_9BRYO	32.222	450	288	10	206791	207227	58	503	2.54e-61	222
QOE77915.1	tr|C0LUU6|C0LUU6_SOYBN	30.040	496	320	11	206741	207218	1	487	4.25e-61	221
QOE77915.1	tr|A0A1Z2R7H5|A0A1Z2R7H5_9MARC	30.704	469	303	9	206763	207218	35	494	4.85e-61	221
QOE77915.1	tr|C5IWL6|C5IWL6_SOYBN	30.040	496	320	11	206741	207218	1	487	5.23e-61	221
QOE77915.1	tr|B9RYU2|B9RYU2_RICCO	30.490	469	299	11	206772	207227	67	521	8.42e-61	221
QOE77915.1	tr|B9T1Z9|B9T1Z9_RICCO	31.847	471	299	14	206772	207232	72	530	2.11e-60	220
QOE77915.1	tr|A0A0B2RFD5|A0A0B2RFD5_GLYSO	40.418	287	153	6	206959	207231	1	283	2.26e-60	224
QOE77915.1	tr|A0A1Z2R7G9|A0A1Z2R7G9_MARPA	29.341	501	331	9	206733	207218	5	497	3.49e-60	219
QOE77915.1	tr|A0A1Z2R7H4|A0A1Z2R7H4_CONJP	29.474	475	313	8	206757	207218	32	497	3.99e-60	219
QOE77915.1	tr|A0A1Z2R7G8|A0A1Z2R7G8_9MARC	29.913	458	303	8	206771	207218	68	517	4.25e-60	219
QOE77915.1	tr|B9R7K8|B9R7K8_RICCO	31.944	504	296	16	206744	207230	11	484	4.97e-60	218
QOE77915.1	tr|B9RMF1|B9RMF1_RICCO	31.557	469	294	12	206773	207230	65	517	8.95e-60	218
QOE77915.1	tr|B9T4M2|B9T4M2_RICCO	31.078	473	293	11	206779	207233	54	511	9.43e-60	218
QOE77915.1	tr|A0A1Z2R7H6|A0A1Z2R7H6_9MARC	29.200	500	329	10	206734	207218	20	509	1.10e-59	218
QOE77915.1	tr|A0A2G9GEA4|A0A2G9GEA4_9LAMI	29.915	468	278	9	206773	207230	161	588	1.14e-59	220
QOE77915.1	tr|B9RLL3|B9RLL3_RICCO	31.102	463	290	11	206783	207228	3	453	1.48e-59	215
QOE77915.1	tr|A0A0B2PPF9|A0A0B2PPF9_GLYSO	36.890	328	186	10	206919	207232	24	344	1.90e-59	211
QOE77915.1	tr|A0A2G9HTG5|A0A2G9HTG5_9LAMI	30.081	492	324	11	206741	207218	1	486	2.36e-59	216
QOE77915.1	tr|A0A1Z2R7G7|A0A1Z2R7G7_MARPA	29.630	486	317	10	206747	207218	7	481	3.70e-59	215
QOE77915.1	tr|B2LSE1|B2LSE1_TRIPR	30.172	464	300	10	206770	207218	33	487	4.61e-59	215
QOE77915.1	tr|A0A0U1XP01|A0A0U1XP01_LACSA	30.642	483	317	11	206748	207218	10	486	4.85e-59	215
QOE77915.1	tr|B2LSD9|B2LSD9_TRIPR	30.172	464	300	10	206770	207218	33	487	5.36e-59	215
QOE77915.1	tr|W5XMH0|W5XMH0_9MONI	29.400	483	317	10	206730	207199	3	474	6.36e-59	215
QOE77915.1	tr|B9R7L2|B9R7L2_RICCO	30.435	529	327	14	206733	207230	1	519	7.10e-59	216
QOE77915.1	tr|B9R7L3|B9R7L3_RICCO	29.868	529	326	14	206733	207230	1	515	1.39e-58	214
QOE77915.1	tr|B9T9S7|B9T9S7_RICCO	29.839	496	320	11	206736	207218	37	517	1.82e-58	214
QOE77915.1	tr|G0KVB3|G0KVB3_9ASTR	30.655	473	310	11	206741	207199	1	469	1.88e-58	213
QOE77915.1	tr|X2D8D0|X2D8D0_IPOPU	30.579	484	308	12	206752	207218	14	486	2.36e-58	213
QOE77915.1	tr|A0A2R2ZJB6|A0A2R2ZJB6_FAGTA	28.776	490	320	10	206741	207218	1	473	2.81e-58	213
QOE77915.1	tr|Q4JLA2|Q4JLA2_MALDO	31.809	481	306	12	206752	207218	14	486	4.50e-58	212
QOE77915.1	tr|E2F4D8|E2F4D8_SCUBA	30.146	481	316	11	206752	207218	14	488	6.24e-58	212
QOE77915.1	tr|F8QM88|F8QM88_PHYPA	29.644	506	325	13	206747	207234	25	517	7.25e-58	212
QOE77915.1	tr|A0A0U1XSM6|A0A0U1XSM6_BARSP	31.087	460	298	10	206754	207199	15	469	1.64e-57	211
QOE77915.1	tr|Q2LAD8|Q2LAD8_SOLTU	30.303	495	319	12	206741	207218	1	486	2.17e-57	210
QOE77915.1	tr|A0A2G9FZ27|A0A2G9FZ27_9LAMI	29.583	480	303	12	206772	207231	60	524	2.27e-57	211
QOE77915.1	tr|Q2MJ09|Q2MJ09_MEDTR	28.778	483	320	10	206751	207218	14	487	2.47e-57	210
QOE77915.1	tr|A0A1B1SPI1|A0A1B1SPI1_LEPAP	30.020	493	323	13	206741	207218	1	486	5.14e-57	209
QOE77915.1	tr|B9RBR1|B9RBR1_RICCO	39.095	243	135	4	206995	207231	1	236	6.12e-57	200
QOE77915.1	tr|A8CF55|A8CF55_BRACM	29.472	492	327	13	206741	207218	1	486	6.76e-57	209
QOE77915.1	tr|B9SY53|B9SY53_RICCO	46.581	234	122	2	207002	207232	201	434	1.41e-56	206
QOE77915.1	tr|L7T707|L7T707_SINHE	30.661	499	311	15	206741	207218	1	485	1.81e-56	207
QOE77915.1	tr|A0A2I0ASX4|A0A2I0ASX4_9ASPA	29.607	483	322	11	206748	207218	10	486	3.24e-56	207
QOE77915.1	tr|Q9AXP9|Q9AXP9_9ROSI	30.063	479	317	12	206752	207218	14	486	3.53e-56	207
QOE77915.1	tr|D0UGE7|D0UGE7_9FABA	30.603	464	298	11	206770	207218	33	487	5.08e-56	206
QOE77915.1	tr|A0A1Z2R7G6|A0A1Z2R7G6_CONJP	30.687	466	289	12	206771	207218	59	508	6.91e-56	206
QOE77915.1	tr|A0A1B1IHZ1|A0A1B1IHZ1_CAMAC	29.960	504	328	12	206748	207234	10	505	9.89e-56	206
QOE77915.1	tr|F2VR43|F2VR43_PRUAV	31.393	481	308	12	206752	207218	14	486	1.15e-55	205
QOE77915.1	tr|A0A2G3CRT4|A0A2G3CRT4_CAPCH	93.805	113	7	0	39706	39818	490	602	1.33e-55	208
QOE77915.1	tr|Q9ZSR0|Q9ZSR0_MESCR	28.599	521	325	13	206728	207218	23	526	1.37e-55	206
QOE77915.1	tr|A0A2G9G9Y9|A0A2G9G9Y9_9LAMI	29.958	474	308	12	206760	207218	51	515	1.78e-55	206
QOE77915.1	tr|D2K8K9|D2K8K9_BAMOL	28.994	507	339	12	206743	207234	5	505	2.69e-55	204
QOE77915.1	tr|A0A2G9GRB3|A0A2G9GRB3_9LAMI	31.185	481	299	14	206741	207199	1	471	2.80e-55	204
QOE77915.1	tr|A0A2G9GRD7|A0A2G9GRD7_9LAMI	29.583	480	319	11	206751	207218	14	486	2.85e-55	204
QOE77915.1	tr|D6MXQ6|D6MXQ6_ISATI	29.268	492	328	13	206741	207218	1	486	3.49e-55	204
QOE77915.1	tr|B9R7K4|B9R7K4_RICCO	30.285	492	308	13	206764	207230	30	511	3.52e-55	204
QOE77915.1	tr|B9SG18|B9SG18_RICCO	36.789	299	178	4	206937	207233	17	306	6.52e-55	197
QOE77915.1	tr|B9SA81|B9SA81_RICCO	49.495	198	100	0	207034	207231	5	202	1.18e-54	192
QOE77915.1	tr|A0A1S2X8P2|A0A1S2X8P2_CICAR	29.228	479	321	11	206751	207218	14	485	1.65e-54	202
QOE77915.1	tr|W8E7E3|W8E7E3_HORVU	29.495	495	323	13	206741	207218	1	486	2.36e-54	201
QOE77915.1	tr|A0A0G7ZP02|A0A0G7ZP02_PICGL	29.607	483	323	11	206746	207218	13	488	2.57e-54	201
QOE77915.1	tr|B9RMU6|B9RMU6_RICCO	44.118	204	112	1	207031	207232	1	204	9.08e-54	189
QOE77915.1	tr|D5L6I0|D5L6I0_9ERIC	45.455	176	92	1	207046	207217	1	176	1.63e-53	187
QOE77915.1	tr|A0A2G9HN86|A0A2G9HN86_9LAMI	36.458	288	173	5	206957	207239	79	361	4.13e-53	193
QOE77915.1	tr|W5XK02|W5XK02_9BRYO	28.770	504	331	10	206749	207231	30	526	1.27e-52	197
QOE77915.1	tr|B9T515|B9T515_RICCO	36.562	320	188	7	206915	207227	20	331	1.62e-52	191
QOE77915.1	tr|Q17UC0|Q17UC0_CUCSA	29.596	446	298	8	206783	207218	47	486	4.53e-52	195
QOE77915.1	tr|A0A2I0AF51|A0A2I0AF51_9ASPA	31.978	369	195	5	206768	207132	33	349	6.15e-52	189
QOE77915.1	tr|A0A2G9H904|A0A2G9H904_9LAMI	29.528	508	315	16	206743	207237	5	482	6.39e-52	194
QOE77915.1	tr|W5XJ41|W5XJ41_9BRYO	30.407	467	298	10	206767	207211	41	502	6.61e-52	195
QOE77915.1	tr|A0A0B2SWE2|A0A0B2SWE2_GLYSO	28.947	418	271	10	206804	207200	22	434	7.07e-52	193
QOE77915.1	tr|F8QM89|F8QM89_SELML	29.913	458	290	10	206777	207218	70	512	8.65e-52	194
QOE77915.1	tr|D8S0Y1|D8S0Y1_SELML	29.913	458	290	10	206777	207218	70	512	9.06e-52	194
QOE77915.1	tr|Q40909|Q40909_POPKI	29.478	441	295	8	206788	207218	1	435	1.16e-51	192
QOE77915.1	tr|D8SBK8|D8SBK8_SELML	29.913	458	290	10	206777	207218	70	512	2.15e-51	193
QOE77915.1	tr|A0A151QWA9|A0A151QWA9_CAJCA	29.478	441	289	9	206804	207230	29	461	2.18e-51	192
QOE77915.1	tr|A0A0M4LA67|A0A0M4LA67_MORAL	34.734	357	223	6	206741	207090	1	354	3.73e-51	187
QOE77915.1	tr|Q9XEH8|Q9XEH8_PINTA	30.435	460	300	9	206771	207218	37	488	4.08e-51	192
QOE77915.1	tr|W5XJ74|W5XJ74_9BRYO	28.913	460	293	12	206771	207206	41	490	7.94e-51	192
QOE77915.1	tr|A0A0B2PB00|A0A0B2PB00_GLYSO	46.193	197	80	2	207035	207231	1	171	1.47e-50	179
QOE77915.1	tr|A0A1S5T4F7|A0A1S5T4F7_PUNGR	34.954	329	194	8	206823	207139	1	321	1.64e-50	184
QOE77915.1	tr|O82526|O82526_CAPCH	30.000	460	297	12	206774	207218	1	450	1.78e-50	189
QOE77915.1	tr|A0A2G9GR86|A0A2G9GR86_9LAMI	30.453	486	296	16	206741	207199	1	471	3.27e-50	189
QOE77915.1	tr|A0A2I0B1V7|A0A2I0B1V7_9ASPA	29.400	483	324	10	206747	207218	10	486	3.92e-50	189
QOE77915.1	tr|B9RBR7|B9RBR7_RICCO	42.857	189	101	2	207047	207231	2	187	6.19e-50	178
QOE77915.1	tr|A0A0B2PD37|A0A0B2PD37_GLYSO	29.867	452	289	12	206754	207184	18	462	7.28e-50	187
QOE77915.1	tr|B9SY12|B9SY12_RICCO	28.794	514	312	16	206730	207229	3	476	1.63e-49	186
QOE77915.1	tr|B9SD83|B9SD83_RICCO	29.372	446	299	9	206783	207218	47	486	1.94e-49	187
QOE77915.1	tr|B9T872|B9T872_RICCO	46.907	194	103	0	207034	207227	1	194	2.61e-48	174
QOE77915.1	sp|Q5Z5S6|C7019_ORYSJ	28.788	462	301	11	206769	207214	36	485	3.82e-48	183
QOE77915.1	tr|B9SJ86|B9SJ86_RICCO	35.522	335	200	8	206766	207090	27	355	4.32e-48	179
QOE77915.1	tr|F4YRL2|F4YRL2_9APIA	29.605	456	285	11	206783	207218	47	486	5.13e-48	183
QOE77915.1	tr|E3T9X1|E3T9X1_ALLSA	28.247	485	321	12	206751	207218	14	488	6.45e-48	182
QOE77915.1	tr|A0A0B2QTF1|A0A0B2QTF1_GLYSO	28.178	472	315	13	206779	207230	58	525	1.83e-47	182
QOE77915.1	tr|A0A0B2PI80|A0A0B2PI80_GLYSO	40.284	211	115	4	206974	207177	10	216	1.98e-47	172
QOE77915.1	tr|A0A0B2P4R0|A0A0B2P4R0_GLYSO	28.782	476	307	14	206779	207230	58	525	5.83e-47	181
QOE77915.1	tr|B9T870|B9T870_RICCO	45.226	199	109	0	207033	207231	1	199	1.80e-46	168
QOE77915.1	tr|A0A2Z4I2V7|A0A2Z4I2V7_LYCRD	28.508	449	299	10	206783	207218	47	486	3.03e-46	177
QOE77915.1	tr|A0A0B2RE17|A0A0B2RE17_GLYSO	28.842	423	279	9	206809	207218	1	414	5.55e-46	175
QOE77915.1	tr|A0A0B2RHT0|A0A0B2RHT0_GLYSO	26.139	505	340	12	206741	207227	1	490	2.82e-45	174
QOE77915.1	tr|A0A2G9GL12|A0A2G9GL12_9LAMI	28.538	431	290	9	206804	207227	103	522	2.98e-45	175
QOE77915.1	tr|A0A0B2QSX4|A0A0B2QSX4_GLYSO	26.432	454	316	9	206793	207231	49	499	7.97e-45	173
QOE77915.1	tr|B9SYM2|B9SYM2_RICCO	37.450	251	147	5	206986	207230	6	252	1.41e-44	165
QOE77915.1	tr|A0A220NVF8|A0A220NVF8_CAMSI	28.423	482	310	13	206767	207230	47	511	2.41e-44	172
QOE77915.1	tr|A0A2G9HNK1|A0A2G9HNK1_9LAMI	27.514	527	330	19	206732	207229	3	506	2.41e-43	169
QOE77915.1	sp|Q5Z5R7|C701S_ORYSJ	27.079	469	307	12	206754	207205	26	476	5.37e-42	165
QOE77915.1	tr|D0Q1D3|D0Q1D3_COFAR	28.125	512	309	13	206748	207230	26	507	5.42e-42	165
QOE77915.1	tr|A0A2G9HZX7|A0A2G9HZX7_9LAMI	35.640	289	169	8	206767	207047	34	313	5.64e-42	159
QOE77915.1	tr|D0Q1D4|D0Q1D4_COFAR	27.253	455	301	10	206790	207230	71	509	6.17e-42	165
QOE77915.1	tr|A0A0B2QRA5|A0A0B2QRA5_GLYSO	26.872	454	303	11	206769	207205	39	480	7.44e-42	164
QOE77915.1	tr|A0A2I0AP13|A0A2I0AP13_9ASPA	27.160	486	303	13	206769	207229	35	494	7.72e-42	164
QOE77915.1	tr|A0A2P6RS21|A0A2P6RS21_ROSCH	29.326	341	224	8	206779	207108	41	375	2.02e-41	160
QOE77915.1	tr|A0A2G9GVR9|A0A2G9GVR9_9LAMI	27.219	507	281	14	206743	207237	5	435	2.53e-41	161
QOE77915.1	tr|A0A0B2PTS0|A0A0B2PTS0_GLYSO	26.777	422	280	10	206804	207200	87	504	5.37e-41	163
QOE77915.1	tr|A0A2G9HEY0|A0A2G9HEY0_9LAMI	25.523	478	303	14	206779	207230	56	506	1.02e-40	161
QOE77915.1	tr|B9SZS2|B9SZS2_RICCO	37.555	229	133	6	207009	207230	68	293	1.42e-40	155
QOE77915.1	tr|A0A2G9FYR4|A0A2G9FYR4_9LAMI	42.308	182	95	1	207049	207230	192	363	1.91e-40	157
QOE77915.1	tr|S4S388|S4S388_JATCU	25.000	496	347	11	206746	207230	26	507	7.32e-40	159
QOE77915.1	tr|B9VV87|B9VV87_9MONI	36.111	252	146	5	206956	207199	27	271	1.06e-39	152
QOE77915.1	tr|A0A0B2QGV0|A0A0B2QGV0_GLYSO	47.170	159	83	1	206749	206907	11	168	1.20e-39	152
QOE77915.1	tr|A0A0B2QX39|A0A0B2QX39_GLYSO	43.293	164	83	3	207077	207231	1	163	3.62e-39	146
QOE77915.1	tr|A0A2G9FZC6|A0A2G9FZC6_9LAMI	27.348	362	237	9	206779	207124	88	439	5.94e-39	155
QOE77915.1	tr|Q17UB9|Q17UB9_CUCME	38.690	168	101	1	207034	207199	9	176	6.02e-39	146
QOE77915.1	tr|B9R7J5|B9R7J5_RICCO	27.673	477	307	16	206770	207227	47	504	1.27e-38	155
QOE77915.1	tr|A0A173H1Q1|A0A173H1Q1_9LAMI	51.327	113	55	0	207048	207160	1	113	1.59e-38	142
QOE77915.1	tr|A0A2I0A2H3|A0A2I0A2H3_9ASPA	45.509	167	81	3	207071	207232	96	257	7.50e-38	146
QOE77915.1	tr|A0A2G9GEU3|A0A2G9GEU3_9LAMI	29.023	348	221	9	206747	207078	10	347	1.30e-37	148
QOE77915.1	tr|A0A2P6Q0R9|A0A2P6Q0R9_ROSCH	30.473	338	186	6	206768	207100	38	331	1.90e-36	150
QOE77915.1	tr|B9SIK5|B9SIK5_RICCO	31.579	247	117	4	206992	207230	13	215	7.40e-36	139
QOE77915.1	tr|A0A0B4KID2|A0A0B4KID2_9ROSA	53.211	109	51	0	207097	207205	1	109	1.01e-35	134
QOE77915.1	tr|A0A2G9IA64|A0A2G9IA64_9LAMI	25.734	443	305	10	199426	199852	62	496	1.43e-35	145
QOE77915.1	tr|A0A0B2PP97|A0A0B2PP97_GLYSO	37.097	186	103	4	207061	207239	1	179	3.54e-35	135
QOE77915.1	tr|B9RHY2|B9RHY2_RICCO	33.460	263	166	6	206777	207034	51	309	7.14e-35	139
QOE77915.1	tr|A0A0B4KIE7|A0A0B4KIE7_PRUAR	53.211	109	51	0	207097	207205	1	109	9.69e-34	128
QOE77915.1	tr|A0A2G9H8E9|A0A2G9H8E9_9LAMI	29.965	287	188	7	206767	207044	27	309	3.13e-33	136
QOE77915.1	tr|A0A0B4KIB9|A0A0B4KIB9_9ROSA	53.211	109	51	0	207097	207205	1	109	6.43e-33	126
QOE77915.1	tr|A0A2G9G2K5|A0A2G9G2K5_9LAMI	32.567	261	167	5	206769	207023	32	289	8.99e-33	132
QOE77915.1	tr|B9RAS1|B9RAS1_RICCO	36.082	194	120	4	206953	207145	105	295	1.22e-32	132
QOE77915.1	tr|B9T2D0|B9T2D0_RICCO	46.269	134	64	2	207106	207233	270	401	2.35e-32	134
QOE77915.1	tr|A0A2G9G5H7|A0A2G9G5H7_9LAMI	34.100	261	163	6	206767	207021	24	281	3.30e-32	130
QOE77915.1	sp|Q2MJ21|C7A67_MEDTR	26.362	459	294	16	199390	199825	55	492	5.89e-32	135
QOE77915.1	tr|A0A2G9GCH4|A0A2G9GCH4_9LAMI	25.105	474	275	12	199422	199834	167	621	6.98e-32	137
QOE77915.1	tr|R9WNI5|R9WNI5_9ROSI	33.673	196	122	4	206984	207173	70	263	3.24e-31	126
QOE77915.1	tr|B9S895|B9S895_RICCO	30.534	262	170	6	206767	207022	30	285	6.63e-31	127
QOE77915.1	tr|B9RBR0|B9RBR0_RICCO	31.624	234	154	3	206743	206975	9	237	1.80e-30	124
QOE77915.1	tr|B9SVN6|B9SVN6_RICCO	48.571	105	52	1	207130	207232	4	108	6.28e-30	117
QOE77915.1	tr|B9SYN2|B9SYN2_RICCO	27.759	299	205	4	206744	207033	1	297	2.89e-29	123
QOE77915.1	tr|A0A2P6RNT6|A0A2P6RNT6_ROSCH	44.538	119	63	1	207035	207153	1	116	1.08e-28	116
QOE77915.1	tr|A0A0B2QM76|A0A0B2QM76_GLYSO	42.105	114	66	0	207041	207154	2	115	2.32e-28	113
QOE77915.1	tr|A0A2G9HN93|A0A2G9HN93_9LAMI	43.966	116	62	1	207115	207230	4	116	5.27e-28	112
QOE77915.1	tr|B9TPU9|B9TPU9_RICCO	29.918	244	157	5	206768	207004	31	267	6.72e-28	117
QOE77915.1	sp|Q9FF18|C7351_ARATH	27.230	426	281	12	199422	199834	93	502	1.43e-27	122
QOE77915.1	tr|A0A2I0B5L2|A0A2I0B5L2_9ASPA	43.220	118	67	0	207115	207232	1	118	1.91e-27	111
QOE77915.1	tr|B9RHC8|B9RHC8_RICCO	50.485	103	50	1	207130	207231	2	104	2.41e-27	110
QOE77915.1	tr|A0A2S0RR21|A0A2S0RR21_9GENT	36.913	149	92	1	207009	207157	72	218	2.56e-27	114
QOE77915.1	tr|A0A2G9G2A7|A0A2G9G2A7_9LAMI	23.394	436	298	10	199409	199825	81	499	7.95e-27	119
QOE77915.1	tr|B9S3I3|B9S3I3_RICCO	39.241	158	91	3	207002	207159	163	315	9.39e-27	115
QOE77915.1	sp|Q9ZW95|C7352_ARATH	27.427	412	270	10	199422	199825	94	484	1.60e-26	119
QOE77915.1	tr|A0A2G9G739|A0A2G9G739_9LAMI	24.590	427	277	13	199422	199825	95	499	3.64e-26	117
QOE77915.1	tr|Q40907|Q40907_POPKI	26.966	356	244	8	206783	207128	47	396	4.72e-26	115
QOE77915.1	tr|B9SAF0|B9SAF0_RICCO	25.000	424	270	14	199415	199824	60	449	3.14e-25	114
QOE77915.1	tr|A0A2G9HU76|A0A2G9HU76_9LAMI	25.551	454	238	15	206781	207230	22	379	4.16e-25	112
QOE77915.1	tr|A0A0B2QFX3|A0A0B2QFX3_GLYSO	39.815	108	65	0	207041	207148	2	109	4.68e-25	103
QOE77915.1	tr|A0A2G9H511|A0A2G9H511_9LAMI	30.804	224	140	6	206982	207199	153	367	8.22e-25	111
QOE77915.1	tr|A0A0B2Q5U7|A0A0B2Q5U7_GLYSO	31.351	185	116	2	199643	199823	271	448	1.16e-23	109
QOE77915.1	tr|A0A2G9G9G9|A0A2G9G9G9_9LAMI	31.963	219	139	5	206982	207195	237	450	1.29e-23	109
QOE77915.1	tr|A0A220NVG1|A0A220NVG1_CAMSI	31.892	185	115	2	199643	199823	286	463	1.62e-23	109
QOE77915.1	tr|B9TGE8|B9TGE8_RICCO	38.583	127	78	0	206767	206893	32	158	1.87e-23	100
QOE77915.1	tr|B9SAB8|B9SAB8_RICCO	29.832	238	150	5	199596	199826	227	454	4.01e-23	107
QOE77915.1	tr|A0A151SPY3|A0A151SPY3_CAJCA	31.892	185	115	3	199643	199823	240	417	6.65e-23	106
QOE77915.1	tr|B9SPT3|B9SPT3_RICCO	27.848	237	151	6	199594	199823	219	442	8.08e-23	107
QOE77915.1	tr|B9T864|B9T864_RICCO	29.787	235	155	3	199623	199853	62	290	2.68e-22	101
QOE77915.1	tr|A0A2G9G833|A0A2G9G833_9LAMI	29.218	243	153	7	199627	199853	148	387	2.68e-22	103
QOE77915.1	tr|A0A0B2QSZ8|A0A0B2QSZ8_GLYSO	24.500	400	259	10	199423	199817	86	447	5.28e-22	104
QOE77915.1	tr|B9T450|B9T450_RICCO	31.551	187	113	3	199643	199823	272	449	8.15e-22	103
QOE77915.1	tr|A0A151TC27|A0A151TC27_CAJCA	23.645	406	258	12	199420	199817	19	380	1.21e-21	102
QOE77915.1	tr|A0A2G9GJK6|A0A2G9GJK6_9LAMI	27.490	251	164	5	199589	199833	182	420	1.29e-21	102
QOE77915.1	tr|B9R7Y0|B9R7Y0_RICCO	22.505	471	314	13	199394	199846	21	458	2.63e-21	102
QOE77915.1	tr|B9RHG4|B9RHG4_RICCO	26.244	221	150	3	199613	199826	236	450	3.05e-21	102
QOE77915.1	tr|B9SRU4|B9SRU4_RICCO	32.317	164	80	2	207064	207227	114	246	3.68e-21	97.4
QOE77915.1	tr|A0A0B2QFA5|A0A0B2QFA5_GLYSO	31.169	231	116	7	207002	207230	96	285	5.90e-21	97.8
QOE77915.1	tr|A0A2P6Q0R7|A0A2P6Q0R7_ROSCH	29.108	213	131	8	206743	206945	8	210	6.32e-21	95.9
QOE77915.1	tr|A0A2G9FVW3|A0A2G9FVW3_9LAMI	30.224	268	175	6	206965	207221	81	347	1.15e-20	98.2
QOE77915.1	tr|A0A2G9HE80|A0A2G9HE80_9LAMI	24.694	409	263	11	199420	199817	79	453	1.29e-20	100
QOE77915.1	tr|B9SEB4|B9SEB4_RICCO	28.283	198	132	2	199641	199835	279	469	1.75e-20	99.8
QOE77915.1	tr|A0A2G9GVV1|A0A2G9GVV1_9LAMI	22.965	479	314	16	206744	207201	13	457	2.74e-20	99.4
QOE77915.1	tr|A0A2P6RNW0|A0A2P6RNW0_ROSCH	29.766	299	195	7	206743	207028	7	303	3.06e-20	96.3
QOE77915.1	tr|A0A2G9GQL0|A0A2G9GQL0_9LAMI	27.801	241	156	6	199628	199858	254	486	6.45e-20	98.2
QOE77915.1	tr|B9SLD0|B9SLD0_RICCO	26.275	255	165	5	199580	199826	217	456	6.61e-20	97.8
QOE77915.1	tr|A0A2G9H4W9|A0A2G9H4W9_9LAMI	28.723	188	120	3	199645	199825	262	442	8.24e-20	97.4
QOE77915.1	tr|B9SC56|B9SC56_RICCO	23.831	449	307	12	206769	207212	29	447	9.85e-20	97.4
QOE77915.1	tr|A0A2G9H4H9|A0A2G9H4H9_9LAMI	25.446	448	295	10	206767	207202	27	447	1.07e-19	97.4
QOE77915.1	tr|A0A2G9HYR6|A0A2G9HYR6_9LAMI	38.129	139	79	3	206741	206875	1	136	1.33e-19	89.4
QOE77915.1	tr|A0A220NVG5|A0A220NVG5_CAMSI	27.083	192	128	3	199638	199824	252	436	2.02e-19	96.3
QOE77915.1	tr|A0A151R0U6|A0A151R0U6_CAJCA	27.751	209	136	4	199627	199828	233	433	2.33e-19	95.9
QOE77915.1	tr|A0A2G9HB37|A0A2G9HB37_9LAMI	30.366	191	119	5	199674	199858	2	184	2.45e-19	90.1
QOE77915.1	tr|A0A1D8RF65|A0A1D8RF65_STRHE	26.341	205	137	3	199627	199824	240	437	2.81e-19	95.9
QOE77915.1	tr|D7TFC7|D7TFC7_VITVI	27.136	199	130	3	199634	199824	252	443	2.90e-19	95.9
QOE77915.1	tr|A0A1D8RF46|A0A1D8RF46_STRHE	26.829	205	136	3	199627	199824	238	435	2.91e-19	95.9
QOE77915.1	tr|A0A2I0B2B1|A0A2I0B2B1_9ASPA	23.095	420	286	12	199421	199831	75	466	2.97e-19	95.9
QOE77915.1	tr|A0A0B2SK61|A0A0B2SK61_GLYSO	29.224	219	141	6	206983	207195	248	458	5.01e-19	95.5
QOE77915.1	tr|A0A1D8RF49|A0A1D8RF49_TRIVS	27.984	243	144	7	199592	199825	220	440	5.24e-19	95.1
QOE77915.1	tr|A0A2G9I963|A0A2G9I963_9LAMI	25.316	237	159	5	199624	199853	238	463	5.90e-19	94.7
QOE77915.1	tr|A0A1D8RF31|A0A1D8RF31_OROCE	27.778	198	129	3	199634	199824	247	437	6.45e-19	94.7
QOE77915.1	tr|A0A0B2QBX6|A0A0B2QBX6_GLYSO	26.389	216	145	4	199613	199820	241	450	7.70e-19	94.7
QOE77915.1	tr|A0A151SI06|A0A151SI06_CAJCA	28.877	187	119	3	199645	199824	256	435	7.72e-19	94.4
QOE77915.1	tr|A0A1D8RF66|A0A1D8RF66_TRIVS	27.451	204	134	3	199628	199824	245	441	9.44e-19	94.4
QOE77915.1	tr|A0A0B2RAF9|A0A0B2RAF9_GLYSO	51.948	77	37	0	207130	207206	596	672	1.14e-18	95.5
QOE77915.1	tr|A0A220NVG6|A0A220NVG6_CAMSI	26.108	203	138	3	199627	199824	244	439	1.16e-18	94.0
QOE77915.1	tr|B9SV74|B9SV74_RICCO	26.512	215	143	5	199636	199843	258	464	1.19e-18	94.0
QOE77915.1	tr|C7T4G9|C7T4G9_WHEAT	27.830	212	132	6	199607	199808	26	226	1.20e-18	90.1
QOE77915.1	tr|C7T4G4|C7T4G4_WHEAT	27.830	212	132	6	199607	199808	26	226	1.37e-18	90.1
QOE77915.1	tr|A0A220NVG9|A0A220NVG9_CAMSI	23.173	479	312	13	206743	207204	5	444	1.68e-18	93.6
QOE77915.1	tr|B9SV76|B9SV76_RICCO	27.273	198	132	3	199636	199826	255	447	1.78e-18	93.6
QOE77915.1	sp|Q84KI1|T14H_TAXCU	23.288	438	298	9	199393	199821	57	465	3.97e-18	92.8
QOE77915.1	tr|B9S6B8|B9S6B8_RICCO	23.457	405	263	10	199420	199817	86	450	4.18e-18	92.4
QOE77915.1	tr|A0A220NVF9|A0A220NVF9_CAMSI	27.982	218	147	5	206983	207195	241	453	4.89e-18	92.4
QOE77915.1	tr|A0A2I0A4B6|A0A2I0A4B6_9ASPA	24.289	457	309	14	206756	207202	22	451	5.90e-18	92.0
QOE77915.1	tr|C7T4G7|C7T4G7_WHEAT	29.570	186	114	5	199633	199808	48	226	6.06e-18	88.2
QOE77915.1	tr|B9S6I4|B9S6I4_RICCO	23.093	472	322	16	206742	207202	5	446	6.45e-18	91.7
QOE77915.1	tr|A0A1Z1MY54|A0A1Z1MY54_PEA	28.191	188	121	3	199645	199825	259	439	7.14e-18	91.7
QOE77915.1	tr|A0A1D8RF30|A0A1D8RF30_OROMI	26.768	198	131	3	199634	199824	247	437	7.22e-18	91.7
QOE77915.1	tr|U5YM12|U5YM12_MALDO	26.484	219	150	4	206983	207195	252	465	7.55e-18	91.7
QOE77915.1	tr|A0A0B2RI74|A0A0B2RI74_GLYSO	50.649	77	38	0	207130	207206	632	708	1.11e-17	92.4
QOE77915.1	tr|A0A0B2QAN0|A0A0B2QAN0_GLYSO	27.273	231	151	5	199633	199853	179	402	1.44e-17	89.7
QOE77915.1	tr|A0A2G9FXZ3|A0A2G9FXZ3_9LAMI	23.093	472	323	12	206744	207202	16	460	1.50e-17	90.9
QOE77915.1	tr|A0A1X9H7V5|A0A1X9H7V5_TRIWF	27.556	225	148	6	206982	207198	238	455	2.68e-17	90.1
QOE77915.1	tr|J3T3R0|J3T3R0_PHERA	25.743	202	139	3	199627	199824	242	436	2.94e-17	89.7
QOE77915.1	tr|B9SPD1|B9SPD1_RICCO	24.762	420	251	14	199422	199820	68	443	2.96e-17	89.4
QOE77915.1	tr|B9RY37|B9RY37_RICCO	26.263	198	132	3	199634	199824	251	441	3.52e-17	89.4
QOE77915.1	tr|A0A1D8RF50|A0A1D8RF50_TRIVS	27.500	240	147	6	199592	199824	218	437	3.83e-17	89.4
QOE77915.1	tr|K9MZ39|K9MZ39_9BRAS	28.889	225	146	4	206985	207205	82	296	4.13e-17	87.0
QOE77915.1	tr|A0A2G9H5V6|A0A2G9H5V6_9LAMI	32.653	147	60	1	207086	207232	136	243	4.91e-17	85.1
QOE77915.1	tr|B9SJJ7|B9SJJ7_RICCO	31.795	195	117	5	199637	199820	184	373	5.49e-17	88.2
QOE77915.1	tr|B9SKJ4|B9SKJ4_RICCO	29.070	172	111	2	199642	199808	282	447	5.64e-17	89.0
QOE77915.1	tr|B9SBP0|B9SBP0_RICCO	37.600	125	72	1	199702	199826	309	427	7.05e-17	88.2
QOE77915.1	tr|M9Q2P3|M9Q2P3_VITVI	26.033	242	154	6	199591	199825	219	442	7.30e-17	88.6
QOE77915.1	tr|A0A0D2JTP1|A0A0D2JTP1_9CHLO	28.378	222	144	4	199640	199853	193	407	8.24e-17	87.4
QOE77915.1	tr|A0A0B2Q1G4|A0A0B2Q1G4_GLYSO	27.568	185	108	3	199643	199823	201	363	8.50e-17	87.4
QOE77915.1	tr|Q400R7|Q400R7_LACSA	31.579	152	98	3	206982	207129	128	277	2.02e-16	84.0
QOE77915.1	tr|B9ST44|B9ST44_RICCO	21.117	412	290	10	199422	199827	67	449	2.05e-16	87.0
QOE77915.1	tr|A0A2I0A3H5|A0A2I0A3H5_9ASPA	23.358	411	271	15	199424	199823	87	464	2.17e-16	87.0
QOE77915.1	tr|A0A0B2P7N6|A0A0B2P7N6_GLYSO	23.133	415	270	11	199422	199828	68	441	2.83e-16	86.7
QOE77915.1	tr|A0A2I0A2F1|A0A2I0A2F1_9ASPA	30.366	191	125	2	199645	199829	206	394	3.35e-16	85.9
QOE77915.1	sp|Q5CCK3|C90B2_ORYSJ	28.889	225	152	3	199607	199825	253	475	3.59e-16	86.7
