QOE77915.1	tr|A0A6P6AYJ3|A0A6P6AYJ3_DURZI	55.642	771	291	12	200567	201294	56	818	0.0	847
QOE77915.1	tr|A0A0D2RVD7|A0A0D2RVD7_GOSRA	54.359	780	295	12	200567	201294	56	826	0.0	845
QOE77915.1	tr|A0A6P6A408|A0A6P6A408_DURZI	55.327	779	288	15	200567	201294	51	820	0.0	843
QOE77915.1	tr|A0A2P5VNL3|A0A2P5VNL3_GOSBA	54.522	774	297	12	200567	201294	56	820	0.0	842
QOE77915.1	tr|A0A061DRP6|A0A061DRP6_THECC	54.452	775	298	11	200567	201294	53	819	0.0	842
QOE77915.1	tr|A0A1U8JKU5|A0A1U8JKU5_GOSHI	54.487	780	294	13	200567	201294	280	1050	0.0	840
QOE77915.1	tr|A0A5D2JSC8|A0A5D2JSC8_GOSTO	53.866	789	294	14	200567	201294	53	832	0.0	838
QOE77915.1	tr|A0A1R3KD90|A0A1R3KD90_9ROSI	54.231	780	297	16	200567	201294	25	796	0.0	838
QOE77915.1	tr|A0A6J1A3D9|A0A6J1A3D9_9ROSI	54.463	773	301	10	200567	201294	54	820	0.0	838
QOE77915.1	tr|A0A5J5UM44|A0A5J5UM44_GOSBA	53.846	780	298	13	200567	201294	52	821	0.0	836
QOE77915.1	tr|A0A6P4NY08|A0A6P4NY08_GOSAR	53.846	780	298	13	200567	201294	53	822	0.0	836
QOE77915.1	tr|A0A5D2EL01|A0A5D2EL01_GOSDA	53.915	779	298	15	200567	201294	52	820	0.0	834
QOE77915.1	tr|A0A5J5TRU2|A0A5J5TRU2_GOSBA	53.915	779	298	15	200567	201294	52	820	0.0	834
QOE77915.1	tr|A0A0B0MLW2|A0A0B0MLW2_GOSAR	53.915	779	298	15	200567	201294	52	820	0.0	834
QOE77915.1	tr|A0A6P4PFN7|A0A6P4PFN7_GOSAR	53.915	779	298	15	200567	201294	52	820	0.0	834
QOE77915.1	tr|A0A1U8L252|A0A1U8L252_GOSHI	53.915	779	298	15	200567	201294	52	820	0.0	833
QOE77915.1	tr|A0A2P5YB68|A0A2P5YB68_GOSBA	53.915	779	298	15	200567	201294	67	835	0.0	833
QOE77915.1	tr|A0A5D2AKU9|A0A5D2AKU9_GOSDA	53.974	780	296	15	200567	201294	52	820	0.0	833
QOE77915.1	tr|A0A5D2NAU5|A0A5D2NAU5_GOSTO	53.787	779	299	15	200567	201294	52	820	0.0	833
QOE77915.1	tr|A0A5D2TSY5|A0A5D2TSY5_GOSMU	54.103	780	291	14	200567	201294	56	820	0.0	832
QOE77915.1	tr|A0A0D2TEJ4|A0A0D2TEJ4_GOSRA	53.846	780	297	15	200567	201294	57	825	0.0	832
QOE77915.1	tr|A0A0D2SCU6|A0A0D2SCU6_GOSRA	53.846	780	297	15	200567	201294	52	820	0.0	831
QOE77915.1	tr|A0A5D2SRA1|A0A5D2SRA1_GOSMU	53.846	780	297	15	200567	201294	52	820	0.0	831
QOE77915.1	tr|A0A6P5XJQ6|A0A6P5XJQ6_DURZI	54.710	775	296	12	200567	201294	63	829	0.0	830
QOE77915.1	tr|A0A5D2IMT8|A0A5D2IMT8_GOSTO	53.846	780	297	15	200567	201294	52	820	0.0	830
QOE77915.1	tr|A0A5J5PBE5|A0A5J5PBE5_GOSBA	53.846	780	297	15	200567	201294	52	820	0.0	830
QOE77915.1	tr|A0A0D2QU00|A0A0D2QU00_GOSRA	53.846	780	293	13	200567	201294	56	820	0.0	830
QOE77915.1	tr|A0A5J5QAP1|A0A5J5QAP1_GOSBA	52.534	809	294	14	200567	201294	53	852	0.0	830
QOE77915.1	tr|A0A1U8K0S2|A0A1U8K0S2_GOSHI	53.846	780	297	15	200567	201294	52	820	0.0	830
QOE77915.1	tr|A0A0F6P1E0|A0A0F6P1E0_GOSHI	53.659	779	300	15	200567	201294	52	820	0.0	829
QOE77915.1	tr|A0A6A2ZK67|A0A6A2ZK67_HIBSY	52.605	806	321	16	200533	201294	24	812	0.0	829
QOE77915.1	tr|A0A5D2BHS4|A0A5D2BHS4_GOSDA	52.410	809	295	14	200567	201294	53	852	0.0	826
QOE77915.1	tr|A0A6A2WL80|A0A6A2WL80_HIBSY	53.488	774	289	11	200546	201294	25	752	0.0	826
QOE77915.1	tr|A0A5D2FHC5|A0A5D2FHC5_GOSDA	52.434	801	298	14	200567	201294	52	842	0.0	825
QOE77915.1	tr|A0A5B6W1C0|A0A5B6W1C0_9ROSI	51.856	808	298	16	200567	201294	52	848	0.0	819
QOE77915.1	tr|A0A6A2YFA9|A0A6A2YFA9_HIBSY	54.087	734	294	11	200598	201294	66	793	0.0	808
QOE77915.1	tr|A0A0D2P8N6|A0A0D2P8N6_GOSRA	56.214	692	257	10	200641	201294	14	697	0.0	796
QOE77915.1	tr|A0A0D2MVC3|A0A0D2MVC3_GOSRA	55.636	692	255	11	200641	201294	14	691	0.0	781
QOE77915.1	tr|A0A5D2PBY4|A0A5D2PBY4_GOSTO	50.578	779	295	14	200567	201294	52	791	0.0	766
QOE77915.1	tr|A0A5B6VQ16|A0A5B6VQ16_9ROSI	49.020	816	309	18	200539	201294	16	784	0.0	745
QOE77915.1	tr|A0A1U8I4V5|A0A1U8I4V5_GOSHI	61.360	559	195	5	200567	201111	55	606	0.0	733
QOE77915.1	tr|A0A2P5YCV9|A0A2P5YCV9_GOSBA	46.386	830	279	18	200567	201294	52	817	0.0	696
QOE77915.1	tr|A0A5D2X6M0|A0A5D2X6M0_GOSMU	54.221	616	240	12	200714	201294	1	609	0.0	665
QOE77915.1	tr|A0A5D2Y6G2|A0A5D2Y6G2_GOSMU	53.796	619	240	11	200714	201294	1	611	0.0	664
QOE77915.1	tr|A0A5D2Y628|A0A5D2Y628_GOSMU	64.322	398	137	3	200714	201111	1	393	2.75e-179	559
QOE77915.1	tr|A0A061F5L8|A0A061F5L8_THECC	47.339	545	280	4	603	1147	15	552	1.49e-166	528
QOE77915.1	tr|A0A6J1ALF3|A0A6J1ALF3_9ROSI	46.984	547	279	5	603	1147	15	552	1.79e-165	525
QOE77915.1	tr|A0A1U8LAX9|A0A1U8LAX9_GOSHI	46.812	549	280	5	603	1147	15	555	5.24e-165	523
QOE77915.1	tr|A0A5D3AIN0|A0A5D3AIN0_GOSMU	46.812	549	280	5	603	1147	15	555	1.08e-163	520
QOE77915.1	tr|A0A5D2HPP4|A0A5D2HPP4_GOSDA	46.812	549	280	5	603	1147	15	555	1.08e-163	520
QOE77915.1	tr|A0A0D2SF99|A0A0D2SF99_GOSRA	46.606	545	282	4	605	1146	15	553	1.31e-163	519
QOE77915.1	tr|A0A1U8LAZ0|A0A1U8LAZ0_GOSHI	46.630	549	281	5	603	1147	15	555	1.76e-163	519
QOE77915.1	tr|A0A061F7I6|A0A061F7I6_THECC	47.495	539	274	5	610	1147	22	552	2.04e-163	519
QOE77915.1	tr|A0A061F7K5|A0A061F7K5_THECC	47.601	542	269	9	8021	8556	183	715	2.74e-163	525
QOE77915.1	tr|A0A5C7J2X2|A0A5C7J2X2_GOSTO	46.630	549	281	5	603	1147	15	555	3.17e-163	518
QOE77915.1	tr|A0A6P4N4R6|A0A6P4N4R6_GOSAR	46.812	549	280	5	603	1147	15	555	3.42e-163	518
QOE77915.1	tr|A0A6P4N0D4|A0A6P4N0D4_GOSAR	46.630	549	281	5	603	1147	15	555	8.46e-163	517
QOE77915.1	tr|A0A1U8KN09|A0A1U8KN09_GOSHI	46.239	545	284	4	605	1146	15	553	1.42e-162	516
QOE77915.1	tr|A0A5D2S4P5|A0A5D2S4P5_GOSMU	46.055	545	285	4	605	1146	15	553	1.93e-162	516
QOE77915.1	tr|A0A5D2E0M8|A0A5D2E0M8_GOSDA	46.125	542	289	3	605	1146	15	553	2.86e-162	515
QOE77915.1	tr|A0A2P5X4S8|A0A2P5X4S8_GOSBA	46.125	542	289	3	605	1146	15	553	2.86e-162	515
QOE77915.1	tr|A0A5J5T3M8|A0A5J5T3M8_GOSBA	46.125	542	289	3	605	1146	15	553	3.12e-162	515
QOE77915.1	tr|A0A5J5NMS3|A0A5J5NMS3_GOSBA	46.055	545	285	4	605	1146	15	553	3.78e-162	515
QOE77915.1	tr|A0A5D2A0E9|A0A5D2A0E9_GOSDA	46.055	545	285	4	605	1146	15	553	3.78e-162	515
QOE77915.1	tr|A0A5D2HQF0|A0A5D2HQF0_GOSDA	46.448	549	282	5	603	1147	15	555	3.84e-162	515
QOE77915.1	tr|Q9SAN0|Q9SAN0_GOSAR	46.055	545	285	4	605	1146	15	553	4.45e-162	515
QOE77915.1	tr|A0A061F728|A0A061F728_THECC	47.417	542	275	7	141122	141659	21	556	4.63e-162	515
QOE77915.1	tr|A0A6P5WPK7|A0A6P5WPK7_DURZI	46.350	548	283	4	603	1147	15	554	5.10e-162	514
QOE77915.1	tr|A0A0B0MQU3|A0A0B0MQU3_GOSAR	46.125	542	289	3	605	1146	15	553	5.25e-162	514
QOE77915.1	tr|A0A5D2WJ47|A0A5D2WJ47_GOSMU	46.125	542	289	3	605	1146	15	553	6.74e-162	514
QOE77915.1	tr|A0A2P5Y8Y0|A0A2P5Y8Y0_GOSBA	46.266	549	283	5	603	1147	15	555	8.78e-162	514
QOE77915.1	tr|A0A5D2E150|A0A5D2E150_GOSDA	45.941	542	290	3	605	1146	15	553	9.26e-162	514
QOE77915.1	tr|A0A1U8KMX0|A0A1U8KMX0_GOSHI	45.872	545	286	4	605	1146	15	553	1.92e-161	513
QOE77915.1	sp|Q43714|DCS3_GOSAR	45.872	545	286	4	605	1146	15	553	1.92e-161	513
QOE77915.1	tr|A0A6P5ZNJ6|A0A6P5ZNJ6_DURZI	47.770	538	275	5	610	1147	22	553	2.48e-161	513
QOE77915.1	tr|A0A6A3ARJ5|A0A6A3ARJ5_HIBSY	46.852	540	278	4	610	1146	23	556	2.61e-161	513
QOE77915.1	tr|A0A5D3AG29|A0A5D3AG29_GOSMU	46.084	549	284	5	603	1147	15	555	2.84e-161	513
QOE77915.1	tr|A0A5D2ML81|A0A5D2ML81_GOSTO	45.941	542	290	3	605	1146	15	553	3.24e-161	512
QOE77915.1	tr|A0A5J5NMI2|A0A5J5NMI2_GOSBA	45.872	545	286	4	605	1146	15	553	3.46e-161	512
QOE77915.1	tr|A0A6A3D2T2|A0A6A3D2T2_HIBSY	46.396	541	281	4	610	1147	23	557	4.18e-161	512
QOE77915.1	tr|A0A6A2XU16|A0A6A2XU16_HIBSY	45.355	549	297	3	598	1146	8	553	4.58e-161	512
QOE77915.1	tr|A0A2P5Y8W0|A0A2P5Y8W0_GOSBA	46.266	549	283	5	603	1147	15	555	4.64e-161	512
QOE77915.1	tr|A0A1U8IHW1|A0A1U8IHW1_GOSHI	45.756	542	291	3	605	1146	15	553	6.66e-161	511
QOE77915.1	tr|A0A5D2S432|A0A5D2S432_GOSMU	46.442	534	277	4	605	1135	15	542	1.03e-160	511
QOE77915.1	tr|A0A5D2MCR5|A0A5D2MCR5_GOSTO	46.266	549	283	5	603	1147	15	555	1.04e-160	511
QOE77915.1	tr|A0A061F5L3|A0A061F5L3_THECC	46.824	551	280	7	8016	8556	18	565	1.08e-160	511
QOE77915.1	tr|A0A5D2WAH0|A0A5D2WAH0_GOSMU	46.266	549	283	5	603	1147	15	555	1.19e-160	511
QOE77915.1	tr|A0A6A2XTZ7|A0A6A2XTZ7_HIBSY	45.355	549	297	3	598	1146	8	553	1.23e-160	511
QOE77915.1	tr|A0A2I4U5K1|A0A2I4U5K1_GOSHI	46.266	549	283	5	603	1147	15	555	1.41e-160	511
QOE77915.1	tr|A0A5D2DU10|A0A5D2DU10_GOSDA	46.266	549	283	5	603	1147	15	555	1.41e-160	511
QOE77915.1	tr|A0A5J5SVP8|A0A5J5SVP8_GOSBA	46.266	549	283	5	603	1147	15	555	1.41e-160	511
QOE77915.1	tr|A0A1U8LAX5|A0A1U8LAX5_GOSHI	46.350	548	282	5	603	1146	15	554	1.46e-160	511
QOE77915.1	tr|A0A5J5NMZ2|A0A5J5NMZ2_GOSBA	46.442	534	277	4	605	1135	15	542	1.74e-160	510
QOE77915.1	tr|A0A5D2E0X8|A0A5D2E0X8_GOSDA	46.516	531	281	3	605	1135	15	542	1.84e-160	511
QOE77915.1	tr|A0A0D2RBI8|A0A0D2RBI8_GOSRA	46.448	549	282	5	603	1147	15	555	3.47e-160	509
QOE77915.1	tr|A0A0D2NS17|A0A0D2NS17_GOSRA	46.084	549	284	5	603	1147	15	555	5.26e-160	509
QOE77915.1	tr|A0A0D2QB38|A0A0D2QB38_GOSRA	46.084	549	284	5	603	1147	15	555	7.43e-160	508
QOE77915.1	tr|A0A5J5X353|A0A5J5X353_GOSBA	46.168	548	283	5	603	1146	15	554	8.67e-160	508
QOE77915.1	tr|A0A5J5NNB9|A0A5J5NNB9_GOSBA	46.255	534	278	4	605	1135	15	542	1.68e-159	507
QOE77915.1	tr|A0A0D2U0X2|A0A0D2U0X2_GOSRA	45.709	536	286	3	124689	125224	22	552	1.89e-159	507
QOE77915.1	tr|A0A0D2QXJ4|A0A0D2QXJ4_GOSRA	45.640	539	282	4	611	1146	22	552	2.70e-159	507
QOE77915.1	tr|A0A1U8LNV6|A0A1U8LNV6_GOSHI	46.084	549	284	5	603	1147	15	555	3.00e-159	507
QOE77915.1	tr|A0A1U8J3X8|A0A1U8J3X8_GOSHI	45.640	539	282	4	611	1146	22	552	3.47e-159	506
QOE77915.1	tr|A0A6P4LI96|A0A6P4LI96_GOSAR	45.826	539	281	4	611	1146	22	552	3.93e-159	506
QOE77915.1	tr|A0A5J5W1K5|A0A5J5W1K5_GOSBA	45.826	539	281	4	611	1146	22	552	5.72e-159	506
QOE77915.1	sp|P93665|DCS1_GOSHI	45.826	539	281	4	611	1146	22	552	6.00e-159	506
QOE77915.1	tr|A0A1U8LAX3|A0A1U8LAX3_GOSHI	46.266	549	282	6	603	1146	15	555	7.39e-159	506
QOE77915.1	tr|A0A5D2V731|A0A5D2V731_GOSMU	45.640	539	282	4	611	1146	22	552	7.42e-159	506
QOE77915.1	tr|A0A5D3AG43|A0A5D3AG43_GOSMU	45.985	548	284	5	603	1146	15	554	7.86e-159	506
QOE77915.1	tr|A0A5D2RYB1|A0A5D2RYB1_GOSTO	45.985	548	284	5	603	1146	15	554	8.01e-159	506
QOE77915.1	tr|A0A6P4MNV5|A0A6P4MNV5_GOSAR	45.620	548	286	5	603	1146	15	554	8.82e-159	505
QOE77915.1	tr|A0A5D2QV40|A0A5D2QV40_GOSTO	45.640	539	282	4	611	1146	22	552	1.00e-158	505
QOE77915.1	tr|A0A5J5RND0|A0A5J5RND0_GOSBA	45.640	539	282	4	611	1146	22	552	1.03e-158	506
QOE77915.1	tr|A0A1U8JA11|A0A1U8JA11_GOSHI	45.640	539	282	4	611	1146	22	552	1.12e-158	505
QOE77915.1	tr|A0A0D2QXL1|A0A0D2QXL1_GOSRA	45.455	539	283	4	611	1146	22	552	1.14e-158	505
QOE77915.1	tr|Q4VP12|Q4VP12_GOSHI	45.640	539	282	4	611	1146	22	552	1.14e-158	505
QOE77915.1	tr|Q9LKN1|Q9LKN1_GOSHI	45.640	539	282	4	611	1146	19	549	1.34e-158	504
QOE77915.1	tr|A0A0D2U3X1|A0A0D2U3X1_GOSRA	45.640	539	282	4	611	1146	22	552	1.37e-158	505
QOE77915.1	tr|A0A061F6J9|A0A061F6J9_THECC	44.464	578	281	5	603	1147	15	585	1.57e-158	506
QOE77915.1	tr|A0A5D2ZJT3|A0A5D2ZJT3_GOSMU	46.011	539	280	4	611	1146	22	552	1.59e-158	504
QOE77915.1	tr|A0A5D2QX60|A0A5D2QX60_GOSTO	46.011	539	280	4	611	1146	22	552	1.59e-158	504
QOE77915.1	tr|A0A5D2GU91|A0A5D2GU91_GOSDA	46.011	539	280	4	611	1146	22	552	1.59e-158	504
QOE77915.1	tr|A0A2P5X227|A0A2P5X227_GOSBA	46.011	539	280	4	611	1146	22	552	1.59e-158	504
QOE77915.1	sp|Q39760|DCS2_GOSAR	46.011	539	280	4	611	1146	22	552	1.59e-158	504
QOE77915.1	tr|A0A1U8KZD2|A0A1U8KZD2_GOSHI	46.011	539	280	4	611	1146	22	552	1.98e-158	504
QOE77915.1	tr|A0A5D2GV93|A0A5D2GV93_GOSDA	45.826	539	281	4	611	1146	22	552	2.02e-158	504
QOE77915.1	tr|A0A5D2ZMF5|A0A5D2ZMF5_GOSMU	45.640	539	282	4	611	1146	22	552	2.10e-158	504
QOE77915.1	tr|A0A5D2V6Z6|A0A5D2V6Z6_GOSMU	45.455	539	283	4	611	1146	22	552	2.97e-158	504
QOE77915.1	tr|A0A5D2CV64|A0A5D2CV64_GOSDA	45.269	539	284	4	611	1146	22	552	4.20e-158	503
QOE77915.1	tr|A0A1U8KU68|A0A1U8KU68_GOSHI	45.640	539	282	4	611	1146	22	552	4.58e-158	503
QOE77915.1	tr|A0A5D2V7A6|A0A5D2V7A6_GOSMU	45.455	539	283	4	611	1146	22	552	9.24e-158	502
QOE77915.1	tr|A0A5J5RW08|A0A5J5RW08_GOSBA	45.455	539	283	4	611	1146	22	552	9.24e-158	502
QOE77915.1	tr|A0A5D2L5Y7|A0A5D2L5Y7_GOSTO	45.455	539	283	4	611	1146	22	552	9.24e-158	502
QOE77915.1	tr|A0A6P4LEA7|A0A6P4LEA7_GOSAR	45.455	539	283	4	611	1146	22	552	9.42e-158	502
QOE77915.1	tr|A0A6P4LIH9|A0A6P4LIH9_GOSAR	45.455	539	283	4	611	1146	22	552	1.13e-157	502
QOE77915.1	tr|A0A5J5RR77|A0A5J5RR77_GOSBA	45.083	539	285	4	611	1146	22	552	1.14e-157	502
QOE77915.1	tr|A0A5J5W3M3|A0A5J5W3M3_GOSBA	45.455	539	283	4	611	1146	22	552	1.18e-157	502
QOE77915.1	tr|A0A5D2GTP4|A0A5D2GTP4_GOSDA	45.455	539	283	4	611	1146	22	552	1.18e-157	502
QOE77915.1	tr|A0A6P5WPL1|A0A6P5WPL1_DURZI	47.048	542	279	7	610	1147	21	558	1.25e-157	502
QOE77915.1	tr|A0A5D2CQF0|A0A5D2CQF0_GOSDA	45.455	539	283	4	611	1146	22	552	1.28e-157	502
QOE77915.1	tr|A0A1U8JA20|A0A1U8JA20_GOSHI	45.083	539	285	4	611	1146	22	552	1.38e-157	502
QOE77915.1	sp|O49853|DCS4_GOSAR	45.083	539	285	4	611	1146	22	552	1.38e-157	502
QOE77915.1	tr|A0A5D2L6F5|A0A5D2L6F5_GOSTO	45.455	539	283	4	611	1146	22	552	1.52e-157	502
QOE77915.1	tr|A0A6A2ZPD9|A0A6A2ZPD9_HIBSY	45.221	544	295	3	604	1147	17	557	1.94e-157	501
QOE77915.1	tr|A0A5D2CUS6|A0A5D2CUS6_GOSDA	45.455	539	283	4	611	1146	22	552	2.00e-157	501
QOE77915.1	tr|A0A5D2ZIQ1|A0A5D2ZIQ1_GOSMU	45.455	539	283	4	611	1146	22	552	2.90e-157	501
QOE77915.1	tr|A0A6P4N3G6|A0A6P4N3G6_GOSAR	45.537	549	286	6	603	1146	15	555	3.15e-157	501
QOE77915.1	tr|A0A5D2RXD8|A0A5D2RXD8_GOSTO	45.902	549	284	6	603	1146	15	555	3.71e-157	501
QOE77915.1	tr|A0A5D3ALW5|A0A5D3ALW5_GOSMU	45.902	549	284	6	603	1146	15	555	3.97e-157	501
QOE77915.1	tr|A0A5D2QXW0|A0A5D2QXW0_GOSTO	45.269	539	284	4	611	1146	22	552	5.08e-157	500
QOE77915.1	tr|A0A5D2L641|A0A5D2L641_GOSTO	45.083	539	285	4	611	1146	22	552	6.21e-157	500
QOE77915.1	tr|A0A5D2V6X0|A0A5D2V6X0_GOSMU	45.083	539	285	4	611	1146	22	552	1.11e-156	499
QOE77915.1	tr|A0A0B0N2F3|A0A0B0N2F3_GOSAR	45.640	539	282	4	611	1146	22	552	1.16e-156	499
QOE77915.1	tr|A0A5D2L637|A0A5D2L637_GOSTO	45.083	539	285	4	611	1146	22	552	1.38e-156	499
QOE77915.1	tr|A0A1U8KY71|A0A1U8KY71_GOSHI	45.083	539	285	4	611	1146	22	552	1.57e-156	499
QOE77915.1	sp|Q39761|DCS1_GOSAR	45.083	539	285	4	611	1146	22	552	1.57e-156	499
QOE77915.1	tr|A0A5D2CUK9|A0A5D2CUK9_GOSDA	45.083	539	285	4	611	1146	22	552	1.64e-156	499
QOE77915.1	tr|A0A5J5RNZ8|A0A5J5RNZ8_GOSBA	45.083	539	285	4	611	1146	15	545	2.59e-156	498
QOE77915.1	tr|Q4VP11|Q4VP11_GOSHI	44.898	539	286	4	611	1146	22	552	3.94e-156	498
QOE77915.1	tr|A0A6P4NPH4|A0A6P4NPH4_GOSAR	47.628	548	272	8	8017	8555	14	555	7.48e-156	497
QOE77915.1	tr|A0A0B0NUX1|A0A0B0NUX1_GOSAR	44.809	549	282	5	611	1146	22	562	8.77e-156	497
QOE77915.1	tr|A0A5J5PGV7|A0A5J5PGV7_GOSBA	44.765	554	300	4	12109	12658	7	558	8.98e-156	497
QOE77915.1	tr|A0A061F7C2|A0A061F7C2_THECC	48.337	511	257	4	141151	141659	51	556	9.99e-156	497
QOE77915.1	tr|A0A5D2IUZ3|A0A5D2IUZ3_GOSTO	44.765	554	300	4	12109	12658	7	558	1.05e-155	497
QOE77915.1	tr|A0A1U8J8U5|A0A1U8J8U5_GOSHI	45.083	539	285	4	611	1146	22	552	1.46e-155	496
QOE77915.1	tr|A0A5D2XDA6|A0A5D2XDA6_GOSMU	46.797	562	284	8	12105	12657	1	556	1.58e-155	496
QOE77915.1	tr|A0A6P5WQG7|A0A6P5WQG7_DURZI	44.465	551	294	5	11538	12084	23	565	1.60e-155	497
QOE77915.1	tr|A0A0D2V1I1|A0A0D2V1I1_GOSRA	45.083	539	285	4	611	1146	22	552	2.43e-155	495
QOE77915.1	tr|A0A2P5XKL5|A0A2P5XKL5_GOSBA	45.370	540	283	5	611	1146	22	553	3.29e-155	495
QOE77915.1	tr|A0A6P5ZM37|A0A6P5ZM37_DURZI	45.269	539	287	6	7431	7967	27	559	4.03e-155	495
QOE77915.1	tr|A0A6A2ZKQ5|A0A6A2ZKQ5_HIBSY	44.527	539	291	4	611	1148	25	556	4.09e-155	495
QOE77915.1	tr|A0A0B0NU20|A0A0B0NU20_GOSAR	44.627	549	283	5	611	1146	22	562	1.05e-154	494
QOE77915.1	tr|A0A6J1BD34|A0A6J1BD34_9ROSI	42.783	575	305	5	574	1147	4	555	1.06e-154	494
QOE77915.1	tr|A0A1U8LU54|A0A1U8LU54_GOSHI	44.585	554	301	4	12109	12658	7	558	1.23e-154	494
QOE77915.1	tr|A0A5D2ATJ6|A0A5D2ATJ6_GOSDA	44.946	554	299	4	12109	12658	7	558	1.36e-154	493
QOE77915.1	tr|A0A5D2SYM2|A0A5D2SYM2_GOSMU	44.946	554	299	4	12109	12658	7	558	1.36e-154	493
QOE77915.1	tr|A0A6P5WR04|A0A6P5WR04_DURZI	46.494	542	282	7	141122	141659	21	558	1.69e-154	493
QOE77915.1	tr|A0A6P5Y265|A0A6P5Y265_DURZI	44.065	556	303	4	598	1147	4	557	1.77e-154	493
QOE77915.1	tr|A0A5D2IX70|A0A5D2IX70_GOSTO	44.665	553	300	4	12110	12658	8	558	1.83e-154	493
QOE77915.1	tr|A0A0D2SN44|A0A0D2SN44_GOSRA	44.404	554	302	4	12109	12658	7	558	2.30e-154	493
QOE77915.1	tr|A0A6J1AKW0|A0A6J1AKW0_9ROSI	47.741	509	257	5	141154	141659	11	513	4.81e-154	490
QOE77915.1	tr|A0A6A2XG95|A0A6A2XG95_HIBSY	46.630	549	263	11	8017	8555	18	546	7.34e-154	491
QOE77915.1	tr|A0A6A3AK93|A0A6A3AK93_HIBSY	45.421	546	286	7	8017	8556	11	550	1.19e-153	490
QOE77915.1	tr|A0A5D2T0D4|A0A5D2T0D4_GOSMU	44.304	553	302	4	12110	12658	8	558	1.74e-153	490
QOE77915.1	tr|A0A5D2ASC3|A0A5D2ASC3_GOSDA	44.304	553	302	4	12110	12658	8	558	4.01e-153	489
QOE77915.1	tr|A0A6P5WP95|A0A6P5WP95_DURZI	46.679	542	281	7	141122	141659	21	558	5.25e-153	489
QOE77915.1	tr|A0A5B6VUB8|A0A5B6VUB8_9ROSI	44.123	553	303	4	12110	12658	8	558	1.28e-152	488
QOE77915.1	tr|A0A6P5WQ18|A0A6P5WQ18_DURZI	45.287	541	290	5	610	1147	21	558	1.62e-152	488
QOE77915.1	tr|A0A6P4P1G1|A0A6P4P1G1_GOSAR	43.863	554	305	4	12109	12658	7	558	2.52e-152	487
QOE77915.1	tr|A0A061EWE1|A0A061EWE1_THECC	44.527	539	294	4	610	1147	21	555	3.41e-152	486
QOE77915.1	tr|A0A0D2SN57|A0A0D2SN57_GOSRA	46.333	559	279	9	8006	8555	9	555	4.00e-152	486
QOE77915.1	tr|A0A5J5TUZ9|A0A5J5TUZ9_GOSBA	47.445	548	270	10	8017	8555	18	556	5.74e-152	486
QOE77915.1	tr|A0A2P5VQ48|A0A2P5VQ48_GOSBA	43.575	537	294	5	8022	8555	22	552	1.24e-151	485
QOE77915.1	tr|A0A1U8LTK9|A0A1U8LTK9_GOSHI	45.537	549	284	8	8017	8555	18	561	1.24e-151	485
QOE77915.1	tr|A0A0D2R2U1|A0A0D2R2U1_GOSRA	46.346	561	280	9	8006	8557	9	557	1.74e-151	484
QOE77915.1	tr|A0A5B6VSV2|A0A5B6VSV2_9ROSI	44.828	551	291	6	8013	8556	14	558	2.49e-151	484
QOE77915.1	tr|A0A5D2GTF1|A0A5D2GTF1_GOSDA	43.575	537	294	5	8022	8555	22	552	3.31e-151	483
QOE77915.1	tr|A0A5D2ESD7|A0A5D2ESD7_GOSDA	44.043	554	304	4	12109	12658	7	558	3.62e-151	484
QOE77915.1	tr|U5N1F1|U5N1F1_GOSHI	46.168	561	281	9	8006	8557	9	557	5.69e-151	483
QOE77915.1	tr|A0A6J1ALH5|A0A6J1ALH5_9ROSI	44.346	566	288	8	603	1147	2	561	7.77e-151	483
QOE77915.1	tr|A0A5B6VEC6|A0A5B6VEC6_9ROSI	44.547	541	293	6	610	1147	8	544	7.99e-151	482
QOE77915.1	tr|A0A6P4LQ56|A0A6P4LQ56_GOSAR	43.575	537	294	5	8022	8555	22	552	9.00e-151	482
QOE77915.1	tr|A0A6P5Y215|A0A6P5Y215_DURZI	43.494	561	300	7	598	1147	4	558	9.76e-151	482
QOE77915.1	tr|A0A5D2XD32|A0A5D2XD32_GOSMU	43.863	554	305	4	12109	12658	7	558	1.18e-150	482
QOE77915.1	tr|A0A6A2XG39|A0A6A2XG39_HIBSY	46.266	549	266	11	8017	8555	18	547	1.32e-150	482
QOE77915.1	tr|A0A5D2HYM3|A0A5D2HYM3_GOSTO	47.581	496	251	4	654	1146	4	493	1.81e-150	479
QOE77915.1	tr|A0A5D2ZIP1|A0A5D2ZIP1_GOSMU	43.389	537	295	5	8022	8555	22	552	2.83e-150	481
QOE77915.1	tr|A0A1S2X8Q6|A0A1S2X8Q6_CUCME	42.831	551	302	4	609	1147	21	570	4.31e-150	481
QOE77915.1	sp|B2KSJ5|GCSY1_CUCME	42.831	551	302	4	609	1147	21	570	4.31e-150	481
QOE77915.1	tr|A0A5D2IV89|A0A5D2IV89_GOSTO	43.761	553	305	4	12110	12658	8	558	4.86e-150	480
QOE77915.1	tr|A0A6P4NXY0|A0A6P4NXY0_GOSAR	45.259	559	285	9	8006	8555	9	555	5.13e-150	480
QOE77915.1	tr|A0A5D2HR53|A0A5D2HR53_GOSDA	47.262	493	249	4	141169	141658	8	492	5.88e-150	477
QOE77915.1	tr|A0A6P5Y2B2|A0A6P5Y2B2_DURZI	43.038	553	307	4	12109	12658	7	554	6.02e-150	480
QOE77915.1	tr|A0A1U8MPZ7|A0A1U8MPZ7_GOSHI	44.177	541	295	6	610	1147	8	544	8.45e-150	479
QOE77915.1	tr|A0A5D2SYS9|A0A5D2SYS9_GOSMU	42.987	549	309	4	601	1147	12	558	1.67e-149	479
QOE77915.1	tr|A0A5D2ZJ49|A0A5D2ZJ49_GOSMU	43.470	536	298	3	124689	125224	22	552	3.91e-149	478
QOE77915.1	tr|A0A2P5VQ77|A0A2P5VQ77_GOSBA	43.785	539	278	5	611	1146	22	538	4.40e-149	477
QOE77915.1	tr|A0A5D2GSS4|A0A5D2GSS4_GOSDA	43.284	536	299	3	124689	125224	22	552	5.80e-149	477
QOE77915.1	tr|A0A2P5XKH4|A0A2P5XKH4_GOSBA	43.284	536	299	3	124689	125224	22	552	5.80e-149	477
QOE77915.1	tr|A0A5B6VTH2|A0A5B6VTH2_9ROSI	46.909	550	263	9	8017	8557	1	530	7.85e-149	476
QOE77915.1	tr|A0A5D2SYZ7|A0A5D2SYZ7_GOSMU	46.512	559	278	9	8006	8555	9	555	1.03e-148	476
QOE77915.1	tr|A0A5D3AE27|A0A5D3AE27_GOSMU	43.623	541	298	6	610	1147	8	544	1.85e-148	475
QOE77915.1	tr|A0A0B0MPP6|A0A0B0MPP6_GOSAR	43.623	541	298	6	610	1147	8	544	1.85e-148	475
QOE77915.1	tr|A0A0B0PVD8|A0A0B0PVD8_GOSAR	43.599	539	275	5	611	1146	22	534	2.20e-148	474
QOE77915.1	tr|A0A5D2W4W0|A0A5D2W4W0_GOSMU	43.623	541	298	6	610	1147	8	544	3.30e-148	474
QOE77915.1	tr|A0A5D2IVA9|A0A5D2IVA9_GOSTO	46.512	559	278	9	8006	8555	9	555	3.48e-148	475
QOE77915.1	tr|K7PRF2|K7PRF2_GOSHI	43.590	546	291	7	610	1147	8	544	3.74e-148	474
QOE77915.1	tr|A0A5J5WV20|A0A5J5WV20_GOSBA	43.590	546	291	7	610	1147	8	544	3.82e-148	474
QOE77915.1	tr|A0A5D2HJ70|A0A5D2HJ70_GOSDA	43.590	546	291	7	610	1147	8	544	3.82e-148	474
QOE77915.1	tr|A0A5D2RN75|A0A5D2RN75_GOSTO	43.590	546	291	7	610	1147	8	544	3.82e-148	474
QOE77915.1	tr|A0A1U8LU38|A0A1U8LU38_GOSHI	46.333	559	279	9	8006	8555	9	555	3.87e-148	475
QOE77915.1	tr|A0A1U8KGL3|A0A1U8KGL3_GOSHI	43.590	546	291	7	610	1147	8	544	4.45e-148	474
QOE77915.1	sp|B9S9Z3|TPS1_RICCO	45.287	541	277	9	7431	7965	29	556	4.81e-148	474
QOE77915.1	tr|A0A0D2U0W9|A0A0D2U0W9_GOSRA	42.458	537	300	5	8022	8555	22	552	5.30e-148	474
QOE77915.1	tr|A0A5D2L9D5|A0A5D2L9D5_GOSTO	42.272	537	301	5	8022	8555	22	552	6.55e-148	474
QOE77915.1	tr|A0A5J5PI26|A0A5J5PI26_GOSBA	43.400	553	306	5	12110	12658	8	557	8.65e-148	474
QOE77915.1	tr|A0A0D2Q9J4|A0A0D2Q9J4_GOSRA	44.381	525	285	6	610	1131	8	528	1.18e-147	473
QOE77915.1	tr|A0A6P5Y2M0|A0A6P5Y2M0_DURZI	44.220	545	292	5	610	1147	21	560	2.43e-147	473
QOE77915.1	tr|A0A5J5RNZ1|A0A5J5RNZ1_GOSBA	42.086	537	302	5	8022	8555	22	552	2.47e-147	472
QOE77915.1	tr|A0A2P5VWQ1|A0A2P5VWQ1_GOSBA	42.727	550	304	5	603	1146	2	546	2.53e-147	472
QOE77915.1	tr|A0A5D2SYT5|A0A5D2SYT5_GOSMU	43.141	554	305	5	12109	12658	7	554	3.19e-147	472
QOE77915.1	tr|A0A5D2ET48|A0A5D2ET48_GOSDA	42.727	550	304	5	603	1146	17	561	3.40e-147	472
QOE77915.1	tr|A0A5J5TV04|A0A5J5TV04_GOSBA	42.727	550	304	5	603	1146	17	561	3.40e-147	472
QOE77915.1	tr|A0A6P4P3P5|A0A6P4P3P5_GOSAR	42.518	548	304	5	605	1146	12	554	4.94e-147	471
QOE77915.1	tr|A0A5B6VTQ9|A0A5B6VTQ9_9ROSI	46.182	550	267	9	8017	8557	1	530	6.03e-147	470
QOE77915.1	tr|A0A6A2Y4G7|A0A6A2Y4G7_HIBSY	44.973	547	288	8	8018	8556	15	556	7.08e-147	471
QOE77915.1	tr|A0A5D2V713|A0A5D2V713_GOSMU	42.086	537	303	5	8022	8555	22	553	8.11e-147	471
QOE77915.1	tr|A0A2P5YXD8|A0A2P5YXD8_GOSBA	42.188	576	321	8	5638	6210	7	573	1.39e-146	473
QOE77915.1	tr|A0A6P4LMG5|A0A6P4LMG5_GOSAR	43.068	541	298	5	141123	141658	22	557	2.33e-146	470
QOE77915.1	tr|A0A0D2Q9J7|A0A0D2Q9J7_GOSRA	45.703	512	272	5	141150	141659	8	515	2.41e-146	468
QOE77915.1	tr|A0A5D2ZL95|A0A5D2ZL95_GOSMU	42.937	538	297	6	8022	8555	22	553	3.06e-146	469
QOE77915.1	tr|A0A0D2V1H8|A0A0D2V1H8_GOSRA	42.086	537	302	5	8022	8555	22	552	3.84e-146	469
QOE77915.1	tr|A0A0D2PHW4|A0A0D2PHW4_GOSRA	43.369	558	300	6	8009	8555	2	554	4.02e-146	469
QOE77915.1	tr|A0A1U8J2E4|A0A1U8J2E4_GOSHI	42.724	536	303	3	611	1146	22	553	4.08e-146	469
QOE77915.1	tr|A0A5D2SZZ7|A0A5D2SZZ7_GOSMU	42.336	548	305	5	605	1146	12	554	6.69e-146	468
QOE77915.1	tr|A0A5D2QUD5|A0A5D2QUD5_GOSTO	43.599	539	275	6	611	1146	22	534	7.35e-146	467
QOE77915.1	tr|A0A5D2ARC9|A0A5D2ARC9_GOSDA	45.259	559	285	9	8006	8555	9	555	7.76e-146	468
QOE77915.1	tr|A0A0D2SN34|A0A0D2SN34_GOSRA	43.369	558	300	6	8009	8555	2	554	7.81e-146	468
QOE77915.1	tr|A0A5J5TTD2|A0A5J5TTD2_GOSBA	43.345	556	291	4	8004	8556	2	536	8.70e-146	467
QOE77915.1	tr|A0A1U8LAZ9|A0A1U8LAZ9_GOSHI	49.330	448	225	2	141212	141659	22	467	1.88e-145	463
QOE77915.1	tr|A0A5J5W3G6|A0A5J5W3G6_GOSBA	42.751	538	298	6	8022	8555	22	553	2.74e-145	466
QOE77915.1	tr|A0A6P4LNH9|A0A6P4LNH9_GOSAR	43.019	530	293	5	8029	8555	30	553	3.08e-145	466
QOE77915.1	tr|A0A2P5XQ52|A0A2P5XQ52_GOSBA	43.785	539	267	7	611	1146	22	527	5.22e-145	464
QOE77915.1	tr|A0A5J5SKT5|A0A5J5SKT5_GOSBA	43.253	541	300	6	610	1147	5	541	5.33e-145	465
QOE77915.1	tr|A0A5J5PI85|A0A5J5PI85_GOSBA	43.190	558	301	6	8009	8555	2	554	8.73e-145	465
QOE77915.1	tr|A0A1U8KMY4|A0A1U8KMY4_GOSHI	42.642	530	295	5	8029	8555	30	553	1.31e-144	464
QOE77915.1	tr|A0A2I4U5I3|A0A2I4U5I3_GOSHI	42.336	548	303	6	605	1146	12	552	1.68e-144	464
QOE77915.1	tr|A0A6A2YFM5|A0A6A2YFM5_HIBSY	42.572	552	311	4	12109	12657	7	555	2.25e-144	464
QOE77915.1	tr|A0A5D2NJB6|A0A5D2NJB6_GOSTO	42.364	550	304	6	603	1146	2	544	2.78e-144	463
QOE77915.1	tr|A0A6P4P3D9|A0A6P4P3D9_GOSAR	44.902	559	286	10	8006	8555	9	554	3.52e-144	463
QOE77915.1	tr|A0A0B0MPV5|A0A0B0MPV5_GOSAR	42.049	566	290	8	8022	8555	22	581	4.16e-144	464
QOE77915.1	tr|A0A5J5RN62|A0A5J5RN62_GOSBA	43.358	542	276	7	611	1147	22	537	5.07e-144	462
QOE77915.1	tr|A0A2P5Y4Z7|A0A2P5Y4Z7_GOSBA	42.806	556	291	4	8004	8556	2	533	9.13e-144	461
QOE77915.1	tr|A0A5D2ASB4|A0A5D2ASB4_GOSDA	43.190	558	296	7	8009	8555	2	549	1.05e-143	462
QOE77915.1	tr|A0A5J5W2P7|A0A5J5W2P7_GOSBA	42.308	546	297	7	8022	8555	22	561	1.82e-143	461
QOE77915.1	tr|A0A5D2QVA5|A0A5D2QVA5_GOSTO	43.228	539	261	7	611	1146	22	518	1.94e-143	460
QOE77915.1	tr|A0A5D2ZLD5|A0A5D2ZLD5_GOSMU	42.857	539	275	6	611	1146	22	530	2.05e-143	460
QOE77915.1	tr|Q84LK9|Q84LK9_GOSAR	42.351	536	304	4	611	1146	23	553	1.08e-142	459
QOE77915.1	tr|A0A1R3H8Z5|A0A1R3H8Z5_COCAP	43.233	532	289	7	8017	8538	16	544	1.15e-142	468
QOE77915.1	tr|A0A5D2ESV4|A0A5D2ESV4_GOSDA	45.081	559	285	11	8006	8555	9	554	1.31e-142	459
QOE77915.1	tr|A0A6A3BC72|A0A6A3BC72_HIBSY	43.486	545	281	6	141123	141659	25	550	1.81e-142	458
QOE77915.1	tr|A0A5D2T1D0|A0A5D2T1D0_GOSMU	41.971	548	303	6	605	1146	12	550	2.19e-142	458
QOE77915.1	tr|A0A5D2GTN0|A0A5D2GTN0_GOSDA	43.043	539	262	7	611	1146	22	518	2.63e-142	456
QOE77915.1	tr|A0A1U8NGI8|A0A1U8NGI8_GOSHI	45.081	559	285	11	8006	8555	9	554	3.08e-142	458
QOE77915.1	tr|A0A5D2L6I6|A0A5D2L6I6_GOSTO	42.857	539	274	7	611	1146	22	529	3.42e-142	457
QOE77915.1	tr|A0A5D2CQM8|A0A5D2CQM8_GOSDA	41.527	537	296	6	8022	8555	22	543	4.41e-142	457
QOE77915.1	tr|A0A5D2ZMU7|A0A5D2ZMU7_GOSMU	42.751	538	259	6	612	1146	23	514	7.10e-142	455
QOE77915.1	tr|A0A5J5RPD9|A0A5J5RPD9_GOSBA	41.527	537	296	6	8022	8555	22	543	8.81e-142	456
QOE77915.1	tr|A0A5D2NLP9|A0A5D2NLP9_GOSTO	42.599	554	306	5	12109	12658	7	552	1.09e-141	456
QOE77915.1	tr|A0A5D2NJM2|A0A5D2NJM2_GOSTO	44.902	559	286	11	8006	8555	9	554	3.28e-141	455
QOE77915.1	tr|A0A5D2CUF8|A0A5D2CUF8_GOSDA	45.436	493	244	5	657	1146	2	472	3.50e-141	451
QOE77915.1	tr|A0A5J5RNV4|A0A5J5RNV4_GOSBA	45.732	492	242	5	658	1146	8	477	6.27e-141	451
QOE77915.1	tr|A0A5D2AR95|A0A5D2AR95_GOSDA	42.077	549	302	7	605	1146	12	551	6.54e-141	454
QOE77915.1	tr|A0A5J5PJ17|A0A5J5PJ17_GOSBA	44.444	504	274	4	8018	8517	18	519	7.91e-141	452
QOE77915.1	tr|A0A6A2XF21|A0A6A2XF21_HIBSY	42.533	529	298	4	12109	12634	7	532	7.17e-140	450
QOE77915.1	tr|A0A061FBH4|A0A061FBH4_THECC	43.400	553	295	9	7421	7967	9	549	1.27e-139	450
QOE77915.1	tr|A0A0D2SHP6|A0A0D2SHP6_GOSRA	43.043	539	271	7	611	1146	22	527	1.47e-139	449
QOE77915.1	tr|A0A6A2YEA8|A0A6A2YEA8_HIBSY	40.219	547	319	4	601	1146	12	551	1.79e-139	450
QOE77915.1	tr|A0A5J5PLK0|A0A5J5PLK0_GOSBA	43.248	548	269	8	8017	8555	18	532	4.99e-139	447
QOE77915.1	tr|A0A5D2AST4|A0A5D2AST4_GOSDA	43.066	548	270	8	8017	8555	18	532	2.54e-138	446
QOE77915.1	tr|A0A6P4PC34|A0A6P4PC34_GOSAR	42.831	537	301	4	8024	8556	24	558	9.79e-138	445
QOE77915.1	tr|A0A0D2R2T7|A0A0D2R2T7_GOSRA	42.883	548	271	8	8017	8555	18	532	2.32e-137	443
QOE77915.1	tr|A0A5D2QUF7|A0A5D2QUF7_GOSTO	43.056	504	277	6	8022	8521	22	519	4.06e-137	442
QOE77915.1	tr|A0A5D2IWM7|A0A5D2IWM7_GOSTO	43.066	548	270	8	8017	8555	18	532	6.42e-137	442
QOE77915.1	tr|A0A5D2T077|A0A5D2T077_GOSMU	42.701	548	273	7	8017	8555	18	533	1.05e-136	441
QOE77915.1	tr|A0A5D2IX89|A0A5D2IX89_GOSTO	45.793	511	257	9	7467	7968	1	500	1.95e-136	439
QOE77915.1	tr|A0A2P5YXF4|A0A2P5YXF4_GOSBA	42.182	550	271	8	598	1147	7	509	3.16e-136	439
QOE77915.1	tr|A0A5D2QV95|A0A5D2QV95_GOSTO	43.056	504	268	7	8022	8521	22	510	6.55e-136	438
QOE77915.1	sp|K4L9M2|STS1_THAGA	43.716	549	296	8	8019	8556	14	560	1.50e-135	439
QOE77915.1	tr|A0A5D2NF97|A0A5D2NF97_GOSTO	43.605	516	257	4	8004	8516	2	486	2.15e-135	435
QOE77915.1	tr|A0A5D2CUG7|A0A5D2CUG7_GOSDA	41.155	537	294	5	611	1147	22	536	6.27e-135	436
QOE77915.1	tr|A0A6P5ZGH0|A0A6P5ZGH0_DURZI	41.924	551	304	7	7420	7965	8	547	2.25e-134	435
QOE77915.1	tr|A0A6A2XR49|A0A6A2XR49_HIBSY	43.929	560	280	13	8006	8555	9	544	2.93e-134	434
QOE77915.1	tr|A0A7C9AZA5|A0A7C9AZA5_OPUST	41.964	560	304	11	5623	6176	7	551	1.32e-133	433
QOE77915.1	tr|A0A0D2SHM4|A0A0D2SHM4_GOSRA	49.446	451	216	6	7420	7869	19	458	1.74e-133	428
QOE77915.1	tr|A0A6P4MB51|A0A6P4MB51_GOSAR	48.064	439	226	2	708	1146	30	466	1.79e-133	429
QOE77915.1	tr|Q9SW77|Q9SW77_GOSAR	41.002	539	261	6	611	1146	22	506	2.74e-133	430
QOE77915.1	tr|A0A0B0NTY2|A0A0B0NTY2_GOSAR	48.821	424	215	2	141236	141659	30	451	2.78e-133	427
QOE77915.1	tr|A0A5D2DMV1|A0A5D2DMV1_GOSDA	41.220	541	284	8	610	1147	5	514	7.97e-133	429
QOE77915.1	tr|A0A6P4MS07|A0A6P4MS07_GOSAR	49.409	423	212	2	724	1146	50	470	3.10e-132	426
QOE77915.1	tr|A0A5D2ARA7|A0A5D2ARA7_GOSDA	39.891	549	304	6	602	1147	13	538	3.50e-132	428
QOE77915.1	tr|A0A5D2RV92|A0A5D2RV92_GOSTO	49.876	403	200	2	141257	141659	10	410	1.20e-131	421
QOE77915.1	tr|A0A5J5PJP5|A0A5J5PJP5_GOSBA	40.437	549	301	7	605	1146	12	541	2.04e-131	426
QOE77915.1	tr|A0A6P5ZFL2|A0A6P5ZFL2_DURZI	40.687	553	312	7	7420	7967	8	549	3.89e-131	426
QOE77915.1	tr|A0A6A2YHR0|A0A6A2YHR0_HIBSY	39.671	547	316	6	601	1146	12	545	3.66e-130	422
QOE77915.1	tr|A0A5D2L6G3|A0A5D2L6G3_GOSTO	39.700	534	296	6	8022	8555	22	529	4.19e-130	422
QOE77915.1	tr|A0A7C9DYN4|A0A7C9DYN4_OPUST	40.219	547	309	11	611	1147	21	559	5.90e-130	422
QOE77915.1	tr|A0A061F9B8|A0A061F9B8_THECC	43.359	512	282	7	7456	7965	9	514	1.01e-129	420
QOE77915.1	tr|A0A6A2Y6Z2|A0A6A2Y6Z2_HIBSY	38.424	622	322	12	7367	7954	1	595	1.37e-129	423
QOE77915.1	tr|A0A6A2YXZ8|A0A6A2YXZ8_HIBSY	42.441	549	255	12	8017	8555	14	511	2.05e-129	419
QOE77915.1	tr|A0A5D2DNQ9|A0A5D2DNQ9_GOSDA	42.058	554	299	11	7420	7965	8	547	3.63e-129	420
QOE77915.1	tr|A0A5J5SMB9|A0A5J5SMB9_GOSBA	42.058	554	299	11	7420	7965	8	547	3.63e-129	420
QOE77915.1	tr|A0A0D2M9A5|A0A0D2M9A5_GOSRA	42.238	554	298	11	7420	7965	8	547	3.67e-129	420
QOE77915.1	tr|A0A5D2NGL6|A0A5D2NGL6_GOSTO	43.447	557	267	12	8017	8555	86	612	4.51e-129	422
QOE77915.1	tr|A0A5D2IX62|A0A5D2IX62_GOSTO	39.964	548	296	7	605	1146	12	532	4.60e-129	419
QOE77915.1	tr|A0A5D2AU17|A0A5D2AU17_GOSDA	39.964	553	302	5	12110	12658	8	534	4.89e-129	419
QOE77915.1	tr|A0A6A2X1B6|A0A6A2X1B6_HIBSY	42.336	548	302	9	7420	7965	8	543	5.26e-129	419
QOE77915.1	tr|S1RWP6|S1RWP6_THECC	40.273	586	303	9	7421	7967	9	586	6.57e-129	421
QOE77915.1	tr|A0A0D2TQ74|A0A0D2TQ74_GOSRA	46.841	459	226	8	8006	8458	9	455	1.44e-128	415
QOE77915.1	tr|A0A6J1BM18|A0A6J1BM18_9ROSI	41.062	565	316	9	10337	10898	6	556	1.47e-128	419
QOE77915.1	tr|A0A6P5Z5S3|A0A6P5Z5S3_DURZI	46.121	464	212	8	7431	7870	31	480	3.70e-128	414
QOE77915.1	tr|A0A061F5F8|A0A061F5F8_THECC	42.857	518	273	11	8020	8530	21	522	3.94e-128	416
QOE77915.1	tr|A0A6P5WVP2|A0A6P5WVP2_DURZI	40.687	553	312	7	7420	7967	8	549	1.18e-127	416
QOE77915.1	tr|A0A1U8LQA0|A0A1U8LQA0_GOSHI	44.060	463	252	5	8018	8476	18	477	1.22e-127	413
QOE77915.1	tr|A0A5J5SLZ5|A0A5J5SLZ5_GOSBA	41.982	555	299	12	7420	7965	8	548	1.38e-127	415
QOE77915.1	tr|A0A061F6C8|A0A061F6C8_THECC	45.197	458	225	6	8043	8496	24	459	2.84e-127	411
QOE77915.1	tr|A0A6A2YIE0|A0A6A2YIE0_HIBSY	42.857	560	268	13	8006	8555	9	526	3.59e-127	413
QOE77915.1	tr|A0A0D2SN53|A0A0D2SN53_GOSRA	46.841	459	226	8	8006	8458	9	455	5.26e-127	410
QOE77915.1	tr|A0A5J5PI58|A0A5J5PI58_GOSBA	47.059	459	225	8	8006	8458	9	455	4.13e-126	408
QOE77915.1	tr|A0A5B6U7Z9|A0A5B6U7Z9_9ROSI	39.665	537	276	6	8022	8555	22	513	1.49e-125	408
QOE77915.1	tr|A0A0D2R2U6|A0A0D2R2U6_GOSRA	42.576	559	246	12	8006	8555	9	501	2.15e-125	407
QOE77915.1	tr|A0A7C9CUZ7|A0A7C9CUZ7_OPUST	47.170	424	218	5	710	1129	2	423	3.10e-125	404
QOE77915.1	tr|A0A0D2SN38|A0A0D2SN38_GOSRA	40.072	559	283	6	12109	12658	7	522	7.06e-125	406
QOE77915.1	tr|A0A6P6BK13|A0A6P6BK13_DURZI	40.039	517	303	4	8661	9172	63	577	9.09e-125	408
QOE77915.1	tr|A0A0D2SU99|A0A0D2SU99_GOSRA	41.472	557	272	10	8006	8555	9	518	1.29e-124	405
QOE77915.1	tr|A0A5D2IWP5|A0A5D2IWP5_GOSTO	50.614	407	194	4	141257	141658	9	413	1.58e-124	401
QOE77915.1	tr|A0A5J5RND7|A0A5J5RND7_GOSBA	44.240	434	233	5	8022	8452	22	449	2.64e-124	402
QOE77915.1	tr|A0A5D2AW10|A0A5D2AW10_GOSDA	42.218	559	258	10	8006	8555	9	511	4.43e-124	404
QOE77915.1	tr|A0A5D2QV56|A0A5D2QV56_GOSTO	39.552	536	261	4	141123	141658	22	494	1.51e-123	401
QOE77915.1	tr|A0A5D2V701|A0A5D2V701_GOSMU	39.668	542	265	6	611	1147	22	506	2.75e-123	401
QOE77915.1	tr|A0A5J5X2S8|A0A5J5X2S8_GOSBA	50.378	397	188	6	8020	8412	21	412	3.12e-123	398
QOE77915.1	tr|A0A5D2XGK3|A0A5D2XGK3_GOSMU	37.891	607	343	14	7369	7967	22	602	3.30e-123	405
QOE77915.1	tr|A0A5D2SYX3|A0A5D2SYX3_GOSMU	40.143	558	269	8	8009	8555	2	505	3.31e-123	401
QOE77915.1	tr|A0A5D2T012|A0A5D2T012_GOSMU	41.379	551	258	9	5634	6178	13	504	3.94e-123	400
QOE77915.1	tr|A0A6P4Q9D9|A0A6P4Q9D9_GOSAR	38.274	614	343	15	7362	7967	17	602	4.04e-123	404
QOE77915.1	tr|A0A5D2NJJ9|A0A5D2NJJ9_GOSTO	38.918	573	322	14	7405	7967	48	602	1.10e-122	403
QOE77915.1	tr|A0A5D2XFL7|A0A5D2XFL7_GOSMU	38.918	573	322	14	7405	7967	48	602	1.23e-122	403
QOE77915.1	tr|A0A5D2EW80|A0A5D2EW80_GOSDA	38.918	573	322	14	7405	7967	48	602	1.23e-122	403
QOE77915.1	tr|A0A2P5XBD0|A0A2P5XBD0_GOSBA	38.918	573	322	14	7405	7967	48	602	1.23e-122	403
QOE77915.1	tr|A0A5D2ETY7|A0A5D2ETY7_GOSDA	40.493	568	305	13	7414	7967	1	549	2.24e-122	400
QOE77915.1	tr|A0A0D2RF06|A0A0D2RF06_GOSRA	38.850	574	323	14	7405	7967	45	601	3.16e-122	402
QOE77915.1	tr|A0A5D2ASI4|A0A5D2ASI4_GOSDA	39.964	558	270	8	8009	8555	2	505	3.32e-122	398
QOE77915.1	tr|A0A6A2YNX3|A0A6A2YNX3_HIBSY	42.204	481	256	7	8081	8556	29	492	3.54e-122	397
QOE77915.1	tr|A0A5D2NKP4|A0A5D2NKP4_GOSTO	40.317	568	306	13	7414	7967	1	549	5.85e-122	399
QOE77915.1	tr|A0A5D2T1U1|A0A5D2T1U1_GOSMU	45.969	459	219	9	8006	8458	9	444	6.50e-122	395
QOE77915.1	tr|A0A6J0ZWF9|A0A6J0ZWF9_9ROSI	40.215	557	319	11	7414	7967	1	546	7.74e-122	399
QOE77915.1	tr|A0A5D2NIY5|A0A5D2NIY5_GOSTO	42.466	511	247	8	8054	8555	12	484	1.07e-121	396
QOE77915.1	tr|A0A5D2NMG7|A0A5D2NMG7_GOSTO	39.437	568	320	12	7408	7967	51	602	1.66e-121	400
QOE77915.1	tr|A0A5D2V705|A0A5D2V705_GOSMU	41.016	512	233	5	635	1146	44	486	1.91e-121	395
QOE77915.1	tr|A0A5D2EVN2|A0A5D2EVN2_GOSDA	38.056	607	342	14	7369	7967	22	602	2.11e-121	399
QOE77915.1	tr|A0A5J5PI34|A0A5J5PI34_GOSBA	45.752	459	220	9	8006	8458	9	444	2.43e-121	394
QOE77915.1	tr|A0A6P4Q9S8|A0A6P4Q9S8_GOSAR	39.016	569	323	14	7408	7967	51	604	3.49e-121	399
QOE77915.1	tr|A0A5D2XCZ0|A0A5D2XCZ0_GOSMU	45.923	466	233	9	7408	7870	9	458	4.87e-121	394
QOE77915.1	tr|A0A5J5PKW6|A0A5J5PKW6_GOSBA	38.502	574	325	14	7405	7967	45	601	1.37e-120	397
QOE77915.1	tr|A0A0D2RF04|A0A0D2RF04_GOSRA	38.596	570	330	13	7405	7967	48	604	3.04e-120	396
QOE77915.1	tr|A0A5D2T4I9|A0A5D2T4I9_GOSMU	39.123	570	326	14	7405	7967	48	603	3.58e-120	396
QOE77915.1	tr|A0A5D2ATS8|A0A5D2ATS8_GOSDA	38.328	574	326	14	7405	7967	48	604	6.36e-120	395
QOE77915.1	tr|A0A6A2ZRA3|A0A6A2ZRA3_HIBSY	39.147	539	272	7	610	1147	23	506	1.31e-119	390
QOE77915.1	tr|A0A5J5PHA6|A0A5J5PHA6_GOSBA	37.409	548	294	6	605	1146	12	516	1.50e-119	391
QOE77915.1	tr|A0A0D2SU92|A0A0D2SU92_GOSRA	45.455	418	223	3	12109	12522	7	423	1.64e-119	387
QOE77915.1	tr|A0A6P5X903|A0A6P5X903_DURZI	40.286	489	283	4	8690	9172	86	571	2.51e-119	392
QOE77915.1	tr|A0A5D2AW01|A0A5D2AW01_GOSDA	44.098	449	235	6	8009	8446	2	445	2.54e-119	387
QOE77915.1	tr|A0A5D2ATI8|A0A5D2ATI8_GOSDA	37.705	549	282	8	605	1146	12	507	5.37e-119	389
QOE77915.1	tr|A0A5D2T1F9|A0A5D2T1F9_GOSMU	38.704	571	326	12	7405	7967	46	600	9.79e-119	392
QOE77915.1	tr|A0A6A3ALK0|A0A6A3ALK0_HIBSY	40.253	554	307	10	7415	7967	3	533	1.52e-118	389
QOE77915.1	tr|A0A5D2IVP8|A0A5D2IVP8_GOSTO	38.060	536	269	7	613	1146	24	498	2.06e-118	387
QOE77915.1	tr|A0A286LP75|A0A286LP75_DENNO	38.351	558	318	10	7422	7967	6	549	8.45e-118	387
QOE77915.1	tr|A0A5D2IVX1|A0A5D2IVX1_GOSTO	43.781	402	224	2	746	1147	1	400	2.15e-117	380
QOE77915.1	tr|A0A5D2IY16|A0A5D2IY16_GOSTO	38.772	570	327	15	7405	7967	48	602	2.31e-117	388
QOE77915.1	tr|A0A6P6ACA5|A0A6P6ACA5_DURZI	42.355	484	272	5	8692	9173	117	595	2.43e-117	387
QOE77915.1	tr|A0A061GH69|A0A061GH69_THECC	38.772	521	304	6	8661	9172	64	578	4.26e-117	386
QOE77915.1	tr|A0A061F809|A0A061F809_THECC	45.025	402	194	2	746	1147	1	375	2.03e-116	376
QOE77915.1	tr|A0A6P5X9I0|A0A6P5X9I0_DURZI	38.330	587	334	10	8600	9172	11	583	2.17e-116	384
QOE77915.1	tr|A0A6P4LS10|A0A6P4LS10_GOSAR	38.728	519	309	6	8661	9172	60	576	3.21e-116	384
QOE77915.1	tr|A0A5J5TX93|A0A5J5TX93_GOSBA	41.120	518	286	9	7456	7967	12	516	3.60e-116	381
QOE77915.1	tr|A0A1U8LW41|A0A1U8LW41_GOSHI	37.979	574	321	15	7405	7967	45	594	3.71e-116	384
QOE77915.1	tr|A0A6P6ACE3|A0A6P6ACE3_DURZI	42.767	477	267	5	8675	9150	99	570	4.51e-116	384
QOE77915.1	tr|A0A6P4M5D2|A0A6P4M5D2_GOSAR	38.728	519	309	6	8661	9172	27	543	7.37e-116	381
QOE77915.1	tr|A0A5D2IV09|A0A5D2IV09_GOSTO	43.498	446	236	6	8009	8443	2	442	8.02e-116	377
QOE77915.1	tr|A0A5D2ETL7|A0A5D2ETL7_GOSDA	41.472	557	259	14	8017	8555	86	593	1.04e-115	382
QOE77915.1	tr|A0A2P5XBB6|A0A2P5XBB6_GOSBA	39.330	567	294	12	7414	7967	1	530	1.22e-115	380
QOE77915.1	tr|A0A5D2XIS4|A0A5D2XIS4_GOSMU	40.927	518	287	9	7456	7967	12	516	1.69e-115	379
QOE77915.1	tr|A0A5D2ETW3|A0A5D2ETW3_GOSDA	42.023	514	241	10	8054	8555	12	480	2.50e-115	377
QOE77915.1	tr|A0A5D2XFJ2|A0A5D2XFJ2_GOSMU	40.430	512	284	10	7464	7967	2	500	7.77e-115	377
QOE77915.1	tr|A0A5D2NK07|A0A5D2NK07_GOSTO	40.845	497	270	11	10415	10901	15	497	2.10e-114	375
QOE77915.1	tr|A0A5D2IZ93|A0A5D2IZ93_GOSTO	38.921	519	308	6	8661	9172	61	577	2.30e-114	379
QOE77915.1	tr|A0A6J0ZIX7|A0A6J0ZIX7_9ROSI	41.429	490	277	5	8689	9172	101	586	3.31e-114	378
QOE77915.1	tr|A0A1U8L965|A0A1U8L965_GOSHI	41.667	492	269	8	7482	7967	15	494	7.44e-114	374
QOE77915.1	tr|A0A0F6SCZ9|A0A0F6SCZ9_GOSBA	38.536	519	310	6	8661	9172	61	577	1.01e-113	377
QOE77915.1	tr|A0A5D2T4K3|A0A5D2T4K3_GOSMU	38.536	519	310	6	8661	9172	61	577	1.07e-113	377
QOE77915.1	tr|A0A1N7T9S5|A0A1N7T9S5_GOSHI	38.536	519	310	6	8661	9172	61	577	1.07e-113	377
QOE77915.1	tr|A0A0D2TQ69|A0A0D2TQ69_GOSRA	40.288	556	251	11	8006	8555	9	489	1.37e-113	372
QOE77915.1	tr|A0A6A3C1Q2|A0A6A3C1Q2_HIBSY	37.849	502	300	5	8677	9172	80	575	2.17e-113	375
QOE77915.1	tr|A0A5D2XG69|A0A5D2XG69_GOSMU	38.150	519	312	6	8661	9172	60	576	2.56e-113	375
QOE77915.1	tr|A0A1U8L8V1|A0A1U8L8V1_GOSHI	38.150	519	312	6	8661	9172	60	576	3.07e-113	375
QOE77915.1	tr|A0A5B6VDJ1|A0A5B6VDJ1_9ROSI	39.305	547	308	9	7420	7965	8	531	3.64e-113	373
QOE77915.1	tr|A0A6A2YGE1|A0A6A2YGE1_HIBSY	37.269	542	261	7	605	1146	15	477	3.70e-113	371
QOE77915.1	tr|A0A061GU77|A0A061GU77_THECC	39.852	542	303	12	7414	7950	1	524	5.27e-113	373
QOE77915.1	tr|A0A061DIG8|A0A061DIG8_THECC	41.633	490	276	5	8689	9172	101	586	5.32e-113	375
QOE77915.1	tr|A0A2P5W608|A0A2P5W608_GOSBA	38.150	519	312	6	8661	9172	27	543	6.74e-113	373
QOE77915.1	tr|A0A5B6X845|A0A5B6X845_9ROSI	37.766	564	327	9	7419	7968	5	558	7.80e-113	373
QOE77915.1	tr|A0A5J5TZF7|A0A5J5TZF7_GOSBA	40.430	512	284	10	7464	7967	2	500	1.09e-112	370
QOE77915.1	tr|A0A5J5PLH7|A0A5J5PLH7_GOSBA	38.716	514	306	6	8661	9167	61	572	1.69e-112	372
QOE77915.1	tr|A0A5B6V6S8|A0A5B6V6S8_9ROSI	40.000	500	269	8	7474	7965	4	480	1.74e-112	369
QOE77915.1	tr|A0A0D2T0X4|A0A0D2T0X4_GOSRA	38.150	519	312	6	8661	9172	61	577	1.93e-112	373
QOE77915.1	tr|A0A5D2EVQ4|A0A5D2EVQ4_GOSDA	38.969	485	288	5	8694	9172	1	483	4.02e-112	368
QOE77915.1	tr|A0A6P4LR82|A0A6P4LR82_GOSAR	37.950	556	328	9	7419	7968	5	549	5.47e-112	370
QOE77915.1	tr|A0A061G5X5|A0A061G5X5_THECC	39.922	511	295	6	8669	9172	81	586	5.83e-112	372
QOE77915.1	tr|A0A6P4QCG6|A0A6P4QCG6_GOSAR	40.644	497	275	11	7480	7967	13	498	7.50e-112	368
QOE77915.1	tr|A0A6J1ALW4|A0A6J1ALW4_9ROSI	43.167	461	251	5	8693	9150	111	563	8.20e-112	371
QOE77915.1	tr|A0A6A2ZYQ3|A0A6A2ZYQ3_HIBSY	40.612	490	278	8	8689	9171	82	565	9.67e-112	370
QOE77915.1	tr|A0A6J1B5R8|A0A6J1B5R8_9ROSI	40.132	456	265	3	8718	9172	58	506	1.12e-111	368
QOE77915.1	tr|A0A1R3GB63|A0A1R3GB63_COCAP	41.040	519	291	8	8637	9150	12	520	1.93e-111	368
QOE77915.1	tr|A0A061GGG2|A0A061GGG2_THECC	38.547	537	315	6	8651	9178	54	584	2.95e-111	369
QOE77915.1	tr|A0A5D2AVF5|A0A5D2AVF5_GOSDA	38.521	514	307	6	8661	9167	61	572	3.05e-111	369
QOE77915.1	tr|A0A5D2NKQ2|A0A5D2NKQ2_GOSTO	37.572	519	315	6	8661	9172	60	576	4.13e-111	369
QOE77915.1	tr|A0A6A2ZME0|A0A6A2ZME0_HIBSY	41.151	469	264	6	8689	9150	108	571	5.12e-111	369
QOE77915.1	tr|A0A5D2ARB7|A0A5D2ARB7_GOSDA	41.763	431	245	4	12109	12535	7	435	5.69e-111	363
QOE77915.1	tr|A0A5D2ZKY9|A0A5D2ZKY9_GOSMU	37.989	537	244	10	611	1146	22	470	7.15e-111	364
QOE77915.1	tr|A0A6A3CWC7|A0A6A3CWC7_HIBSY	43.499	423	199	3	725	1147	9	391	1.53e-110	360
QOE77915.1	tr|A0A6A2YXJ5|A0A6A2YXJ5_HIBSY	39.184	564	262	13	8006	8555	9	505	1.75e-110	364
QOE77915.1	tr|A0A1U8LQ81|A0A1U8LQ81_GOSHI	45.304	362	196	2	746	1107	1	360	4.58e-110	357
QOE77915.1	tr|A0A2P5YTQ0|A0A2P5YTQ0_GOSBA	38.146	561	273	9	12107	12658	5	500	7.46e-110	362
QOE77915.1	tr|A0A6P5Z281|A0A6P5Z281_DURZI	41.090	477	276	4	8674	9150	55	526	9.45e-110	364
QOE77915.1	tr|A0A6P5WPQ7|A0A6P5WPQ7_DURZI	42.887	478	264	6	8675	9148	45	517	1.00e-109	363
QOE77915.1	tr|A0A6P4M8H9|A0A6P4M8H9_GOSAR	40.990	505	286	7	8656	9152	70	570	1.85e-109	365
QOE77915.1	tr|A0A5D2XRU8|A0A5D2XRU8_GOSMU	40.990	505	286	7	8656	9152	70	570	2.68e-109	364
QOE77915.1	tr|A0A7C9CYC3|A0A7C9CYC3_OPUST	46.419	377	197	4	756	1129	1	375	3.25e-109	356
QOE77915.1	tr|A0A6P5XDF4|A0A6P5XDF4_DURZI	38.309	556	318	9	8611	9150	27	573	1.85e-108	362
QOE77915.1	tr|A0A6J1AS35|A0A6J1AS35_9ROSI	39.715	491	284	7	8689	9172	71	556	3.01e-108	360
QOE77915.1	tr|A0A5D2HLK4|A0A5D2HLK4_GOSDA	44.282	411	213	4	598	1002	7	407	3.05e-108	353
QOE77915.1	tr|A0A1R3HFW4|A0A1R3HFW4_COCAP	38.557	485	280	9	7418	7896	41	513	3.45e-108	361
QOE77915.1	tr|A0A5D2XTA6|A0A5D2XTA6_GOSMU	39.051	548	295	10	8632	9150	29	566	6.71e-108	360
QOE77915.1	tr|A0A0A7DNP0|A0A0A7DNP0_GOSHI	39.051	548	295	10	8632	9150	29	566	6.71e-108	360
QOE77915.1	tr|A0A6J1B9H2|A0A6J1B9H2_9ROSI	40.671	477	278	4	8675	9150	55	527	7.67e-108	358
QOE77915.1	tr|A0A0D2VGI0|A0A0D2VGI0_GOSRA	42.340	470	241	10	7414	7869	1	454	1.15e-107	354
QOE77915.1	tr|A0A6A2ZD11|A0A6A2ZD11_HIBSY	40.592	473	274	4	8682	9150	92	561	1.17e-107	359
QOE77915.1	tr|A0A5D2V5J1|A0A5D2V5J1_GOSMU	40.891	494	282	6	8664	9150	80	570	1.24e-107	359
QOE77915.1	tr|A0A1U8J7B0|A0A1U8J7B0_GOSHI	40.891	494	283	5	8664	9150	80	571	1.41e-107	359
QOE77915.1	tr|A0A061FPW3|A0A061FPW3_THECC	40.042	477	282	3	8674	9150	55	527	1.42e-107	357
QOE77915.1	tr|A0A0D2TQ62|A0A0D2TQ62_GOSRA	36.914	512	257	4	635	1146	5	450	1.58e-107	353
QOE77915.1	tr|A0A2P5WMF2|A0A2P5WMF2_GOSBA	44.125	383	209	3	12109	12487	7	388	1.59e-107	352
QOE77915.1	tr|A0A1R3J723|A0A1R3J723_COCAP	38.703	509	264	7	7464	7967	2	467	2.09e-107	353
QOE77915.1	tr|A0A5B6UGH9|A0A5B6UGH9_9ROSI	39.890	544	303	10	8644	9174	64	596	2.13e-107	358
QOE77915.1	tr|A0A1U8LS91|A0A1U8LS91_GOSHI	38.867	512	289	11	7408	7911	49	544	4.39e-107	356
QOE77915.1	tr|A0A0B0PFK4|A0A0B0PFK4_GOSAR	40.655	519	284	9	8644	9150	64	570	4.53e-107	358
QOE77915.1	tr|A0A1U8HQR9|A0A1U8HQR9_GOSHI	40.655	519	284	9	8644	9150	64	570	4.70e-107	358
QOE77915.1	tr|A0A5D2TF64|A0A5D2TF64_GOSMU	39.162	549	293	10	8632	9150	29	566	7.55e-107	357
QOE77915.1	tr|A0A5D2NZJ9|A0A5D2NZJ9_GOSTO	39.011	546	294	10	8634	9150	31	566	9.05e-107	357
QOE77915.1	tr|A0A5B6V3C9|A0A5B6V3C9_9ROSI	40.299	469	268	5	8689	9150	115	578	1.09e-106	357
QOE77915.1	tr|A0A5D2RP80|A0A5D2RP80_GOSTO	43.796	411	215	4	598	1002	7	407	1.21e-106	349
QOE77915.1	tr|A0A6A2YLV1|A0A6A2YLV1_HIBSY	40.491	489	259	7	7478	7965	11	468	1.87e-106	351
QOE77915.1	tr|A0A6A2Z6X5|A0A6A2Z6X5_HIBSY	39.623	477	260	7	8689	9150	107	570	1.97e-106	356
QOE77915.1	tr|A0A5B6U6W5|A0A5B6U6W5_9ROSI	40.081	494	286	6	8664	9150	80	570	2.53e-106	355
QOE77915.1	tr|A0A6P4MVN1|A0A6P4MVN1_GOSAR	40.512	469	267	5	8689	9150	115	578	2.59e-106	356
QOE77915.1	tr|A0A6A2ZZT3|A0A6A2ZZT3_HIBSY	40.215	465	268	5	8692	9150	110	570	3.06e-106	355
QOE77915.1	tr|A0A5J5Q1D3|A0A5J5Q1D3_GOSBA	40.077	519	287	9	8644	9150	64	570	3.06e-106	355
QOE77915.1	tr|A0A5D2TG86|A0A5D2TG86_GOSMU	40.396	505	289	7	8656	9152	70	570	4.70e-106	355
QOE77915.1	tr|A0A0D2SQ70|A0A0D2SQ70_GOSRA	40.396	505	289	7	8656	9152	70	570	4.70e-106	355
QOE77915.1	tr|A0A5J5PZ80|A0A5J5PZ80_GOSBA	40.396	505	289	7	8656	9152	70	570	4.70e-106	355
QOE77915.1	tr|U5N0S4|U5N0S4_GOSHI	40.396	505	289	7	8656	9152	70	570	4.75e-106	355
QOE77915.1	tr|A0A0D2NLB2|A0A0D2NLB2_GOSRA	39.162	549	293	10	8632	9150	29	566	4.87e-106	354
QOE77915.1	tr|A0A061DQZ8|A0A061DQZ8_THECC	38.826	528	275	7	8689	9172	101	624	5.06e-106	356
QOE77915.1	tr|A0A5J5UDA8|A0A5J5UDA8_GOSBA	38.686	548	297	10	8632	9150	29	566	5.21e-106	354
QOE77915.1	tr|A0A1U8I314|A0A1U8I314_GOSHI	39.011	546	294	10	8634	9150	31	566	5.26e-106	354
QOE77915.1	tr|A0A1U8NJ93|A0A1U8NJ93_GOSHI	40.512	469	267	5	8689	9150	115	578	5.83e-106	355
QOE77915.1	tr|A0A6P5ZDR1|A0A6P5ZDR1_DURZI	38.722	532	302	9	8656	9172	28	550	7.62e-106	352
QOE77915.1	tr|A0A5D2ZQP5|A0A5D2ZQP5_GOSMU	40.512	469	267	5	8689	9150	115	578	7.71e-106	355
QOE77915.1	tr|A0A2P5YMQ3|A0A2P5YMQ3_GOSBA	38.070	570	312	11	8634	9172	90	649	8.26e-106	356
QOE77915.1	tr|A0A5D2THI1|A0A5D2THI1_GOSMU	40.077	519	287	9	8644	9150	64	570	9.10e-106	354
