ACJ66779.1	tr|A0A2G9GCU5|A0A2G9GCU5_9LAMI	52.851	456	208	4	141584	142036	40	491	3.62e-156	495
ACJ66779.1	tr|B9RBW9|B9RBW9_RICCO	51.739	460	214	4	141584	142039	46	501	1.72e-154	491
ACJ66779.1	tr|A0A2G9FXM5|A0A2G9FXM5_9LAMI	49.263	475	216	6	141570	142039	29	483	3.39e-145	463
ACJ66779.1	tr|A0A2G9H5W3|A0A2G9H5W3_9LAMI	48.941	472	231	5	141570	142039	29	492	5.42e-142	454
ACJ66779.1	tr|A0A6M3TXH1|A0A6M3TXH1_LITER	46.709	471	240	6	141575	142039	31	496	1.79e-141	453
ACJ66779.1	tr|A0A2S1RED8|A0A2S1RED8_CHRMO	49.778	450	213	6	141590	142036	48	487	3.53e-141	452
ACJ66779.1	tr|A0A6M3TY96|A0A6M3TY96_LITER	44.050	479	259	5	141566	142039	19	493	1.38e-136	439
ACJ66779.1	tr|A0A2G9HLA0|A0A2G9HLA0_9LAMI	43.284	469	258	4	141575	142039	31	495	3.11e-124	404
ACJ66779.1	tr|B9SRM5|B9SRM5_RICCO	44.000	475	252	7	141572	142036	34	504	1.05e-123	402
ACJ66779.1	tr|B9RHX8|B9RHX8_RICCO	42.521	468	254	8	141575	142038	38	494	1.08e-117	384
ACJ66779.1	tr|A0A0B4VFR8|A0A0B4VFR8_PODPE	40.870	460	258	5	141585	142035	49	503	2.78e-115	378
ACJ66779.1	tr|B9R9F5|B9R9F5_RICCO	41.357	457	255	9	141583	142036	45	491	7.31e-112	368
ACJ66779.1	tr|B9SRM8|B9SRM8_RICCO	38.382	482	280	5	141570	142038	29	506	1.75e-111	367
ACJ66779.1	tr|B9SRM4|B9SRM4_RICCO	40.404	495	277	7	141568	142048	30	520	1.56e-110	365
ACJ66779.1	tr|D5M8Q3|D5M8Q3_9MAGN	41.929	477	253	10	141575	142036	33	500	1.92e-110	364
ACJ66779.1	tr|R9WS52|R9WS52_9ROSI	40.719	501	274	9	141554	142036	3	498	3.06e-108	358
ACJ66779.1	tr|F2VR48|F2VR48_PRUAV	40.881	477	255	8	141576	142036	31	496	4.21e-108	357
ACJ66779.1	tr|B9SRN0|B9SRN0_RICCO	38.947	475	279	5	141574	142038	47	520	3.66e-107	355
ACJ66779.1	tr|B9SRN5|B9SRN5_RICCO	38.462	481	279	5	141571	142038	34	510	4.02e-107	355
ACJ66779.1	tr|B9SRM6|B9SRM6_RICCO	37.367	471	283	5	141575	142038	35	500	3.42e-105	348
ACJ66779.1	tr|I1WYE8|I1WYE8_PAELC	41.807	476	256	9	141575	142036	30	498	5.38e-105	348
ACJ66779.1	tr|A0A151TRR2|A0A151TRR2_CAJCA	41.075	465	259	6	141583	142036	30	490	7.88e-103	342
ACJ66779.1	tr|B9SRN4|B9SRN4_RICCO	38.254	481	280	5	141571	142038	34	510	1.49e-102	342
ACJ66779.1	tr|I0IV87|I0IV87_GLYSO	38.280	465	274	6	141575	142032	36	494	1.52e-102	341
ACJ66779.1	tr|A0A0B2RFD5|A0A0B2RFD5_GLYSO	30.307	815	409	20	141237	142035	13	684	2.65e-102	347
ACJ66779.1	tr|A0A2I0B5P5|A0A2I0B5P5_9ASPA	39.014	487	269	11	141570	142036	30	508	3.08e-101	338
ACJ66779.1	tr|T1NXM6|T1NXM6_FRAVR	41.064	470	250	9	141583	142036	40	498	6.25e-101	337
ACJ66779.1	tr|A0A218WL77|A0A218WL77_PUNGR	38.085	470	279	5	141569	142032	30	493	6.89e-101	337
ACJ66779.1	tr|A0A0N6VV42|A0A0N6VV42_LYCRU	40.127	471	259	9	141583	142037	42	505	6.91e-101	337
ACJ66779.1	tr|T1NXM5|T1NXM5_FRAVE	41.064	470	250	9	141583	142036	40	498	1.09e-100	336
ACJ66779.1	tr|A0A0B2QDG0|A0A0B2QDG0_GLYSO	40.426	470	255	9	141583	142036	40	500	1.21e-100	336
ACJ66779.1	tr|A0A0N6XG41|A0A0N6XG41_LYCBA	39.583	480	266	10	141583	142045	42	514	1.26e-100	336
ACJ66779.1	tr|A0A0A0RI01|A0A0A0RI01_PAELC	37.209	473	288	4	141573	142038	30	500	1.49e-100	335
ACJ66779.1	tr|A0A2G9GCT6|A0A2G9GCT6_9LAMI	39.419	482	257	9	141575	142036	34	500	1.49e-100	336
ACJ66779.1	tr|A0A2G9IBB5|A0A2G9IBB5_9LAMI	37.764	474	281	7	141575	142041	38	504	1.60e-100	335
ACJ66779.1	tr|A0A2G9IBC6|A0A2G9IBC6_9LAMI	37.500	472	281	7	141575	142039	38	502	2.23e-100	335
ACJ66779.1	tr|T1NXM4|T1NXM4_FRAAN	41.064	470	250	9	141583	142036	40	498	2.55e-100	335
ACJ66779.1	tr|T1NXM3|T1NXM3_FRAAN	41.064	470	250	9	141583	142036	40	498	2.98e-100	335
ACJ66779.1	tr|B9RC29|B9RC29_RICCO	39.103	468	267	9	141575	142036	35	490	3.75e-100	334
ACJ66779.1	tr|A0A1U9X5Z7|A0A1U9X5Z7_THAGA	37.996	479	283	5	141570	142038	30	504	9.28e-100	333
ACJ66779.1	tr|A0A1U9X5Y8|A0A1U9X5Y8_THAGA	37.866	478	279	7	141570	142036	30	500	2.12e-99	332
ACJ66779.1	tr|A0A151SPD8|A0A151SPD8_CAJCA	40.476	462	249	10	141590	142036	1	451	2.69e-99	330
ACJ66779.1	tr|T1NXM1|T1NXM1_FRAVE	40.851	470	251	9	141583	142036	40	498	2.81e-99	332
ACJ66779.1	tr|T1NXM2|T1NXM2_9ROSA	40.598	468	255	10	141583	142036	40	498	3.47e-99	332
ACJ66779.1	tr|D5M8Q4|D5M8Q4_9MAGN	38.085	470	272	7	141575	142035	37	496	3.54e-99	332
ACJ66779.1	tr|D2XSZ0|D2XSZ0_CHRMO	38.430	484	267	9	141570	142036	27	496	1.83e-98	330
ACJ66779.1	tr|A0A0N6VV47|A0A0N6VV47_LYCRU	39.186	467	269	7	141575	142033	34	493	3.21e-98	329
ACJ66779.1	tr|A0A060L8Y9|A0A060L8Y9_ANTAD	37.782	487	272	10	141575	142045	36	507	3.62e-98	329
ACJ66779.1	tr|A0A2S1Q4X0|A0A2S1Q4X0_CHRMO	38.509	483	268	9	141570	142036	27	496	3.82e-98	328
ACJ66779.1	tr|A0A2I0A2H7|A0A2I0A2H7_9ASPA	37.344	482	275	9	141575	142036	36	510	3.84e-98	329
ACJ66779.1	tr|A0A2G9IBB7|A0A2G9IBB7_9LAMI	37.100	469	279	7	141575	142035	38	498	4.68e-98	328
ACJ66779.1	tr|D2XSZ1|D2XSZ1_CHRMO	38.716	483	267	9	141570	142036	27	496	7.33e-98	328
ACJ66779.1	tr|D2XSZ2|D2XSZ2_CHRMO	38.716	483	267	9	141570	142036	27	496	8.46e-98	328
ACJ66779.1	tr|D2XSY8|D2XSY8_CHRMO	39.085	481	268	10	141570	142036	27	496	1.19e-97	327
ACJ66779.1	tr|A0A2G9GCD1|A0A2G9GCD1_9LAMI	38.854	471	268	12	141574	142032	33	495	2.17e-97	327
ACJ66779.1	tr|A0A0N6XEU6|A0A0N6XEU6_LYCBA	38.593	469	273	7	141575	142035	34	495	2.47e-97	326
ACJ66779.1	tr|A0A0A1E4E0|A0A0A1E4E0_9SOLA	37.288	472	284	6	141570	142035	31	496	2.92e-97	326
ACJ66779.1	tr|D2XSY7|D2XSY7_CHRMO	38.509	483	268	9	141570	142036	27	496	3.33e-97	326
ACJ66779.1	tr|A0A0A1DZ21|A0A0A1DZ21_9SOLA	37.288	472	284	6	141570	142035	31	496	3.37e-97	326
ACJ66779.1	tr|Q5C9L5|Q5C9L5_THLFG	41.239	468	260	7	141570	142035	26	480	6.47e-97	324
ACJ66779.1	tr|B9RBQ8|B9RBQ8_RICCO	36.797	462	277	7	141583	142037	55	508	7.33e-97	325
ACJ66779.1	tr|A0A0A1E1Y9|A0A0A1E1Y9_9SOLA	37.288	472	284	6	141570	142035	31	496	1.77e-96	324
ACJ66779.1	tr|D0EUZ8|D0EUZ8_9ERIC	36.617	467	283	5	141575	142035	37	496	3.23e-96	323
ACJ66779.1	tr|A0A2G9H8E5|A0A2G9H8E5_9LAMI	35.983	478	288	7	141568	142037	24	491	5.75e-96	322
ACJ66779.1	tr|A0A0A1E1Y4|A0A0A1E1Y4_9SOLA	39.167	480	268	10	141583	142045	42	514	9.70e-96	322
ACJ66779.1	tr|B9SRN1|B9SRN1_RICCO	37.723	448	268	5	141571	142008	37	483	1.06e-95	321
ACJ66779.1	tr|A0A0A1E1K2|A0A0A1E1K2_9SOLA	39.167	480	268	10	141583	142045	42	514	1.22e-95	322
ACJ66779.1	tr|D2XSY9|D2XSY9_CHRMO	38.302	483	269	9	141570	142036	27	496	1.28e-95	321
ACJ66779.1	tr|A0A2H9ZS65|A0A2H9ZS65_9ASPA	37.370	479	276	9	141570	142035	36	503	1.31e-95	322
ACJ66779.1	tr|B9R857|B9R857_RICCO	35.729	487	300	7	141554	142032	8	489	3.32e-95	320
ACJ66779.1	tr|A0A0A1DZD6|A0A0A1DZD6_9SOLA	39.248	479	268	10	141583	142045	42	513	4.80e-95	320
ACJ66779.1	tr|F4YYF2|F4YYF2_CYNCS	37.917	480	281	6	141570	142037	27	501	6.75e-95	319
ACJ66779.1	tr|A0A2G9GCC6|A0A2G9GCC6_9LAMI	36.402	478	292	6	141563	142032	22	495	1.09e-94	318
ACJ66779.1	tr|B9RQJ9|B9RQJ9_RICCO	36.250	480	287	6	141570	142032	31	508	1.45e-94	319
ACJ66779.1	tr|R9WPB6|R9WPB6_9ROSI	37.826	460	273	6	141575	142028	37	489	1.87e-94	318
ACJ66779.1	tr|A0A0B2QXH2|A0A0B2QXH2_GLYSO	37.759	482	275	8	141569	142037	24	493	2.17e-94	317
ACJ66779.1	tr|A0A2G9HYB0|A0A2G9HYB0_9LAMI	36.134	476	265	11	141585	142040	49	505	3.20e-94	317
ACJ66779.1	tr|A0A151SPJ6|A0A151SPJ6_CAJCA	39.400	467	257	10	141583	142032	39	496	4.61e-94	317
ACJ66779.1	tr|A0A2G9I2Z1|A0A2G9I2Z1_9LAMI	36.134	476	265	11	141585	142040	49	505	7.88e-94	316
ACJ66779.1	tr|J7FTV2|J7FTV2_COFAR	36.268	477	277	9	141575	142036	28	492	1.24e-93	315
ACJ66779.1	tr|Q2XP00|Q2XP00_ANTMA	37.393	468	269	8	141583	142036	52	509	1.53e-93	316
ACJ66779.1	tr|B9T1C6|B9T1C6_RICCO	35.091	493	302	6	141554	142036	15	499	1.53e-93	315
ACJ66779.1	tr|B9SJN4|B9SJN4_RICCO	36.765	476	274	9	141575	142035	31	494	2.33e-93	315
ACJ66779.1	tr|A0A2G9HN69|A0A2G9HN69_9LAMI	37.500	472	281	7	141575	142039	38	502	5.35e-93	314
ACJ66779.1	tr|B9RLP6|B9RLP6_RICCO	37.251	451	267	7	141598	142036	1	447	5.56e-93	312
ACJ66779.1	tr|B9SB66|B9SB66_RICCO	35.908	479	290	7	141570	142037	29	501	8.31e-93	313
ACJ66779.1	tr|A0A2N9QL60|A0A2N9QL60_9MAGN	34.025	482	300	8	141575	142045	34	508	1.59e-92	312
ACJ66779.1	tr|A0A0B2PSW0|A0A0B2PSW0_GLYSO	36.170	470	285	7	141575	142035	29	492	1.64e-92	312
ACJ66779.1	tr|B9SB69|B9SB69_RICCO	35.967	481	287	7	141570	142037	29	501	1.97e-92	312
ACJ66779.1	tr|B9RHX0|B9RHX0_RICCO	36.667	480	278	9	141570	142036	26	492	4.35e-92	311
ACJ66779.1	tr|A0A151RSE4|A0A151RSE4_CAJCA	36.667	450	272	5	141590	142032	1	444	7.04e-92	308
ACJ66779.1	tr|A0A2I0AUK1|A0A2I0AUK1_9ASPA	38.382	482	275	10	141575	142036	32	511	7.36e-92	311
ACJ66779.1	tr|A0A2G9H6R5|A0A2G9H6R5_9LAMI	36.688	477	279	8	141575	142036	34	502	7.90e-92	310
ACJ66779.1	tr|A0A2G9H402|A0A2G9H402_9LAMI	35.654	474	282	6	141575	142036	30	492	7.96e-92	310
ACJ66779.1	tr|A0A6B9FBP9|A0A6B9FBP9_9ROSI	37.553	474	269	8	141575	142033	37	498	1.16e-91	310
ACJ66779.1	tr|A0A151TAP4|A0A151TAP4_CAJCA	36.017	472	287	7	141575	142037	29	494	1.90e-91	309
ACJ66779.1	tr|B9RHW8|B9RHW8_RICCO	35.185	486	280	9	141574	142039	49	519	8.60e-91	308
ACJ66779.1	tr|A0A346TLE7|A0A346TLE7_NARPA	36.383	470	283	8	141575	142035	30	492	1.02e-90	307
ACJ66779.1	tr|J7FYJ5|J7FYJ5_COFAR	35.551	481	273	11	141575	142035	28	491	1.31e-90	307
ACJ66779.1	tr|A0A0B2RJK7|A0A0B2RJK7_GLYSO	36.975	476	278	8	141575	142037	38	504	1.50e-90	306
ACJ66779.1	tr|A0A0B2PHR0|A0A0B2PHR0_GLYSO	35.745	470	287	7	141575	142035	29	492	2.06e-90	306
ACJ66779.1	tr|B9RRA1|B9RRA1_RICCO	35.084	476	291	7	141571	142032	37	508	2.39e-90	306
ACJ66779.1	tr|B9S5P8|B9S5P8_RICCO	34.884	473	289	7	141575	142035	34	499	6.02e-90	305
ACJ66779.1	tr|A0A2G9HZZ9|A0A2G9HZZ9_9LAMI	37.288	472	282	7	141575	142039	38	502	5.38e-89	302
ACJ66779.1	tr|A0A2H9ZSL1|A0A2H9ZSL1_9ASPA	36.129	465	278	9	141577	142032	34	488	1.11e-88	301
ACJ66779.1	sp|A0A2H5AIX6|C3H_NARPS	35.470	468	290	6	141575	142035	30	492	1.51e-88	301
ACJ66779.1	tr|A0A3G1WR69|A0A3G1WR69_9LAMI	34.874	476	285	8	141575	142036	29	493	2.07e-88	300
ACJ66779.1	tr|B9RHW2|B9RHW2_RICCO	37.097	496	251	14	141574	142039	35	499	5.82e-88	299
ACJ66779.1	tr|B9RE29|B9RE29_RICCO	34.947	475	287	9	141575	142036	30	495	9.10e-88	298
ACJ66779.1	tr|A0A2I0AWD6|A0A2I0AWD6_9ASPA	36.495	485	283	8	141569	142036	22	498	1.00e-87	298
ACJ66779.1	tr|B9T233|B9T233_RICCO	35.818	483	279	11	141570	142039	30	494	1.97e-87	297
ACJ66779.1	tr|A0A0B2RI76|A0A0B2RI76_GLYSO	35.730	459	274	8	141590	142036	2	451	2.28e-87	295
ACJ66779.1	tr|B9RM58|B9RM58_RICCO	35.031	491	277	12	141571	142037	44	516	2.47e-87	298
ACJ66779.1	tr|B9SB73|B9SB73_RICCO	36.486	444	264	7	141575	142007	34	470	2.18e-86	294
ACJ66779.1	tr|A0A251SU99|A0A251SU99_HELAN	35.332	467	285	9	141576	142037	33	487	9.19e-86	292
ACJ66779.1	tr|B9RHW6|B9RHW6_RICCO	35.579	475	285	8	141571	142036	67	529	9.91e-86	293
ACJ66779.1	tr|B9RHW4|B9RHW4_RICCO	35.729	473	278	9	141575	142036	37	494	1.11e-85	292
ACJ66779.1	tr|A0A0B2QXI7|A0A0B2QXI7_GLYSO	37.753	445	251	11	141609	142036	1	436	1.57e-85	290
ACJ66779.1	tr|B9R855|B9R855_RICCO	35.032	471	289	8	141575	142035	28	491	2.42e-85	291
ACJ66779.1	tr|W5XJ66|W5XJ66_9BRYO	33.197	488	299	10	141566	142033	70	550	5.50e-85	293
ACJ66779.1	tr|B9RAS2|B9RAS2_RICCO	33.131	495	292	8	141566	142040	32	507	1.22e-84	290
ACJ66779.1	tr|W5XJS5|W5XJS5_9BRYO	38.046	481	270	11	141575	142036	37	508	1.52e-84	290
ACJ66779.1	tr|B9SVN7|B9SVN7_RICCO	33.263	475	300	7	141575	142038	36	504	2.55e-84	288
ACJ66779.1	tr|W5XJR7|W5XJR7_9BRYO	36.939	490	266	12	141569	142032	41	513	3.34e-84	289
ACJ66779.1	sp|E1B2Z9|C7AV8_CICIN	35.974	467	282	9	141576	142037	33	487	3.53e-84	288
ACJ66779.1	tr|B9R9P5|B9R9P5_RICCO	36.009	461	263	9	141584	142036	44	480	4.27e-84	287
ACJ66779.1	tr|A0A151SNY4|A0A151SNY4_CAJCA	36.667	420	240	9	141626	142036	1	403	1.73e-83	283
ACJ66779.1	tr|A0A2G9GE24|A0A2G9GE24_9LAMI	34.110	472	294	8	141575	142035	35	500	1.81e-83	286
ACJ66779.1	tr|B9SB72|B9SB72_RICCO	34.820	471	266	6	141575	142036	33	471	4.23e-83	284
ACJ66779.1	tr|A0A251SA57|A0A251SA57_HELAN	34.839	465	288	7	141575	142035	32	485	6.58e-83	284
ACJ66779.1	tr|B9RM57|B9RM57_RICCO	33.333	477	290	9	141575	142036	36	499	8.11e-83	284
ACJ66779.1	tr|B9RAR9|B9RAR9_RICCO	34.286	455	283	6	141585	142032	54	499	1.03e-82	284
ACJ66779.1	tr|A0A0B2PCC7|A0A0B2PCC7_GLYSO	35.670	485	276	9	141575	142036	33	504	1.32e-82	284
ACJ66779.1	tr|A0A2G9FYA3|A0A2G9FYA3_9LAMI	33.544	474	293	9	141575	142038	30	491	1.71e-82	283
ACJ66779.1	tr|A0A2G9IBI0|A0A2G9IBI0_9LAMI	36.017	472	265	7	141575	142039	38	479	2.48e-82	282
ACJ66779.1	tr|A0A2G9GEC1|A0A2G9GEC1_9LAMI	33.404	470	300	6	141575	142035	34	499	5.68e-82	282
ACJ66779.1	tr|A0A2G9HNG5|A0A2G9HNG5_9LAMI	32.278	474	299	7	141575	142038	30	491	7.90e-82	281
ACJ66779.1	tr|W5XRQ0|W5XRQ0_9BRYO	34.497	487	268	12	141575	142032	88	552	1.28e-81	283
ACJ66779.1	tr|D8SCG3|D8SCG3_SELML	33.262	466	302	6	141575	142035	52	513	1.37e-81	281
ACJ66779.1	tr|B9T235|B9T235_RICCO	34.937	478	278	9	141575	142036	35	495	1.99e-81	280
ACJ66779.1	tr|B9RMP3|B9RMP3_RICCO	33.758	471	289	6	141583	142036	43	507	2.41e-81	280
ACJ66779.1	tr|W5XJ46|W5XJ46_9BRYO	35.590	458	267	9	141594	142035	81	526	2.52e-81	281
ACJ66779.1	tr|B9RBW8|B9RBW8_RICCO	51.119	268	126	3	141035	141297	28	295	3.93e-81	275
ACJ66779.1	tr|B9S9Q2|B9S9Q2_RICCO	36.229	472	279	8	141575	142035	34	494	4.12e-81	279
ACJ66779.1	tr|A0A2G9GE26|A0A2G9GE26_9LAMI	33.686	472	292	8	141575	142035	34	495	4.23e-81	279
ACJ66779.1	tr|A0A2I0AA38|A0A2I0AA38_9ASPA	34.711	484	277	13	141573	142035	32	497	4.28e-81	279
ACJ66779.1	tr|B9RHI5|B9RHI5_RICCO	33.858	508	295	10	141561	142037	38	535	4.81e-81	280
ACJ66779.1	tr|B9RAR8|B9RAR8_RICCO	35.669	471	276	7	141575	142032	43	499	3.38e-80	276
ACJ66779.1	tr|B9SBG5|B9SBG5_RICCO	33.196	485	297	8	141568	142032	24	501	3.66e-80	277
ACJ66779.1	tr|B9RLJ1|B9RLJ1_RICCO	36.134	476	266	11	141581	142037	50	506	7.04e-80	276
ACJ66779.1	tr|B9SG22|B9SG22_RICCO	35.282	479	282	11	141570	142035	25	488	1.55e-79	275
ACJ66779.1	tr|B9T2D3|B9T2D3_RICCO	34.490	490	274	12	141575	142038	40	508	4.73e-79	273
ACJ66779.1	tr|A0A2P6Q0Q9|A0A2P6Q0Q9_ROSCH	33.824	476	291	10	141575	142035	34	500	2.38e-78	271
ACJ66779.1	tr|A0A1D8RCH1|A0A1D8RCH1_9BRAS	33.051	472	296	7	141575	142037	28	488	2.93e-78	271
ACJ66779.1	tr|B9SBV3|B9SBV3_RICCO	34.667	450	280	8	141595	142035	58	502	3.03e-78	271
ACJ66779.1	tr|A0A2G9GE28|A0A2G9GE28_9LAMI	31.723	476	282	7	141575	142035	34	481	3.36e-78	270
ACJ66779.1	tr|B9SBU8|B9SBU8_RICCO	34.599	474	287	9	141575	142036	35	497	3.70e-78	271
ACJ66779.1	tr|B9SA84|B9SA84_RICCO	33.733	501	297	9	141558	142038	30	515	6.53e-78	271
ACJ66779.1	tr|B9T234|B9T234_RICCO	33.613	476	289	10	141575	142039	35	494	1.06e-77	269
ACJ66779.1	tr|B9T2D1|B9T2D1_RICCO	33.830	470	283	8	141575	142037	36	484	1.58e-77	268
ACJ66779.1	tr|B9RBQ9|B9RBQ9_RICCO	33.121	471	285	8	141581	142035	63	519	1.87e-77	269
ACJ66779.1	tr|A0A0B2QWB5|A0A0B2QWB5_GLYSO	40.476	336	187	5	141704	142031	10	340	2.46e-77	263
ACJ66779.1	tr|A0A2I0B3R3|A0A2I0B3R3_9ASPA	36.000	475	270	11	141575	142037	33	485	4.72e-77	267
ACJ66779.1	tr|G7K579|G7K579_MEDTR	35.470	468	275	11	141575	142032	33	483	8.53e-77	266
ACJ66779.1	tr|W5XRP2|W5XRP2_9BRYO	34.172	477	292	7	141575	142037	73	541	1.01e-76	268
ACJ66779.1	tr|A0A2P6RNU2|A0A2P6RNU2_ROSCH	33.761	468	289	8	141575	142035	51	504	1.97e-76	266
ACJ66779.1	tr|B9RHX3|B9RHX3_RICCO	35.050	505	290	13	141554	142037	41	528	2.86e-76	266
ACJ66779.1	tr|W5XRP8|W5XRP8_9BRYO	34.167	480	291	13	141575	142035	41	514	4.37e-76	265
ACJ66779.1	tr|B9RHX6|B9RHX6_RICCO	33.480	454	277	10	141595	142036	23	463	4.49e-76	263
ACJ66779.1	tr|B9R737|B9R737_RICCO	35.158	475	277	13	141575	142034	27	485	5.32e-76	264
ACJ66779.1	tr|B9S9U3|B9S9U3_RICCO	35.135	481	281	9	141571	142036	34	498	8.74e-76	264
ACJ66779.1	tr|A0A2I0AJF6|A0A2I0AJF6_9ASPA	33.747	483	280	12	141575	142035	40	504	1.05e-75	264
ACJ66779.1	tr|A0A2I0AA26|A0A2I0AA26_9ASPA	32.231	484	291	9	141570	142035	32	496	1.16e-75	263
ACJ66779.1	tr|B9R747|B9R747_RICCO	33.619	467	292	8	141575	142033	33	489	1.29e-75	263
ACJ66779.1	sp|Q6WNQ8|C81E8_MEDTR	34.927	481	281	12	141575	142040	33	496	1.29e-75	263
ACJ66779.1	tr|B9RHX9|B9RHX9_RICCO	44.483	290	156	2	141749	142038	140	424	1.37e-75	260
ACJ66779.1	tr|B9T0U6|B9T0U6_RICCO	33.548	465	288	9	141583	142035	57	512	3.73e-75	262
ACJ66779.1	tr|A0A2P6RS14|A0A2P6RS14_ROSCH	35.256	468	288	8	141575	142035	32	491	5.97e-75	261
ACJ66779.1	tr|A0A2P6QLQ8|A0A2P6QLQ8_ROSCH	34.526	475	292	10	141570	142035	27	491	1.82e-74	259
ACJ66779.1	tr|I6XNK2|I6XNK2_TRIRP	32.394	497	291	13	141570	142036	30	511	2.39e-74	260
ACJ66779.1	tr|B9SVN9|B9SVN9_RICCO	36.515	482	278	9	141573	142038	33	502	2.77e-74	259
ACJ66779.1	tr|B9RAS3|B9RAS3_RICCO	33.550	462	291	7	141583	142032	55	512	6.45e-74	259
ACJ66779.1	tr|A0A151SWS0|A0A151SWS0_CAJCA	30.722	485	302	9	141575	142035	38	512	1.10e-73	258
ACJ66779.1	tr|A0A0B2QKN3|A0A0B2QKN3_GLYSO	50.698	215	101	1	141820	142034	11	220	1.41e-73	246
ACJ66779.1	tr|B9R738|B9R738_RICCO	35.232	474	280	12	141575	142032	30	492	1.58e-73	257
ACJ66779.1	tr|A0A0B2SLU3|A0A0B2SLU3_GLYSO	30.453	486	303	9	141575	142035	37	512	2.48e-73	257
ACJ66779.1	tr|G8A1W0|G8A1W0_MEDTR	34.475	467	274	12	141575	142033	34	476	2.59e-73	256
ACJ66779.1	tr|F8RYF7|F8RYF7_ASTMO	32.064	499	291	13	141570	142036	30	512	5.65e-73	256
ACJ66779.1	tr|A0A2P6RS06|A0A2P6RS06_ROSCH	34.061	458	290	6	141583	142035	41	491	5.96e-73	255
ACJ66779.1	tr|A0A072V074|A0A072V074_MEDTR	34.607	471	282	7	141575	142033	32	488	6.12e-73	255
ACJ66779.1	tr|W5XJS0|W5XJS0_9BRYO	33.333	483	283	10	141575	142034	52	518	1.67e-72	255
ACJ66779.1	tr|A0A2G9HGN9|A0A2G9HGN9_9LAMI	32.505	483	250	11	141575	142039	19	443	1.85e-72	252
ACJ66779.1	tr|B9T2D2|B9T2D2_RICCO	32.158	482	300	12	141571	142036	39	509	2.52e-72	254
ACJ66779.1	tr|A0A396IJ45|A0A396IJ45_MEDTR	34.447	479	272	9	141575	142035	33	487	2.70e-72	253
ACJ66779.1	tr|A0A151SNP7|A0A151SNP7_CAJCA	32.192	438	233	6	141609	142038	1	382	3.34e-72	249
ACJ66779.1	tr|A0A1D8RCG3|A0A1D8RCG3_CHOTE	32.842	475	282	10	141578	142037	29	481	3.46e-72	253
ACJ66779.1	tr|A0A159AKL8|A0A159AKL8_THYVU	33.192	473	288	11	141575	142036	37	492	3.74e-72	253
ACJ66779.1	tr|B9RAS4|B9RAS4_RICCO	31.056	483	297	11	141575	142032	47	518	5.94e-72	253
ACJ66779.1	tr|B9T1Z9|B9T1Z9_RICCO	34.690	467	288	11	141576	142035	72	528	1.16e-71	253
ACJ66779.1	tr|A0A2P6Q0Q0|A0A2P6Q0Q0_ROSCH	32.450	453	282	12	141595	142035	60	500	2.80e-71	251
ACJ66779.1	tr|W5XK05|W5XK05_9BRYO	33.742	489	286	10	141563	142035	27	493	2.93e-71	250
ACJ66779.1	tr|A0A0B2PQJ7|A0A0B2PQJ7_GLYSO	35.623	393	226	8	141662	142037	36	418	3.93e-71	247
ACJ66779.1	tr|W5S082|W5S082_ASTMO	32.851	484	280	10	141575	142037	33	492	4.25e-71	250
ACJ66779.1	tr|B9R991|B9R991_RICCO	32.770	473	299	7	141575	142037	32	495	4.29e-71	250
ACJ66779.1	tr|A0A2P6RS39|A0A2P6RS39_ROSCH	34.632	462	282	11	141583	142035	41	491	4.94e-71	250
ACJ66779.1	tr|B9RCY8|B9RCY8_RICCO	30.851	470	268	7	141571	142038	25	439	5.43e-71	248
ACJ66779.1	tr|A0A2P6RNT8|A0A2P6RNT8_ROSCH	34.557	463	277	11	141585	142035	45	493	7.20e-71	249
ACJ66779.1	tr|A0A0B4KI85|A0A0B4KI85_PRUAR	47.390	249	120	3	141797	142036	4	250	7.30e-71	240
ACJ66779.1	tr|B9R743|B9R743_RICCO	33.824	476	287	14	141575	142035	29	491	7.48e-71	249
ACJ66779.1	tr|A0A396HQ19|A0A396HQ19_MEDTR	32.340	470	297	8	141570	142033	47	501	8.20e-71	249
ACJ66779.1	tr|A0A2I0AIY3|A0A2I0AIY3_9ASPA	32.932	498	278	11	141575	142035	41	519	1.07e-70	249
ACJ66779.1	tr|A0A3Q7K757|A0A3Q7K757_CICAR	30.181	497	302	11	141570	142036	30	511	1.11e-70	249
ACJ66779.1	tr|A0A2I0B5B1|A0A2I0B5B1_9ASPA	31.828	487	286	14	141571	142028	33	502	1.23e-70	249
ACJ66779.1	tr|A0A0B4KIC0|A0A0B4KIC0_PRUPE	46.614	251	123	3	141795	142036	2	250	1.30e-70	239
ACJ66779.1	tr|A0A159AKG3|A0A159AKG3_THYVU	32.347	473	292	10	141575	142036	37	492	1.77e-70	248
ACJ66779.1	tr|K9JZ57|K9JZ57_ONOVI	31.076	502	295	12	141570	142036	30	515	3.15e-70	248
ACJ66779.1	tr|V5QPP4|V5QPP4_ANTAD	39.932	293	160	4	141764	142045	1	288	3.79e-70	239
ACJ66779.1	tr|A0A2G9H6Q9|A0A2G9H6Q9_9LAMI	33.761	468	283	9	141585	142036	48	504	5.01e-70	247
ACJ66779.1	tr|W5XJ62|W5XJ62_9BRYO	35.197	483	291	11	141575	142035	41	523	9.03e-70	247
ACJ66779.1	tr|A0A2I0B5A6|A0A2I0B5A6_9ASPA	30.739	501	287	14	141571	142035	34	510	1.23e-69	246
ACJ66779.1	tr|B9R746|B9R746_RICCO	32.845	478	289	12	141575	142035	38	500	1.77e-69	246
ACJ66779.1	tr|W5XJ71|W5XJ71_9BRYO	31.440	493	283	11	141575	142035	32	501	2.13e-69	245
ACJ66779.1	tr|A0A2I0APA9|A0A2I0APA9_9ASPA	32.645	484	293	12	141575	142035	102	575	2.58e-69	247
ACJ66779.1	tr|B9SYN4|B9SYN4_RICCO	33.135	504	267	15	141575	142040	29	500	6.11e-69	244
ACJ66779.1	tr|A0A2P6RW79|A0A2P6RW79_ROSCH	32.819	454	283	12	141595	142035	61	505	1.04e-68	243
ACJ66779.1	tr|A0A072UNJ5|A0A072UNJ5_MEDTR	32.166	457	293	9	141584	142032	45	492	1.52e-68	243
ACJ66779.1	tr|G7JRC7|G7JRC7_MEDTR	33.619	467	278	11	141575	142033	31	473	2.44e-68	241
ACJ66779.1	tr|B9RMF1|B9RMF1_RICCO	34.261	467	277	11	141577	142032	65	512	2.97e-68	242
ACJ66779.1	tr|W5XK09|W5XK09_9BRYO	31.568	472	302	8	141575	142032	45	509	8.75e-68	241
ACJ66779.1	tr|A0A2I0B5C0|A0A2I0B5C0_9ASPA	34.082	490	278	13	141576	142032	40	517	9.12e-68	241
ACJ66779.1	tr|B9SJN3|B9SJN3_RICCO	34.204	383	242	5	141660	142035	10	389	1.11e-67	236
ACJ66779.1	tr|B9TA51|B9TA51_RICCO	46.281	242	126	1	141798	142035	21	262	2.47e-67	230
ACJ66779.1	tr|B9R7K5|B9R7K5_RICCO	32.520	492	305	10	141570	142039	34	520	2.78e-67	239
ACJ66779.1	tr|A0A2I0B5A7|A0A2I0B5A7_9ASPA	31.301	492	296	14	141570	142034	32	508	5.47e-67	238
ACJ66779.1	tr|A0A2G9G8E9|A0A2G9G8E9_9LAMI	31.646	474	293	14	141575	142032	30	488	9.53e-67	237
ACJ66779.1	tr|A0A088FG01|A0A088FG01_FAGTA	32.842	475	285	12	141575	142033	36	492	1.69e-66	237
ACJ66779.1	tr|B9R7L5|B9R7L5_RICCO	31.753	485	302	11	141573	142035	34	511	2.05e-66	237
ACJ66779.1	tr|B9SMA4|B9SMA4_RICCO	34.105	475	293	13	141569	142032	62	527	2.11e-66	237
ACJ66779.1	tr|B9R7L9|B9R7L9_RICCO	31.622	487	301	15	141574	142035	31	510	2.23e-66	237
ACJ66779.1	tr|B9SG23|B9SG23_RICCO	32.397	463	256	7	141575	142035	30	437	8.44e-66	233
ACJ66779.1	tr|A0A1D8AHA2|A0A1D8AHA2_9POAL	32.438	484	284	7	141583	142036	48	518	1.09e-65	235
ACJ66779.1	tr|B9SVN8|B9SVN8_RICCO	34.073	496	273	12	141573	142036	33	506	1.75e-65	234
ACJ66779.1	tr|B9RLL3|B9RLL3_RICCO	32.751	458	282	10	141591	142033	7	453	2.05e-65	232
ACJ66779.1	tr|A0A2G9FZ27|A0A2G9FZ27_9LAMI	31.959	485	288	12	141570	142032	54	518	4.15e-65	233
ACJ66779.1	tr|A0A2G9HNW3|A0A2G9HNW3_9LAMI	30.345	435	291	5	141609	142038	1	428	4.61e-65	230
ACJ66779.1	tr|H7BRP2|H7BRP2_ASTME	33.261	460	265	8	141595	142033	53	491	7.89e-65	232
ACJ66779.1	tr|B9R7L8|B9R7L8_RICCO	31.198	484	306	12	141573	142035	34	511	8.21e-65	232
ACJ66779.1	tr|B9T4M2|B9T4M2_RICCO	31.692	467	293	10	141584	142036	55	509	1.63e-64	231
ACJ66779.1	tr|B9SYM5|B9SYM5_RICCO	32.990	485	286	15	141574	142034	43	512	3.28e-64	231
ACJ66779.1	tr|W5XJ38|W5XJ38_9BRYO	34.354	457	276	10	141595	142035	58	506	4.09e-64	230
ACJ66779.1	tr|A0A0C4Y217|A0A0C4Y217_PAESU	43.701	254	131	3	141782	142026	2	252	5.59e-64	220
ACJ66779.1	tr|B9RYU2|B9RYU2_RICCO	30.146	481	308	11	141568	142034	57	523	1.33e-63	229
ACJ66779.1	tr|A0A2P6Q0R5|A0A2P6Q0R5_ROSCH	35.129	464	274	12	141583	142032	39	489	3.15e-63	227
ACJ66779.1	tr|B9R7M0|B9R7M0_RICCO	29.472	492	315	13	141568	142034	32	516	2.25e-62	225
ACJ66779.1	tr|B9SYM4|B9SYM4_RICCO	31.328	482	300	11	141578	142035	36	510	6.40e-62	224
ACJ66779.1	tr|B9R7L2|B9R7L2_RICCO	32.172	488	296	12	141578	142035	37	519	7.15e-62	224
ACJ66779.1	tr|B9S8Q1|B9S8Q1_RICCO	31.470	483	305	12	141572	142034	32	508	1.35e-61	223
ACJ66779.1	tr|A0A2P6RNU0|A0A2P6RNU0_ROSCH	30.561	481	285	11	141583	142033	41	502	1.35e-61	223
ACJ66779.1	tr|A0A0B2PPF9|A0A0B2PPF9_GLYSO	34.670	349	208	8	141702	142036	1	343	3.26e-61	216
ACJ66779.1	tr|A0A218NGS0|A0A218NGS0_RAUSE	31.524	479	262	15	141575	142035	38	468	1.88e-60	218
ACJ66779.1	tr|A0A2G9H904|A0A2G9H904_9LAMI	31.868	455	290	9	141582	142033	36	473	2.25e-60	218
ACJ66779.1	tr|A0A0B2RJS9|A0A0B2RJS9_GLYSO	32.360	411	233	10	141646	142037	6	390	2.81e-60	215
ACJ66779.1	tr|W5XJ41|W5XJ41_9BRYO	31.197	468	289	11	141575	142021	45	500	4.14e-60	218
ACJ66779.1	tr|A0A1Z2R7G8|A0A1Z2R7G8_9MARC	31.410	468	284	11	141575	142023	68	517	1.63e-59	217
ACJ66779.1	tr|B9R7L3|B9R7L3_RICCO	30.533	488	311	13	141570	142035	34	515	1.08e-58	214
ACJ66779.1	tr|B9R7K4|B9R7K4_RICCO	30.488	492	309	12	141573	142039	37	520	1.21e-58	214
ACJ66779.1	tr|B9RMU6|B9RMU6_RICCO	47.525	202	104	1	141839	142038	4	205	1.23e-58	203
ACJ66779.1	tr|A0A1Z2R7H6|A0A1Z2R7H6_9MARC	30.342	468	289	9	141575	142023	60	509	1.28e-58	214
ACJ66779.1	tr|A0A2G9GEA4|A0A2G9GEA4_9LAMI	30.149	471	274	10	141577	142035	161	588	1.99e-58	216
ACJ66779.1	tr|A0A1Z2R7G9|A0A1Z2R7G9_MARPA	29.614	466	297	7	141575	142023	46	497	3.47e-58	213
ACJ66779.1	tr|A0A1Z2R7G7|A0A1Z2R7G7_MARPA	29.522	481	302	9	141562	142023	19	481	6.86e-58	211
ACJ66779.1	tr|B9R7K8|B9R7K8_RICCO	31.325	498	280	15	141563	142035	24	484	7.71e-58	211
ACJ66779.1	tr|A0A1Z2R7I0|A0A1Z2R7I0_9MARC	29.424	469	294	9	141575	142023	46	497	5.95e-57	209
ACJ66779.1	tr|B9RBR1|B9RBR1_RICCO	43.103	232	121	3	141814	142037	9	237	1.32e-56	199
ACJ66779.1	tr|A0A1Z2R7H5|A0A1Z2R7H5_9MARC	29.424	469	294	9	141575	142023	43	494	2.90e-56	207
ACJ66779.1	tr|A0A2G9GHG6|A0A2G9GHG6_9LAMI	29.278	485	284	14	141568	142033	28	472	3.05e-56	206
ACJ66779.1	tr|A0A1Z2R7G6|A0A1Z2R7G6_CONJP	30.983	468	286	10	141575	142023	59	508	3.33e-56	207
ACJ66779.1	tr|B9T515|B9T515_RICCO	35.535	318	194	5	141722	142034	22	333	9.01e-56	200
ACJ66779.1	tr|A0A2G3CRT4|A0A2G3CRT4_CAPCH	93.805	113	7	0	6289	6401	490	602	9.85e-56	208
ACJ66779.1	tr|B9SY53|B9SY53_RICCO	43.396	265	140	4	141782	142036	169	433	1.70e-55	202
ACJ66779.1	tr|Q4JLA2|Q4JLA2_MALDO	29.787	470	292	11	141575	142023	34	486	6.06e-55	203
ACJ66779.1	tr|C5IWL6|C5IWL6_SOYBN	30.103	485	301	11	141561	142023	19	487	1.43e-54	202
ACJ66779.1	tr|C0LUU6|C0LUU6_SOYBN	30.103	485	301	11	141561	142023	19	487	1.43e-54	202
ACJ66779.1	tr|D5L6I0|D5L6I0_9ERIC	48.295	176	87	1	141851	142022	1	176	1.53e-54	190
ACJ66779.1	tr|X2D8D0|X2D8D0_IPOPU	30.886	463	296	13	141575	142023	34	486	2.22e-54	201
ACJ66779.1	tr|W5XK02|W5XK02_9BRYO	28.395	486	313	6	141569	142034	52	522	3.31e-54	201
ACJ66779.1	tr|A0A1Z2R7H4|A0A1Z2R7H4_CONJP	28.723	470	306	9	141570	142023	41	497	6.03e-54	200
ACJ66779.1	tr|A0A2G9G1M9|A0A2G9G1M9_9LAMI	29.330	433	285	9	141618	142041	69	489	6.20e-54	199
ACJ66779.1	tr|A0A2R2ZJB8|A0A2R2ZJB8_FAGTA	30.108	465	307	10	141570	142023	29	486	7.81e-54	199
ACJ66779.1	tr|A0A0B2QTF1|A0A0B2QTF1_GLYSO	29.797	443	289	12	141583	142005	58	498	9.71e-54	200
ACJ66779.1	sp|Q5Z5S6|C7019_ORYSJ	29.501	461	306	8	141569	142018	32	484	1.70e-53	198
ACJ66779.1	tr|B9T9S7|B9T9S7_RICCO	28.343	501	330	15	141539	142023	30	517	2.09e-53	199
ACJ66779.1	tr|A0A2I0AF51|A0A2I0AF51_9ASPA	32.410	361	195	2	141576	141936	37	348	2.49e-53	193
ACJ66779.1	tr|W5XMH0|W5XMH0_9MONI	29.472	492	317	12	141561	142032	27	508	3.23e-53	198
ACJ66779.1	tr|A0A1S5T4F7|A0A1S5T4F7_PUNGR	35.786	299	172	4	141658	141944	31	321	5.45e-53	191
ACJ66779.1	tr|A0A0G7ZP02|A0A0G7ZP02_PICGL	28.721	477	301	12	141568	142023	30	488	8.87e-53	196
ACJ66779.1	tr|A0A0B2P4R0|A0A0B2P4R0_GLYSO	29.638	442	291	11	141583	142005	58	498	1.80e-52	196
ACJ66779.1	tr|A0A2G9GRD7|A0A2G9GRD7_9LAMI	29.895	475	295	11	141570	142023	29	486	1.99e-52	195
ACJ66779.1	tr|B2LSE0|B2LSE0_TRIPR	29.654	462	304	10	141575	142023	26	479	2.11e-52	195
ACJ66779.1	tr|Q2LAD8|Q2LAD8_SOLTU	30.638	470	288	11	141575	142023	34	486	2.35e-52	195
ACJ66779.1	tr|B2LSE1|B2LSE1_TRIPR	29.654	462	304	10	141575	142023	34	487	2.64e-52	195
ACJ66779.1	tr|B2LSD9|B2LSD9_TRIPR	29.654	462	304	10	141575	142023	34	487	2.69e-52	195
ACJ66779.1	tr|B9T872|B9T872_RICCO	48.969	194	99	0	141839	142032	1	194	2.86e-52	184
ACJ66779.1	tr|B9SY12|B9SY12_RICCO	28.875	471	293	12	141575	142036	43	480	3.21e-52	194
ACJ66779.1	tr|F2VR43|F2VR43_PRUAV	29.787	470	292	11	141575	142023	34	486	3.99e-52	194
ACJ66779.1	tr|E2F4D8|E2F4D8_SCUBA	29.284	461	308	8	141575	142023	34	488	4.05e-52	194
ACJ66779.1	tr|A0A1B1IHZ1|A0A1B1IHZ1_CAMAC	30.213	470	290	11	141575	142023	34	486	5.09e-52	194
ACJ66779.1	tr|A0A2G9HN86|A0A2G9HN86_9LAMI	38.326	227	135	2	141816	142038	134	359	6.17e-52	189
ACJ66779.1	tr|Q9AXP9|Q9AXP9_9ROSI	29.933	451	280	10	141575	142004	34	469	7.08e-52	194
ACJ66779.1	tr|B9SG18|B9SG18_RICCO	34.177	316	196	3	141739	142050	11	318	9.23e-52	187
ACJ66779.1	tr|B9SA81|B9SA81_RICCO	46.535	202	108	0	141837	142038	3	204	9.81e-52	184
ACJ66779.1	tr|Q9XEH8|Q9XEH8_PINTA	30.704	469	288	12	141575	142023	37	488	9.88e-52	193
ACJ66779.1	tr|F8QM88|F8QM88_PHYPA	27.983	461	312	9	141575	142023	46	498	1.10e-51	194
ACJ66779.1	tr|A0A2G9HTG5|A0A2G9HTG5_9LAMI	30.193	467	304	11	141570	142023	29	486	1.96e-51	192
ACJ66779.1	tr|A0A2I0ASX4|A0A2I0ASX4_9ASPA	29.362	470	294	11	141575	142023	34	486	2.09e-51	192
ACJ66779.1	tr|L7T707|L7T707_SINHE	29.336	467	297	9	141575	142023	34	485	3.70e-51	192
ACJ66779.1	tr|Q9ZSR0|Q9ZSR0_MESCR	27.824	478	297	11	141575	142023	68	526	7.84e-51	192
ACJ66779.1	tr|A0A2G9G9Y9|A0A2G9G9Y9_9LAMI	28.989	445	294	12	141575	142004	61	498	9.01e-51	191
ACJ66779.1	tr|D0UGE7|D0UGE7_9FABA	29.284	461	307	8	141575	142023	34	487	1.01e-50	190
ACJ66779.1	tr|A0A0U1XSM6|A0A0U1XSM6_BARSP	29.360	453	280	10	141575	142004	34	469	1.07e-50	190
ACJ66779.1	tr|Q2MJ09|Q2MJ09_MEDTR	29.149	470	296	10	141575	142023	34	487	1.10e-50	190
ACJ66779.1	tr|W8E7E3|W8E7E3_HORVU	29.114	474	300	10	141570	142023	29	486	1.14e-50	190
ACJ66779.1	tr|A0A2G9GL12|A0A2G9GL12_9LAMI	28.241	432	295	7	141608	142034	103	524	1.34e-50	191
ACJ66779.1	tr|G0KVB3|G0KVB3_9ASTR	29.333	450	284	9	141575	142004	34	469	2.20e-50	189
ACJ66779.1	tr|A0A0U1XP01|A0A0U1XP01_LACSA	29.211	469	296	9	141575	142023	34	486	2.30e-50	189
ACJ66779.1	tr|A0A1B1SPI1|A0A1B1SPI1_LEPAP	30.042	476	293	13	141570	142023	29	486	2.55e-50	189
ACJ66779.1	tr|A0A0B2RHT0|A0A0B2RHT0_GLYSO	29.289	478	310	13	141571	142034	29	492	3.66e-50	189
ACJ66779.1	tr|A0A1S2X8P2|A0A1S2X8P2_CICAR	29.067	461	306	10	141575	142023	34	485	5.46e-50	188
ACJ66779.1	tr|D8S0Y1|D8S0Y1_SELML	29.268	451	303	9	141581	142023	70	512	5.62e-50	189
ACJ66779.1	tr|F8QM89|F8QM89_SELML	29.268	451	303	9	141581	142023	70	512	5.95e-50	189
ACJ66779.1	tr|D8SBK8|D8SBK8_SELML	29.268	451	303	9	141581	142023	70	512	8.26e-50	188
ACJ66779.1	tr|W5XJ74|W5XJ74_9BRYO	26.580	459	306	10	141575	142011	41	490	1.44e-49	187
ACJ66779.1	tr|A0A0B2PB00|A0A0B2PB00_GLYSO	44.615	195	82	2	141843	142037	4	172	1.60e-49	176
ACJ66779.1	tr|A0A2G9GVR9|A0A2G9GVR9_9LAMI	29.890	455	252	12	141582	142033	36	426	1.87e-49	185
ACJ66779.1	tr|B9RBR7|B9RBR7_RICCO	44.444	189	98	2	141853	142037	3	188	2.14e-49	176
ACJ66779.1	tr|A0A2R2ZJB6|A0A2R2ZJB6_FAGTA	28.662	471	283	10	141575	142023	34	473	2.65e-49	186
ACJ66779.1	tr|A0A0B2SWE2|A0A0B2SWE2_GLYSO	29.298	413	271	9	141611	142005	25	434	2.74e-49	185
ACJ66779.1	tr|A8CF55|A8CF55_BRACM	28.632	475	301	12	141570	142023	29	486	1.30e-48	184
ACJ66779.1	tr|D2K8K9|D2K8K9_BAMOL	28.367	490	283	11	141570	142023	29	486	2.16e-48	184
ACJ66779.1	tr|Q17UC0|Q17UC0_CUCSA	29.268	451	303	8	141583	142023	42	486	3.88e-48	183
ACJ66779.1	tr|B9T870|B9T870_RICCO	45.729	199	108	0	141838	142036	1	199	4.13e-48	173
ACJ66779.1	tr|A0A220NVF8|A0A220NVF8_CAMSI	29.569	487	301	15	141570	142035	46	511	5.93e-48	182
ACJ66779.1	sp|Q5Z5R7|C701S_ORYSJ	28.785	469	276	10	141574	142014	42	480	7.54e-48	182
ACJ66779.1	tr|D6MXQ6|D6MXQ6_ISATI	29.202	476	297	13	141570	142023	29	486	7.91e-48	182
ACJ66779.1	tr|A0A2G9GR86|A0A2G9GR86_9LAMI	28.855	454	283	10	141575	142004	34	471	9.89e-48	182
ACJ66779.1	tr|A0A151QWA9|A0A151QWA9_CAJCA	29.545	440	287	12	141583	142005	1	434	1.04e-47	181
ACJ66779.1	tr|A0A0B2QRA5|A0A0B2QRA5_GLYSO	29.047	451	294	12	141575	142010	41	480	1.36e-47	181
ACJ66779.1	tr|B9SD83|B9SD83_RICCO	29.348	460	287	11	141585	142023	44	486	1.86e-47	181
ACJ66779.1	tr|A0A2G9GRB3|A0A2G9GRB3_9LAMI	28.947	456	280	11	141575	142004	34	471	5.19e-47	179
ACJ66779.1	tr|Q40909|Q40909_POPKI	29.399	449	280	10	141595	142023	4	435	6.57e-47	178
ACJ66779.1	tr|A0A2I0B1V7|A0A2I0B1V7_9ASPA	28.540	452	305	9	141583	142023	42	486	8.03e-47	179
ACJ66779.1	tr|F4YRL2|F4YRL2_9APIA	28.758	459	295	8	141595	142035	55	499	9.24e-47	179
ACJ66779.1	tr|A0A0B2QSX4|A0A0B2QSX4_GLYSO	28.329	413	274	9	141611	142005	61	469	1.24e-46	178
ACJ66779.1	tr|A0A0B2PD37|A0A0B2PD37_GLYSO	28.506	435	288	13	141575	141994	41	467	1.40e-46	177
ACJ66779.1	tr|O82526|O82526_CAPCH	28.755	466	296	10	141578	142023	1	450	1.82e-46	177
ACJ66779.1	tr|A0A0M4LA67|A0A0M4LA67_MORAL	36.446	332	191	8	141575	141895	32	354	2.23e-45	170
ACJ66779.1	tr|B9SYM2|B9SYM2_RICCO	40.517	232	129	5	141810	142035	24	252	3.00e-45	167
ACJ66779.1	tr|A0A2G9HNK1|A0A2G9HNK1_9LAMI	27.254	477	309	11	141575	142033	49	505	5.36e-45	174
ACJ66779.1	tr|B9SZS2|B9SZS2_RICCO	40.611	229	124	6	141816	142035	68	293	2.48e-44	165
ACJ66779.1	tr|A0A2G9HEY0|A0A2G9HEY0_9LAMI	27.682	466	309	13	141583	142035	56	506	4.63e-44	171
ACJ66779.1	tr|A0A2Z4I2V7|A0A2Z4I2V7_LYCRD	27.074	458	300	10	141585	142023	44	486	1.26e-43	169
ACJ66779.1	tr|S4S388|S4S388_JATCU	27.983	461	311	12	141581	142032	56	504	1.49e-43	169
ACJ66779.1	tr|A0A0B2PTS0|A0A0B2PTS0_GLYSO	27.685	419	275	7	141611	142005	90	504	1.58e-43	170
ACJ66779.1	tr|A0A2I0AP13|A0A2I0AP13_9ASPA	28.358	469	282	12	141570	142010	32	474	2.69e-43	168
ACJ66779.1	tr|A0A0B2PI80|A0A0B2PI80_GLYSO	38.462	208	120	4	141782	141982	10	216	3.54e-43	159
ACJ66779.1	tr|B9R7J5|B9R7J5_RICCO	27.291	491	306	13	141569	142034	42	506	9.59e-43	167
ACJ66779.1	tr|A0A2G9HZX7|A0A2G9HZX7_9LAMI	33.333	288	181	6	141031	141311	30	313	1.84e-42	160
ACJ66779.1	tr|E3T9X1|E3T9X1_ALLSA	27.347	490	290	15	141570	142023	29	488	2.04e-42	166
ACJ66779.1	tr|B9SJ86|B9SJ86_RICCO	32.628	331	206	6	141575	141895	32	355	3.84e-42	161
ACJ66779.1	tr|A0A0B2QGV0|A0A0B2QGV0_GLYSO	51.408	142	68	1	141571	141712	28	168	3.95e-42	159
ACJ66779.1	tr|B9VV87|B9VV87_9MONI	35.341	249	149	4	141764	142004	27	271	6.29e-42	159
ACJ66779.1	tr|A0A0B2RE17|A0A0B2RE17_GLYSO	28.372	430	273	9	141613	142023	1	414	9.28e-42	162
ACJ66779.1	tr|D0Q1D4|D0Q1D4_COFAR	27.511	458	299	10	141593	142035	70	509	4.64e-41	162
ACJ66779.1	tr|A0A2G9FYR4|A0A2G9FYR4_9LAMI	40.541	185	100	1	141854	142038	192	366	7.24e-41	157
ACJ66779.1	tr|A0A2P6RS21|A0A2P6RS21_ROSCH	32.653	343	223	5	141583	141919	41	381	9.17e-41	158
ACJ66779.1	tr|D0Q1D3|D0Q1D3_COFAR	27.922	462	317	9	141581	142035	55	507	1.02e-40	161
ACJ66779.1	tr|B9SIK5|B9SIK5_RICCO	34.978	223	98	2	141814	142032	33	212	1.35e-40	152
ACJ66779.1	tr|B9RAS1|B9RAS1_RICCO	31.159	276	172	5	141682	141950	31	295	7.98e-40	152
ACJ66779.1	tr|A0A0B2QX39|A0A0B2QX39_GLYSO	43.558	163	82	3	141883	142036	2	163	1.24e-38	144
ACJ66779.1	tr|A0A2G9FZC6|A0A2G9FZC6_9LAMI	28.274	336	225	6	141583	141914	88	411	6.46e-38	151
ACJ66779.1	tr|Q17UB9|Q17UB9_CUCME	40.698	172	100	1	141835	142004	5	176	3.08e-37	141
ACJ66779.1	tr|B9RHY2|B9RHY2_RICCO	33.333	255	157	7	141047	141295	53	300	1.55e-36	143
ACJ66779.1	tr|A0A173H1Q1|A0A173H1Q1_9LAMI	50.450	111	55	0	141853	141963	1	111	1.71e-36	135
ACJ66779.1	tr|A0A0B2PP97|A0A0B2PP97_GLYSO	39.535	172	96	3	141866	142036	1	165	2.61e-36	138
ACJ66779.1	tr|A0A2I0A2H3|A0A2I0A2H3_9ASPA	43.713	167	84	3	141876	142037	96	257	1.38e-34	136
ACJ66779.1	tr|R9WNI5|R9WNI5_9ROSI	34.234	222	138	5	141764	141978	43	263	1.41e-33	133
ACJ66779.1	tr|B9S3I3|B9S3I3_RICCO	28.954	373	190	10	141609	141964	1	315	3.63e-33	133
ACJ66779.1	tr|B9RBR0|B9RBR0_RICCO	31.250	240	153	5	141028	141258	18	254	7.37e-33	130
ACJ66779.1	tr|A0A2G9H8E9|A0A2G9H8E9_9LAMI	31.783	258	171	4	141035	141290	27	281	8.01e-33	135
ACJ66779.1	tr|B9SVN6|B9SVN6_RICCO	49.074	108	53	1	141933	142038	2	109	2.49e-31	121
ACJ66779.1	tr|A0A0B4KID2|A0A0B4KID2_9ROSA	50.459	109	54	0	141902	142010	1	109	3.23e-31	120
ACJ66779.1	tr|A0A0B4KIB9|A0A0B4KIB9_9ROSA	50.459	109	54	0	141902	142010	1	109	5.40e-31	120
ACJ66779.1	tr|A0A2G9GEU3|A0A2G9GEU3_9LAMI	26.235	324	223	7	141029	141339	24	344	6.36e-31	128
ACJ66779.1	tr|A0A0B4KIE7|A0A0B4KIE7_PRUAR	48.624	109	56	0	141902	142010	1	109	1.23e-30	119
ACJ66779.1	tr|A0A0B2QM76|A0A0B2QM76_GLYSO	41.593	113	66	0	141846	141958	2	114	2.10e-29	115
ACJ66779.1	tr|A0A2P6Q0R9|A0A2P6Q0R9_ROSCH	27.003	337	194	8	141575	141905	41	331	4.06e-29	127
ACJ66779.1	tr|A0A2I0B5L2|A0A2I0B5L2_9ASPA	43.802	121	68	0	141920	142040	1	121	6.15e-29	115
ACJ66779.1	tr|B9SRU4|B9SRU4_RICCO	37.195	164	72	2	141869	142032	114	246	1.56e-28	118
ACJ66779.1	tr|A0A2G9G2K5|A0A2G9G2K5_9LAMI	30.515	272	174	8	141034	141294	27	294	3.52e-28	119
ACJ66779.1	tr|A0A2S0RR21|A0A2S0RR21_9GENT	36.842	152	96	0	141816	141967	72	223	6.31e-28	115
ACJ66779.1	tr|B9S895|B9S895_RICCO	32.143	252	158	7	141576	141822	35	278	2.30e-27	116
ACJ66779.1	tr|B9T2D0|B9T2D0_RICCO	39.310	145	80	2	141899	142037	258	400	3.30e-27	118
ACJ66779.1	tr|A0A0B2QFA5|A0A0B2QFA5_GLYSO	35.385	195	86	3	141814	142005	101	258	5.44e-27	115
ACJ66779.1	tr|A0A2P6RNT6|A0A2P6RNT6_ROSCH	44.828	116	61	1	141843	141958	4	116	1.04e-26	110
ACJ66779.1	tr|B9RHC8|B9RHC8_RICCO	45.192	104	56	1	141420	141522	2	105	2.31e-26	107
ACJ66779.1	tr|A0A0B2QFX3|A0A0B2QFX3_GLYSO	38.889	108	66	0	141846	141953	2	109	2.39e-26	107
ACJ66779.1	tr|A0A2G9HN93|A0A2G9HN93_9LAMI	36.975	119	72	1	141920	142038	4	119	1.46e-25	105
ACJ66779.1	tr|B9SYN2|B9SYN2_RICCO	31.140	228	152	3	141575	141802	28	250	9.42e-25	109
ACJ66779.1	tr|A0A2G9G9G9|A0A2G9G9G9_9LAMI	25.556	450	290	17	141569	142003	34	453	1.57e-24	112
ACJ66779.1	tr|B9TPU9|B9TPU9_RICCO	30.932	236	155	5	141570	141803	29	258	1.84e-24	107
ACJ66779.1	tr|A0A2G9H511|A0A2G9H511_9LAMI	28.763	299	186	9	141714	142004	88	367	1.88e-24	110
ACJ66779.1	tr|A0A0B2SK61|A0A0B2SK61_GLYSO	29.279	222	144	6	141789	142003	246	461	6.74e-24	110
ACJ66779.1	tr|A0A2I0B5L5|A0A2I0B5L5_9ASPA	30.597	268	167	6	141033	141289	37	296	1.60e-23	110
ACJ66779.1	tr|U5YM12|U5YM12_MALDO	24.508	457	291	15	141569	142007	48	468	2.04e-23	108
ACJ66779.1	tr|B9R7Y0|B9R7Y0_RICCO	24.736	473	271	17	141569	142007	8	429	2.10e-23	108
ACJ66779.1	tr|A0A2G9G5H7|A0A2G9G5H7_9LAMI	27.076	277	187	8	141028	141296	17	286	3.21e-23	103
ACJ66779.1	tr|A0A0B2Q5U7|A0A0B2Q5U7_GLYSO	28.244	262	163	6	141765	142013	206	455	4.09e-23	107
ACJ66779.1	tr|Q40907|Q40907_POPKI	25.272	368	241	9	141585	141933	44	396	1.03e-22	104
ACJ66779.1	tr|B9SKJ4|B9SKJ4_RICCO	24.161	447	292	13	141575	142004	44	460	1.93e-22	105
ACJ66779.1	tr|A0A151SPY3|A0A151SPY3_CAJCA	29.008	262	161	6	141765	142013	175	424	2.72e-22	104
ACJ66779.1	tr|A0A220NVG1|A0A220NVG1_CAMSI	29.218	243	140	7	141779	142006	238	463	4.82e-22	104
ACJ66779.1	tr|A0A1X9H7V5|A0A1X9H7V5_TRIWF	30.088	226	140	7	141789	142003	237	455	7.14e-22	103
ACJ66779.1	tr|A0A220NVF9|A0A220NVF9_CAMSI	23.958	480	289	17	141033	141493	37	459	2.21e-21	102
ACJ66779.1	tr|B9T450|B9T450_RICCO	29.630	243	140	7	141778	142006	224	449	2.22e-21	102
ACJ66779.1	tr|A0A2G9H4H9|A0A2G9H4H9_9LAMI	25.612	449	288	15	141574	142007	30	447	4.17e-21	101
ACJ66779.1	tr|B9TGE8|B9TGE8_RICCO	40.323	124	71	2	141569	141691	30	151	1.09e-20	92.4
ACJ66779.1	tr|A0A2I0A3H5|A0A2I0A3H5_9ASPA	25.991	454	283	16	141569	142003	42	461	1.54e-20	99.8
ACJ66779.1	tr|A0A2G9H4W9|A0A2G9H4W9_9LAMI	22.595	447	284	12	141575	142005	39	439	2.03e-19	95.9
ACJ66779.1	tr|D7TFC7|D7TFC7_VITVI	29.353	201	127	4	141812	142005	249	441	2.06e-19	95.9
ACJ66779.1	tr|A0A151TC27|A0A151TC27_CAJCA	28.054	221	148	4	141789	142006	180	392	2.76e-19	95.1
ACJ66779.1	tr|A0A1D8RF31|A0A1D8RF31_OROCE	22.717	449	281	13	141575	142005	35	435	3.09e-19	95.5
ACJ66779.1	tr|A0A1D8RF46|A0A1D8RF46_STRHE	24.236	491	286	15	141025	141496	19	442	3.29e-19	95.1
ACJ66779.1	tr|A0A2G9I963|A0A2G9I963_9LAMI	29.703	202	128	4	141810	142005	241	434	4.01e-19	95.1
ACJ66779.1	tr|A0A1D8RF30|A0A1D8RF30_OROMI	28.571	231	141	6	141781	142005	223	435	4.08e-19	95.1
ACJ66779.1	tr|B3RH47|B3RH47_9ROSA	34.239	184	103	4	140802	140974	104	280	4.13e-19	91.7
ACJ66779.1	tr|Q0PCE7|Q0PCE7_SOLME	34.637	179	105	5	140802	140972	103	277	5.11e-19	91.3
ACJ66779.1	tr|C7T4G7|C7T4G7_WHEAT	29.864	221	143	5	141790	142004	25	239	5.11e-19	90.9
ACJ66779.1	tr|A0A220NVG6|A0A220NVG6_CAMSI	28.638	213	139	5	141798	142005	233	437	6.59e-19	94.4
ACJ66779.1	tr|B9SAF0|B9SAF0_RICCO	24.777	448	296	13	141573	142007	30	449	7.24e-19	94.4
ACJ66779.1	tr|B9SC56|B9SC56_RICCO	22.840	486	294	14	141034	141502	26	447	8.89e-19	94.0
ACJ66779.1	tr|B9RY37|B9RY37_RICCO	29.146	199	127	4	141813	142005	249	439	9.48e-19	94.0
ACJ66779.1	tr|A0A2G9FXZ3|A0A2G9FXZ3_9LAMI	25.561	446	291	15	141575	142007	43	460	9.58e-19	94.0
ACJ66779.1	tr|A0A2P6Q0R7|A0A2P6Q0R7_ROSCH	32.484	157	101	3	141036	141187	27	183	1.19e-18	89.0
ACJ66779.1	tr|A0A151R0U6|A0A151R0U6_CAJCA	30.000	200	126	4	141812	142005	237	428	1.37e-18	93.2
ACJ66779.1	tr|Q0PCE8|Q0PCE8_SOLME	31.818	176	116	1	141764	141935	103	278	1.45e-18	90.1
ACJ66779.1	tr|A0A2G9HE80|A0A2G9HE80_9LAMI	27.574	272	170	10	141770	142034	239	490	1.47e-18	93.6
ACJ66779.1	tr|C7T4G4|C7T4G4_WHEAT	29.461	241	151	6	141769	142003	11	238	1.84e-18	89.4
ACJ66779.1	tr|C7T4G9|C7T4G9_WHEAT	29.461	241	151	6	141769	142003	11	238	1.85e-18	89.4
ACJ66779.1	tr|K9MZ39|K9MZ39_9BRAS	30.366	191	123	3	141824	142010	112	296	2.77e-18	90.1
ACJ66779.1	tr|A0A1D8RF65|A0A1D8RF65_STRHE	29.500	200	127	4	141812	142005	244	435	3.49e-18	92.0
ACJ66779.1	tr|A0A220NVG9|A0A220NVG9_CAMSI	22.698	467	297	15	141034	141492	32	442	3.72e-18	92.0
ACJ66779.1	tr|A0A2I0B8K2|A0A2I0B8K2_9ASPA	26.882	279	173	6	141769	142040	247	501	4.06e-18	92.4
ACJ66779.1	tr|B9RHC7|B9RHC7_RICCO	27.715	267	170	6	141034	141288	34	289	8.12e-18	88.6
ACJ66779.1	tr|A0A2I0B995|A0A2I0B995_9ASPA	30.045	223	143	6	141794	142007	285	503	9.39e-18	91.3
ACJ66779.1	tr|Q400R7|Q400R7_LACSA	32.000	175	115	1	140802	140972	103	277	9.89e-18	87.4
ACJ66779.1	tr|A0A151SI06|A0A151SI06_CAJCA	30.978	184	115	3	141828	142005	256	433	1.12e-17	90.5
ACJ66779.1	tr|A0A2G9GVV1|A0A2G9GVV1_9LAMI	23.297	455	304	15	141565	142006	35	457	1.40e-17	90.5
ACJ66779.1	tr|A0A1Z1MY54|A0A1Z1MY54_PEA	29.000	200	128	4	141812	142005	245	436	1.71e-17	89.7
ACJ66779.1	tr|B9SEB4|B9SEB4_RICCO	28.125	224	145	7	141789	142006	244	457	2.57e-17	89.7
ACJ66779.1	tr|A0A2G9GPW3|A0A2G9GPW3_9LAMI	24.208	442	288	15	141575	142006	42	446	3.46e-17	89.4
ACJ66779.1	sp|Q9FF18|C7351_ARATH	35.556	180	107	5	141827	142005	316	487	4.02e-17	89.4
ACJ66779.1	sp|Q2MJ21|C7A67_MEDTR	28.063	253	166	8	141764	142003	238	487	5.01e-17	89.0
ACJ66779.1	tr|A0A1D8RF49|A0A1D8RF49_TRIVS	29.000	200	128	5	141812	142005	246	437	6.08e-17	88.2
ACJ66779.1	tr|A0A0B2P7N6|A0A0B2P7N6_GLYSO	28.251	223	143	6	141789	142005	225	436	6.54e-17	88.2
ACJ66779.1	tr|J3T3R0|J3T3R0_PHERA	25.000	240	159	4	141769	142005	213	434	7.84e-17	87.8
ACJ66779.1	tr|A0A220NVG5|A0A220NVG5_CAMSI	28.000	225	149	5	141798	142017	230	446	8.49e-17	87.8
ACJ66779.1	tr|A0A0B2RQC9|A0A0B2RQC9_GLYSO	30.588	255	160	9	141759	142004	205	451	9.81e-17	87.8
ACJ66779.1	tr|B9S6B8|B9S6B8_RICCO	28.099	242	152	8	141770	142005	236	461	1.20e-16	87.4
ACJ66779.1	sp|Q9ZW95|C7352_ARATH	32.558	215	136	6	141824	142034	303	512	1.49e-16	87.4
ACJ66779.1	tr|B9T6D5|B9T6D5_RICCO	37.097	124	77	1	141568	141691	31	153	1.66e-16	81.3
ACJ66779.1	tr|A0A2I0B2B1|A0A2I0B2B1_9ASPA	27.273	198	138	2	141817	142009	265	461	1.88e-16	86.7
ACJ66779.1	tr|A0A2G9FVW3|A0A2G9FVW3_9LAMI	26.800	250	164	5	141768	142006	83	324	1.93e-16	85.1
ACJ66779.1	tr|B9RG11|B9RG11_RICCO	24.888	446	294	15	141575	142007	37	454	2.10e-16	86.7
ACJ66779.1	tr|B9SPD1|B9SPD1_RICCO	23.282	451	284	14	141575	142003	33	443	3.04e-16	85.9
ACJ66779.1	tr|A0A2G9HE44|A0A2G9HE44_9LAMI	27.826	230	150	6	141789	142005	241	467	3.05e-16	86.3
ACJ66779.1	tr|A0A0B2QCG8|A0A0B2QCG8_GLYSO	30.196	255	161	9	141759	142004	205	451	3.64e-16	85.9
ACJ66779.1	sp|Q6JTJ0|T7H_TAXCU	29.648	199	132	4	141810	142003	272	467	3.80e-16	85.9
ACJ66779.1	sp|Q84KI1|T14H_TAXCU	28.571	224	144	7	141790	142003	247	464	3.80e-16	85.9
ACJ66779.1	tr|A0A1D8RF66|A0A1D8RF66_TRIVS	28.000	200	130	4	141812	142005	248	439	3.89e-16	85.9
ACJ66779.1	tr|M9Q2P3|M9Q2P3_VITVI	29.208	202	122	6	141817	142006	248	440	4.21e-16	85.5
ACJ66779.1	tr|A0A2G9GQL0|A0A2G9GQL0_9LAMI	28.099	242	158	8	141775	142006	217	452	4.70e-16	85.5
ACJ66779.1	tr|A0A2G9IA64|A0A2G9IA64_9LAMI	22.751	378	235	13	141666	142009	116	470	5.09e-16	85.5
ACJ66779.1	tr|A0A0B2Q1G4|A0A0B2Q1G4_GLYSO	28.061	196	111	4	141824	142013	199	370	5.37e-16	84.3
ACJ66779.1	tr|A0A1W6S9Y7|A0A1W6S9Y7_CHEMJ	26.415	212	141	6	141039	141236	44	254	6.09e-16	82.0
ACJ66779.1	tr|B9T864|B9T864_RICCO	27.830	212	144	5	141798	142005	56	262	6.44e-16	82.4
ACJ66779.1	tr|B9R8M6|B9R8M6_RICCO	21.915	470	325	14	141575	142030	37	478	6.90e-16	85.1
ACJ66779.1	tr|B9SV76|B9SV76_RICCO	23.195	457	307	16	141575	142015	33	461	7.61e-16	84.7
ACJ66779.1	tr|A0A2G9HU76|A0A2G9HU76_9LAMI	24.512	461	243	18	141581	142035	18	379	1.20e-15	83.2
ACJ66779.1	tr|A0A2G9HB37|A0A2G9HB37_9LAMI	31.818	154	96	4	141856	142005	1	149	1.71e-15	78.6
ACJ66779.1	tr|A0A1D8MM90|A0A1D8MM90_SENAL	26.923	286	181	9	141721	141996	81	348	1.76e-15	82.4
ACJ66779.1	tr|A0A1D8RF50|A0A1D8RF50_TRIVS	27.363	201	132	4	141811	142005	243	435	5.01e-15	82.0
ACJ66779.1	tr|A0A2G9G833|A0A2G9G833_9LAMI	28.085	235	152	7	141789	142009	129	360	7.16e-15	80.9
ACJ66779.1	tr|A0A2G9I6B8|A0A2G9I6B8_9LAMI	27.869	244	154	7	141769	142006	224	451	7.85e-15	81.6
ACJ66779.1	tr|A0A2P6RNW0|A0A2P6RNW0_ROSCH	29.694	229	149	7	141581	141802	41	264	8.39e-15	79.7
ACJ66779.1	tr|A0A2G9G2A7|A0A2G9G2A7_9LAMI	26.744	258	167	8	141768	142007	245	498	9.45e-15	81.6
ACJ66779.1	tr|B9S6I4|B9S6I4_RICCO	26.768	198	139	2	141817	142009	252	448	1.00e-14	81.3
ACJ66779.1	tr|A0A2G9GLK9|A0A2G9GLK9_9LAMI	36.441	118	63	3	141891	142005	1	109	1.04e-14	74.7
ACJ66779.1	tr|B9SIU0|B9SIU0_RICCO	26.577	222	152	5	141789	142006	195	409	1.38e-14	80.5
ACJ66779.1	tr|A0A0B2QSZ8|A0A0B2QSZ8_GLYSO	25.203	246	162	6	141770	142009	233	462	1.48e-14	80.9
ACJ66779.1	tr|A0A1Z1MY52|A0A1Z1MY52_PEA	25.532	235	158	5	141777	142005	212	435	2.08e-14	80.1
