ACJ66779.1	tr|A0A2G9GLE2|A0A2G9GLE2_9LAMI	77.506	449	89	5	84145	84587	1	443	0.0	728
ACJ66779.1	tr|A0A0B2RSK3|A0A0B2RSK3_GLYSO	76.821	453	93	6	84145	84590	1	448	0.0	724
ACJ66779.1	tr|A0A0B2PMS3|A0A0B2PMS3_GLYSO	76.923	455	90	6	84145	84590	1	449	0.0	724
ACJ66779.1	tr|A0A2G9I586|A0A2G9I586_9LAMI	76.286	447	80	5	84145	84587	1	425	0.0	722
ACJ66779.1	sp|P48620|FAD3C_SESIN	76.734	447	94	4	84145	84587	1	441	0.0	720
ACJ66779.1	tr|B9SQN0|B9SQN0_RICCO	74.115	452	104	5	84146	84587	3	451	0.0	713
ACJ66779.1	sp|P48619|FAD3C_RICCO	74.115	452	104	5	84146	84587	3	451	0.0	713
ACJ66779.1	tr|I7BG84|I7BG84_9ROSA	58.844	588	218	11	81584	82166	25	593	0.0	707
ACJ66779.1	sp|P48629|FAD6C_SPIOL	74.528	424	105	2	79089	79512	27	447	0.0	701
ACJ66779.1	sp|P48622|FAD3D_ARATH	73.214	448	97	4	84145	84587	1	430	0.0	696
ACJ66779.1	tr|A0A5B7ABV4|A0A5B7ABV4_DAVIN	82.984	382	64	1	1	381	1	382	0.0	694
ACJ66779.1	tr|A0A192GPD1|A0A192GPD1_9MAGN	71.868	455	119	4	84145	84595	1	450	0.0	692
ACJ66779.1	tr|A9X2G9|A9X2G9_CREAL	74.888	446	96	4	84145	84587	1	433	0.0	691
ACJ66779.1	tr|B9T1J7|B9T1J7_RICCO	73.154	447	115	2	84145	84587	1	446	0.0	690
ACJ66779.1	tr|A0A2P6R904|A0A2P6R904_ROSCH	73.614	451	102	5	84145	84587	1	442	0.0	686
ACJ66779.1	tr|G9I193|G9I193_JATCU	80.105	382	75	1	1	381	1	382	0.0	684
ACJ66779.1	tr|A0A1W6FXV5|A0A1W6FXV5_CHOBU	71.847	444	113	4	84145	84587	1	433	0.0	680
ACJ66779.1	tr|A0T1K2|A0T1K2_RICCO	80.105	382	75	1	1	381	1	382	0.0	680
ACJ66779.1	tr|A0A1U9XQV1|A0A1U9XQV1_9MAGN	80.628	382	73	1	1	381	1	382	0.0	679
ACJ66779.1	tr|A0A0B2QXV9|A0A0B2QXV9_GLYSO	81.937	382	68	1	1	381	1	382	0.0	678
ACJ66779.1	tr|A0A072UBF9|A0A072UBF9_MEDTR	71.622	444	120	4	84145	84587	1	439	0.0	674
ACJ66779.1	sp|P46310|FAD3C_ARATH	71.588	447	113	4	84145	84587	1	437	0.0	674
ACJ66779.1	sp|I3PFJ5|C76AD_BETVU	75.492	457	105	3	141583	142036	41	493	0.0	673
ACJ66779.1	sp|Q8GZC3|FAD2_VERFO	80.890	382	72	1	1	381	1	382	0.0	672
ACJ66779.1	tr|A0A5B6YZ71|A0A5B6YZ71_DAVIN	78.478	381	82	0	1	381	57	437	0.0	667
ACJ66779.1	tr|A0A2P6RDH6|A0A2P6RDH6_ROSCH	82.723	382	64	2	1	381	1	381	0.0	666
ACJ66779.1	sp|P48631|FD6E2_SOYBN	80.890	382	72	1	1	381	1	382	0.0	665
ACJ66779.1	tr|A0A2G9FYQ4|A0A2G9FYQ4_9LAMI	79.634	383	76	2	1	381	1	383	0.0	664
ACJ66779.1	tr|A0A396H899|A0A396H899_MEDTR	79.373	383	77	2	1	381	1	383	0.0	664
ACJ66779.1	tr|A0A0B2S813|A0A0B2S813_GLYSO	75.000	392	94	2	79121	79512	54	441	0.0	664
ACJ66779.1	tr|A0A1P8LK24|A0A1P8LK24_TOBAC	79.581	382	77	1	1	381	1	382	0.0	662
ACJ66779.1	tr|G7JGR1|G7JGR1_MEDTR	73.529	408	101	3	79105	79512	46	446	0.0	659
ACJ66779.1	tr|G7JN29|G7JN29_MEDTR	73.556	450	95	5	84145	84587	1	433	0.0	657
ACJ66779.1	tr|A0A2P6RI95|A0A2P6RI95_ROSCH	75.448	391	92	1	79122	79512	54	440	0.0	656
ACJ66779.1	tr|C4MH52|C4MH52_SOYBN	71.367	461	99	6	84145	84587	1	446	0.0	655
ACJ66779.1	sp|P48627|FAD6C_BRANA	75.064	393	94	1	79121	79513	55	443	0.0	654
ACJ66779.1	tr|A0A0B2SD73|A0A0B2SD73_GLYSO	70.690	464	103	6	84145	84590	1	449	0.0	653
ACJ66779.1	sp|Q84VT2|FAD12_PUNGR	76.744	387	81	2	1	380	1	385	0.0	652
ACJ66779.1	tr|Q66NX3|Q66NX3_9ROSI	58.065	589	220	11	81585	82167	23	590	0.0	650
ACJ66779.1	sp|Q56VS4|FAD3C_HELAN	70.732	451	112	4	84145	84587	1	439	0.0	650
ACJ66779.1	sp|P46312|FAD6C_ARATH	75.510	392	92	1	79122	79513	61	448	0.0	650
ACJ66779.1	tr|B0LLV3|B0LLV3_CYDOB	60.861	511	186	9	81661	82166	3	504	0.0	649
ACJ66779.1	tr|C5MRD5|C5MRD5_SOYBN	72.627	453	107	6	84145	84587	1	446	0.0	649
ACJ66779.1	tr|A0A0B2QKR6|A0A0B2QKR6_GLYSO	71.522	460	114	6	84145	84594	1	453	0.0	649
ACJ66779.1	tr|A0A5B7AE93|A0A5B7AE93_DAVIN	78.534	382	61	2	1	381	1	362	0.0	648
ACJ66779.1	tr|A0A5B6Z1X6|A0A5B6Z1X6_DAVIN	76.640	381	79	1	1	381	1	371	0.0	644
ACJ66779.1	tr|A0A2G9G573|A0A2G9G573_9LAMI	78.851	383	79	1	1	381	1	383	0.0	644
ACJ66779.1	sp|P48618|FAD3C_BRANA	72.289	415	92	3	84175	84587	2	395	0.0	643
ACJ66779.1	tr|A0A0B2PT90|A0A0B2PT90_GLYSO	77.662	385	82	2	1	381	1	385	0.0	643
ACJ66779.1	sp|P48621|FAD3C_SOYBN	70.870	460	117	6	84145	84594	1	453	0.0	641
ACJ66779.1	tr|A0A1W6FXW5|A0A1W6FXW5_CHOBU	72.616	409	97	3	84145	84552	1	395	0.0	637
ACJ66779.1	tr|A0A072VUB5|A0A072VUB5_MEDTR	78.068	383	82	2	1	381	1	383	0.0	636
ACJ66779.1	tr|A0A650BVH8|A0A650BVH8_9BORA	77.285	383	86	1	79564	79945	1	383	0.0	633
ACJ66779.1	tr|A0A3Q9TBL6|A0A3Q9TBL6_MUCPR	57.565	575	219	12	81599	82167	43	598	0.0	628
ACJ66779.1	tr|E9M2L7|E9M2L7_CARTI	77.807	383	82	2	1	381	1	382	0.0	624
ACJ66779.1	sp|Q39287|FAD6E_BRAJU	74.674	383	95	2	1	381	1	383	0.0	623
ACJ66779.1	tr|G9I194|G9I194_JATCU	73.575	386	97	1	1	381	1	386	0.0	622
ACJ66779.1	tr|A0A2I0B4J0|A0A2I0B4J0_9ASPA	69.128	447	130	5	84145	84590	1	440	0.0	621
ACJ66779.1	tr|A0A5B6Z016|A0A5B6Z016_DAVIN	74.084	382	93	2	84219	84594	44	425	0.0	621
ACJ66779.1	sp|P46313|FAD6E_ARATH	73.822	382	99	1	1	381	1	382	0.0	619
ACJ66779.1	tr|A0A2P6QMU7|A0A2P6QMU7_ROSCH	72.966	381	96	2	1	380	1	375	0.0	614
ACJ66779.1	sp|P48628|FAD6C_SOYBN	73.333	375	96	2	79121	79495	54	424	0.0	614
ACJ66779.1	sp|P48630|FD6E1_SOYBN	74.016	381	96	2	1	381	9	386	0.0	613
ACJ66779.1	tr|A0A5B6Z0F2|A0A5B6Z0F2_DAVIN	73.298	382	96	2	84219	84594	44	425	0.0	613
ACJ66779.1	tr|A0A5B6Z1X1|A0A5B6Z1X1_DAVIN	75.477	367	90	0	84228	84594	64	430	0.0	608
ACJ66779.1	tr|A0A6C0QIE4|A0A6C0QIE4_9ASTR	73.298	382	99	2	1	381	1	380	0.0	608
ACJ66779.1	tr|A0A6C0QIE1|A0A6C0QIE1_CARTI	73.037	382	100	2	1	381	1	380	0.0	608
ACJ66779.1	tr|L7VFR3|L7VFR3_CARTI	72.775	382	101	2	79564	79944	1	380	0.0	607
ACJ66779.1	tr|A0A6C0QIE2|A0A6C0QIE2_9ASTR	73.298	382	99	2	79564	79944	1	380	0.0	607
ACJ66779.1	tr|A0A6C0QK42|A0A6C0QK42_9ASTR	73.107	383	100	2	79564	79945	1	381	0.0	607
ACJ66779.1	sp|Q9AT72|FAD2_CALOF	74.740	384	94	2	79564	79945	1	383	0.0	607
ACJ66779.1	tr|A0A6C0QJG5|A0A6C0QJG5_9ASTR	73.037	382	100	2	1	381	1	380	0.0	606
ACJ66779.1	tr|A0A6C0QIL9|A0A6C0QIL9_9ASTR	73.037	382	100	2	1	381	1	380	0.0	606
ACJ66779.1	tr|A0A6C0QIN6|A0A6C0QIN6_9ASTR	72.513	382	102	2	1	381	1	380	0.0	604
ACJ66779.1	tr|A0A6C0QJG4|A0A6C0QJG4_9ASTR	72.251	382	103	2	1	381	1	380	0.0	603
ACJ66779.1	tr|A0A6C0QJQ9|A0A6C0QJQ9_9ASTR	72.251	382	103	2	1	381	1	380	0.0	602
ACJ66779.1	tr|A0A6C0RHX3|A0A6C0RHX3_9ASTR	73.925	372	96	1	1	371	1	372	0.0	601
ACJ66779.1	tr|A0A6C0RKD8|A0A6C0RKD8_9ASTR	73.656	372	97	1	1	371	1	372	0.0	599
ACJ66779.1	tr|A0A6C0RKB4|A0A6C0RKB4_9ASTR	73.656	372	97	1	79564	79934	1	372	0.0	598
ACJ66779.1	tr|A0A3Q9B2S0|A0A3Q9B2S0_IDEPO	72.846	383	98	2	1	381	1	379	0.0	597
ACJ66779.1	sp|Q8GZC2|FADX_VERFO	69.610	385	113	2	1	381	1	385	0.0	597
ACJ66779.1	tr|B9T3Z1|B9T3Z1_RICCO	69.802	404	86	4	79123	79512	59	440	0.0	595
ACJ66779.1	tr|L7VG61|L7VG61_CARTI	71.728	382	104	3	1	381	1	379	0.0	595
ACJ66779.1	tr|A0A451EZK6|A0A451EZK6_MUCPR	55.026	567	234	12	81604	82164	46	597	0.0	593
ACJ66779.1	tr|A0A2I0A6A6|A0A2I0A6A6_9ASPA	72.194	392	97	3	1	380	1	392	0.0	591
ACJ66779.1	tr|A0A6C0QIK8|A0A6C0QIK8_9ASTR	73.770	366	95	1	79564	79928	1	366	0.0	590
ACJ66779.1	tr|Q66NX4|Q66NX4_9ROSI	51.064	611	259	14	81567	82167	1	581	0.0	587
ACJ66779.1	tr|Q84YI1|Q84YI1_TRIPR	50.000	598	257	14	81585	82164	30	603	0.0	583
ACJ66779.1	sp|Q41131|FAH12_RICCO	69.171	386	114	1	1	381	1	386	0.0	583
ACJ66779.1	tr|Q9FXK9|Q9FXK9_SOYBN	70.027	377	104	1	84211	84587	4	371	0.0	583
ACJ66779.1	tr|B9VNV4|B9VNV4_TRIPR	50.000	600	254	15	81585	82164	30	603	0.0	582
ACJ66779.1	tr|Q84YH9|Q84YH9_TRIPR	49.751	603	268	10	81575	82166	21	599	0.0	580
ACJ66779.1	sp|Q84UB9|FAD12_TRIKI	71.468	361	102	1	22	381	8	368	0.0	580
ACJ66779.1	tr|A0A0B2PF68|A0A0B2PF68_GLYSO	71.468	361	103	0	84227	84587	1	361	0.0	578
ACJ66779.1	tr|B9SI38|B9SI38_RICCO	70.180	389	108	4	84225	84610	64	447	0.0	578
ACJ66779.1	tr|U5LRH6|U5LRH6_9MAGN	70.886	395	98	6	1	381	1	392	0.0	575
ACJ66779.1	tr|A0A650C598|A0A650C598_9BORA	71.348	356	102	0	84239	84594	68	423	0.0	572
ACJ66779.1	tr|A0A2Z4N5R8|A0A2Z4N5R8_PHYFE	69.837	368	111	0	84220	84587	9	376	0.0	566
ACJ66779.1	sp|P32291|FAD3E_VIGRR	69.377	369	113	0	84227	84595	11	379	0.0	566
ACJ66779.1	tr|A0A0B2RPW1|A0A0B2RPW1_GLYSO	68.312	385	114	1	84211	84595	4	380	0.0	565
ACJ66779.1	sp|Q6UIL3|LAHY_LARTR	50.424	589	255	15	81587	82167	22	581	6.37e-180	570
ACJ66779.1	tr|I7CCR9|I7CCR9_9ROSA	48.377	616	268	16	80933	81525	24	612	9.73e-180	571
ACJ66779.1	tr|L7VBW2|L7VBW2_CARTI	65.285	386	129	3	1	381	1	386	1.79e-179	560
ACJ66779.1	sp|P48624|FAD3E_BRANA	73.295	352	94	0	84236	84587	21	372	2.55e-179	559
ACJ66779.1	tr|A0A0N6WHL4|A0A0N6WHL4_CHOBU	69.837	368	109	1	84220	84587	10	375	8.49e-179	558
ACJ66779.1	sp|P48625|FAD3E_SOYBN	71.031	359	104	0	84232	84590	19	377	6.66e-178	555
ACJ66779.1	sp|A3F5L3|DES2_SORBI	67.700	387	115	3	1	380	1	384	1.27e-177	555
ACJ66779.1	sp|Q6RS95|FAD21_DIMSI	66.142	381	127	2	1	381	1	379	2.60e-177	553
ACJ66779.1	tr|U5LRP1|U5LRP1_9MAGN	67.259	394	111	5	1	380	1	390	3.72e-176	551
ACJ66779.1	tr|U5LRI0|U5LRI0_9MAGN	67.176	393	112	5	1	380	1	389	6.92e-176	550
ACJ66779.1	sp|P48626|FAD3E_TOBAC	69.688	353	107	0	84238	84590	22	374	1.17e-175	548
ACJ66779.1	sp|P48623|FAD3E_ARATH	70.959	365	98	1	84231	84587	11	375	2.00e-175	548
ACJ66779.1	tr|A0A4D6DKS7|A0A4D6DKS7_9LAMI	83.673	294	48	0	75	368	3	296	9.47e-174	539
ACJ66779.1	tr|I7CML7|I7CML7_9ROSA	48.185	606	274	14	80925	81525	2	572	1.20e-172	549
ACJ66779.1	tr|A0A059UAM0|A0A059UAM0_WHEAT	52.037	540	231	8	81630	82164	39	555	3.47e-172	546
ACJ66779.1	tr|A0A1B2ZBX9|A0A1B2ZBX9_VITVI	57.018	456	189	4	141585	142038	48	498	5.52e-172	543
ACJ66779.1	tr|U5LN72|U5LN72_9MAGN	68.434	396	106	6	1	381	1	392	6.34e-172	538
ACJ66779.1	tr|A0A251UM29|A0A251UM29_HELAN	63.517	381	137	1	1	381	1	379	1.96e-171	536
ACJ66779.1	tr|U5LP46|U5LP46_9MAGN	67.929	396	108	6	1	381	1	392	2.02e-171	537
ACJ66779.1	tr|A0A2Z4N5R7|A0A2Z4N5R7_PHYFE	68.555	353	110	1	84236	84587	15	367	4.27e-171	535
ACJ66779.1	tr|Q84YI0|Q84YI0_TRIPR	49.032	620	265	19	80941	81526	20	622	3.61e-170	543
ACJ66779.1	sp|Q84UC0|FADX_TRIKI	64.011	364	127	1	22	381	23	386	8.65e-169	529
ACJ66779.1	sp|Q9SCG2|FAD2B_CALOF	63.588	379	134	2	1	379	1	375	3.91e-168	527
ACJ66779.1	tr|F5CEP1|F5CEP1_9ROSA	48.061	593	259	15	80942	81525	28	580	1.19e-167	535
ACJ66779.1	tr|A0A1B2ZBX8|A0A1B2ZBX8_VITVI	52.220	473	218	4	141571	142039	31	499	4.05e-167	530
ACJ66779.1	sp|Q594P3|DES3_SORBI	71.591	352	100	0	84236	84587	26	377	6.21e-167	524
ACJ66779.1	tr|L7VFG3|L7VFG3_CARTI	62.565	382	141	2	1	381	1	381	3.55e-166	521
ACJ66779.1	tr|L7VFS3|L7VFS3_CARTI	61.842	380	141	2	1	380	1	376	1.57e-164	516
ACJ66779.1	sp|Q9SP62|FADX_IMPBA	60.656	366	144	0	15	380	16	381	3.10e-164	516
ACJ66779.1	tr|A0A7L9VXL2|A0A7L9VXL2_9DIPS	53.571	476	213	4	141570	142041	28	499	2.40e-163	519
ACJ66779.1	sp|Q8VWZ7|C76B6_CATRO	52.331	472	219	3	141570	142039	26	493	4.68e-163	518
ACJ66779.1	tr|A0A0B2P471|A0A0B2P471_GLYSO	50.633	474	225	4	141570	142038	29	498	3.18e-162	516
ACJ66779.1	tr|A0A2P6PCG6|A0A2P6PCG6_ROSCH	50.743	471	222	5	141575	142039	36	502	3.43e-161	513
ACJ66779.1	sp|W8JMV1|CYT24_CATRO	51.899	474	220	4	141570	142039	30	499	4.59e-161	512
ACJ66779.1	tr|A0A2P6R0C5|A0A2P6R0C5_ROSCH	52.442	471	214	5	141575	142039	37	503	4.65e-161	512
ACJ66779.1	tr|A0A1B2ZBW9|A0A1B2ZBW9_VITVI	51.586	473	221	4	141571	142039	31	499	5.67e-161	512
ACJ66779.1	sp|Q9SP61|FADX_MOMCH	60.836	383	139	4	10	381	16	398	6.01e-161	507
ACJ66779.1	tr|A0A072VR50|A0A072VR50_MEDTR	51.613	465	217	5	141575	142036	35	494	3.90e-160	509
ACJ66779.1	sp|O81931|FAD12_CREAL	60.000	380	146	2	1	380	1	374	4.49e-160	504
ACJ66779.1	sp|Q84UB8|FADX_PUNGR	58.838	396	146	3	1	381	1	394	1.44e-158	500
ACJ66779.1	tr|B2ZFX8|B2ZFX8_9CHLO	64.789	355	121	3	84237	84587	73	427	2.65e-158	501
ACJ66779.1	tr|U5YCT7|U5YCT7_9CHLO	64.789	355	121	3	84237	84587	73	427	2.65e-158	501
ACJ66779.1	tr|A0A0B2RTJ8|A0A0B2RTJ8_GLYSO	83.643	269	44	0	113	381	92	360	1.46e-157	496
ACJ66779.1	tr|A0A2P6R0M7|A0A2P6R0M7_ROSCH	52.128	470	215	5	141575	142038	36	501	1.91e-157	502
ACJ66779.1	tr|A0A2P6R0R3|A0A2P6R0R3_ROSCH	50.851	470	221	5	141575	142038	36	501	2.03e-156	499
ACJ66779.1	tr|A0A396JIF1|A0A396JIF1_MEDTR	50.207	482	228	6	141565	142039	21	497	2.87e-156	498
ACJ66779.1	tr|A0A2G9GCU5|A0A2G9GCU5_9LAMI	52.851	456	208	4	141584	142036	40	491	2.69e-155	495
ACJ66779.1	tr|A0A2G9GCU5|A0A2G9GCU5_9LAMI	52.851	456	208	4	141584	142036	40	491	2.69e-155	495
ACJ66779.1	sp|D1MI46|C76BA_SWEMU	51.762	454	213	3	141584	142035	42	491	5.52e-155	494
ACJ66779.1	tr|A0A2P6R0U9|A0A2P6R0U9_ROSCH	48.975	488	222	6	141575	142039	36	519	1.44e-154	494
ACJ66779.1	tr|G7L8J9|G7L8J9_MEDTR	48.511	470	232	5	141575	142039	42	506	7.09e-154	492
ACJ66779.1	tr|A0A7D3UYJ8|A0A7D3UYJ8_NEPCA	52.128	470	215	5	141570	142036	27	489	9.86e-154	491
ACJ66779.1	tr|B9RBW9|B9RBW9_RICCO	51.739	460	214	4	141584	142039	46	501	1.28e-153	491
ACJ66779.1	tr|B9RBW9|B9RBW9_RICCO	51.739	460	214	4	141584	142039	46	501	1.28e-153	491
ACJ66779.1	tr|A0A7D3QT71|A0A7D3QT71_NEPRA	52.754	472	209	6	141570	142036	27	489	4.52e-153	489
ACJ66779.1	tr|A0A2P6P9L9|A0A2P6P9L9_ROSCH	52.328	451	207	4	141593	142039	53	499	5.16e-153	489
ACJ66779.1	tr|L7VFF6|L7VFF6_CARTI	55.789	380	165	3	1	378	1	379	1.78e-152	482
ACJ66779.1	tr|L7VBV6|L7VBV6_CARTI	55.789	380	164	4	1	378	1	378	2.24e-152	482
ACJ66779.1	tr|G8E0P7|G8E0P7_CAMAC	48.347	484	235	6	141561	142039	28	501	3.26e-152	487
ACJ66779.1	tr|A0A072VPG2|A0A072VPG2_MEDTR	51.496	468	219	5	141575	142039	36	498	4.13e-152	486
ACJ66779.1	tr|A0A7D3QN22|A0A7D3QN22_HYSOF	52.137	468	213	5	141575	142039	33	492	6.35e-152	486
ACJ66779.1	tr|A0A396HRG1|A0A396HRG1_MEDTR	50.424	472	223	6	141575	142039	38	505	1.97e-151	484
ACJ66779.1	tr|A0A072VHN2|A0A072VHN2_MEDTR	48.504	468	233	5	141575	142039	32	494	1.57e-150	481
ACJ66779.1	tr|A0A396I806|A0A396I806_MEDTR	49.893	469	226	5	141575	142039	36	499	1.89e-150	481
ACJ66779.1	tr|A0A396HJD4|A0A396HJD4_MEDTR	49.064	481	230	5	141575	142052	43	511	1.96e-150	483
ACJ66779.1	tr|G7L1D0|G7L1D0_MEDTR	47.468	474	237	5	141569	142034	29	498	4.34e-150	481
ACJ66779.1	tr|A0A2P6QX13|A0A2P6QX13_ROSCH	50.422	474	215	9	141575	142036	32	497	3.96e-149	478
ACJ66779.1	sp|O64635|C76C4_ARATH	49.057	477	231	5	141570	142038	34	506	5.25e-149	478
ACJ66779.1	tr|A0A2P6PDA4|A0A2P6PDA4_ROSCH	50.422	474	216	9	141575	142036	32	498	6.13e-149	478
ACJ66779.1	sp|W0FKI0|DOX1_PERHD	48.913	460	228	4	141583	142039	36	491	1.94e-148	476
ACJ66779.1	tr|A0A2Z5HVJ6|A0A2Z5HVJ6_MUCPR	48.111	503	230	11	81655	82149	7	486	4.65e-148	474
ACJ66779.1	tr|G7L8J6|G7L8J6_MEDTR	48.511	470	232	5	141575	142039	42	506	1.13e-147	474
ACJ66779.1	tr|A0A2P6R0Y9|A0A2P6R0Y9_ROSCH	50.109	457	220	4	141584	142036	45	497	4.98e-147	472
ACJ66779.1	tr|A0A2P6R0I6|A0A2P6R0I6_ROSCH	50.211	474	217	9	141575	142036	31	497	3.69e-146	469
ACJ66779.1	sp|O64636|C76C1_ARATH	47.689	476	237	6	141571	142038	35	506	5.74e-146	469
ACJ66779.1	sp|O64637|C76C2_ARATH	49.677	465	221	5	141583	142038	47	507	1.56e-145	468
ACJ66779.1	tr|A0A2G9FXM5|A0A2G9FXM5_9LAMI	49.263	475	216	6	141570	142039	29	483	2.52e-144	463
ACJ66779.1	tr|A0A2G9FXM5|A0A2G9FXM5_9LAMI	49.263	475	216	6	141570	142039	29	483	2.52e-144	463
ACJ66779.1	tr|I6MCN4|I6MCN4_CARTI	53.298	379	171	3	1	378	1	374	3.31e-144	458
ACJ66779.1	tr|L7VG56|L7VG56_CARTI	54.211	380	169	3	1	380	1	375	6.31e-143	454
ACJ66779.1	tr|G7L1C7|G7L1C7_MEDTR	47.380	458	228	6	141585	142034	45	497	6.26e-142	457
ACJ66779.1	sp|A0A1Z3GBS4|CYPH3_ISORU	46.998	483	244	6	141561	142038	16	491	1.29e-141	456
ACJ66779.1	sp|A0A2K9RG08|CYBK1_VITAC	45.992	474	247	4	141570	142038	29	498	2.19e-141	456
ACJ66779.1	tr|A0A2G9H5W3|A0A2G9H5W3_9LAMI	48.941	472	231	5	141570	142039	29	492	4.03e-141	454
ACJ66779.1	tr|A0A2G9H5W3|A0A2G9H5W3_9LAMI	48.941	472	231	5	141570	142039	29	492	4.03e-141	454
ACJ66779.1	tr|A0A6M3TXH1|A0A6M3TXH1_LITER	46.709	471	240	6	141575	142039	31	496	1.33e-140	453
ACJ66779.1	tr|A0A6M3TXH1|A0A6M3TXH1_LITER	46.709	471	240	6	141575	142039	31	496	1.33e-140	453
ACJ66779.1	tr|A0A0D2LWS5|A0A0D2LWS5_9CHLO	59.887	354	137	2	84238	84586	25	378	2.12e-140	447
ACJ66779.1	tr|A0A2S1RED8|A0A2S1RED8_CHRMO	49.778	450	213	6	141590	142036	48	487	2.62e-140	452
ACJ66779.1	tr|A0A2S1RED8|A0A2S1RED8_CHRMO	49.778	450	213	6	141590	142036	48	487	2.62e-140	452
ACJ66779.1	sp|S4UX02|CYPH1_SALMI	46.467	467	241	4	141575	142036	29	491	4.24e-140	451
ACJ66779.1	tr|L7VIK5|L7VIK5_CARTI	55.556	378	160	3	1	378	1	370	7.69e-140	446
ACJ66779.1	tr|G7L1C4|G7L1C4_MEDTR	46.737	475	240	5	141569	142034	29	499	1.24e-139	451
ACJ66779.1	sp|O64638|C76C3_ARATH	47.966	467	224	7	141584	142038	48	507	5.70e-139	449
ACJ66779.1	tr|A0A5B6Z354|A0A5B6Z354_DAVIN	71.479	284	77	1	84219	84498	51	334	8.15e-139	441
ACJ66779.1	tr|A0A3Q9R4N5|A0A3Q9R4N5_9BORA	44.885	479	255	5	141566	142039	19	493	2.45e-137	444
ACJ66779.1	tr|R4JGK9|R4JGK9_CYNCS	43.046	604	275	18	82875	83447	16	581	5.75e-136	443
ACJ66779.1	tr|A0A6M3TY96|A0A6M3TY96_LITER	44.050	479	259	5	141566	142039	19	493	1.03e-135	439
ACJ66779.1	tr|A0A6M3TY96|A0A6M3TY96_LITER	44.050	479	259	5	141566	142039	19	493	1.03e-135	439
ACJ66779.1	tr|D2CVT3|D2CVT3_CYNCS	43.568	583	270	17	82896	83447	9	563	1.63e-135	441
ACJ66779.1	tr|G7L1C9|G7L1C9_MEDTR	47.484	457	229	5	141585	142034	45	497	3.64e-135	437
ACJ66779.1	tr|A0A396J999|A0A396J999_MEDTR	47.447	470	224	7	141575	142040	34	484	1.60e-134	435
ACJ66779.1	tr|A0A396HJ99|A0A396HJ99_MEDTR	46.154	468	212	5	141575	142039	43	473	2.15e-134	434
ACJ66779.1	tr|A0A2P6R0I4|A0A2P6R0I4_ROSCH	48.927	466	197	5	141575	142038	36	462	3.68e-134	433
ACJ66779.1	tr|G7L1C3|G7L1C3_MEDTR	45.275	455	240	5	141585	142034	45	495	1.28e-133	433
ACJ66779.1	tr|F1DH41|F1DH41_9LAMI	48.018	454	228	5	141584	142036	40	486	2.97e-133	432
ACJ66779.1	tr|A0A0B2QJS1|A0A0B2QJS1_GLYSO	48.148	432	214	4	141609	142034	1	428	4.22e-133	429
ACJ66779.1	tr|A0A396KAZ2|A0A396KAZ2_MEDTR	74.436	266	68	0	79680	79945	14	279	6.34e-133	421
ACJ66779.1	tr|A0A072VK77|A0A072VK77_MEDTR	47.234	470	225	7	141575	142040	45	495	7.72e-133	431
ACJ66779.1	tr|A0A396JVM0|A0A396JVM0_MEDTR	46.667	480	244	4	141568	142039	22	497	1.22e-131	427
ACJ66779.1	tr|A0A1B2ZC25|A0A1B2ZC25_VITVI	43.461	497	266	6	141548	142036	2	491	3.27e-131	426
ACJ66779.1	tr|A0A0B2QL49|A0A0B2QL49_GLYSO	46.262	428	222	4	141609	142032	1	424	4.98e-131	423
ACJ66779.1	sp|Q6RS96|FAD22_DIMSI	52.674	374	168	5	15	382	5	375	6.49e-130	417
ACJ66779.1	tr|A5C7X2|A5C7X2_VITVI	42.857	497	269	7	141548	142036	2	491	1.49e-129	421
ACJ66779.1	tr|A0A396JM90|A0A396JM90_MEDTR	44.681	470	237	7	141575	142040	64	514	2.75e-129	421
ACJ66779.1	sp|Q9FPP8|FAC2A_CALOF	50.000	368	177	4	18	381	9	373	8.65e-129	414
ACJ66779.1	sp|Q9FPP7|FAC2B_CALOF	50.136	367	178	2	18	382	9	372	1.82e-127	410
ACJ66779.1	sp|O23976|C76B1_HELTU	46.368	468	243	4	141575	142040	29	490	1.86e-125	409
ACJ66779.1	tr|D2SMN2|D2SMN2_ARGME	43.021	523	270	14	81661	82164	74	587	6.01e-125	412
ACJ66779.1	tr|A0A6M5CTG4|A0A6M5CTG4_9ASPA	46.916	454	230	6	141585	142033	43	490	4.67e-124	405
ACJ66779.1	tr|A0A2G9HLA0|A0A2G9HLA0_9LAMI	43.284	469	258	4	141575	142039	31	495	2.32e-123	404
ACJ66779.1	tr|A0A2G9HLA0|A0A2G9HLA0_9LAMI	43.284	469	258	4	141575	142039	31	495	2.32e-123	404
ACJ66779.1	tr|A0A0D2KDB8|A0A0D2KDB8_9CHLO	58.503	294	120	1	79152	79443	10	303	4.69e-123	394
ACJ66779.1	tr|B9SRM5|B9SRM5_RICCO	44.000	475	252	7	141572	142036	34	504	7.79e-123	402
ACJ66779.1	tr|B9SRM5|B9SRM5_RICCO	44.000	475	252	7	141572	142036	34	504	7.79e-123	402
ACJ66779.1	sp|A0A0Y0GRS3|C76H3_SALMI	44.136	469	253	4	141575	142038	29	493	1.10e-122	401
ACJ66779.1	tr|A0A396JUW2|A0A396JUW2_MEDTR	43.939	462	244	7	141575	142029	35	488	3.27e-122	400
ACJ66779.1	tr|A0A396JZC6|A0A396JZC6_MEDTR	44.248	452	240	6	141575	142022	34	477	5.55e-122	399
ACJ66779.1	tr|A0A396JSP8|A0A396JSP8_MEDTR	43.939	462	244	7	141575	142029	35	488	5.77e-122	399
ACJ66779.1	tr|A0A072VPS7|A0A072VPS7_MEDTR	43.432	472	245	7	141572	142039	32	485	8.27e-122	399
ACJ66779.1	sp|A0A125QZE2|C76K1_SALMI	42.398	467	257	6	141581	142039	41	503	4.95e-121	397
ACJ66779.1	tr|A0A6M3T0H4|A0A6M3T0H4_9LAMI	55.786	337	143	3	141694	142028	1	333	2.71e-120	388
ACJ66779.1	tr|B9RHX8|B9RHX8_RICCO	42.521	468	254	8	141575	142038	38	494	8.03e-117	384
ACJ66779.1	tr|B9RHX8|B9RHX8_RICCO	42.521	468	254	8	141575	142038	38	494	8.03e-117	384
ACJ66779.1	tr|A0A0D2JLT8|A0A0D2JLT8_9CHLO	56.701	291	121	2	90	380	5	290	2.35e-115	372
ACJ66779.1	sp|Q6YTF5|C76M5_ORYSJ	40.998	461	259	7	141584	142040	50	501	3.03e-115	380
ACJ66779.1	tr|A0A0B4VFR8|A0A0B4VFR8_PODPE	40.870	460	258	5	141585	142035	49	503	2.07e-114	378
ACJ66779.1	tr|A0A0B4VFR8|A0A0B4VFR8_PODPE	40.870	460	258	5	141585	142035	49	503	2.07e-114	378
ACJ66779.1	tr|B0FYE4|B0FYE4_GOSHI	69.697	231	70	0	18	248	4	234	2.49e-114	366
ACJ66779.1	tr|B9R9F5|B9R9F5_RICCO	41.357	457	255	9	141583	142036	45	491	5.43e-111	368
ACJ66779.1	tr|B9R9F5|B9R9F5_RICCO	41.357	457	255	9	141583	142036	45	491	5.43e-111	368
ACJ66779.1	tr|B9SRM8|B9SRM8_RICCO	38.382	482	280	5	141570	142038	29	506	1.30e-110	367
ACJ66779.1	tr|B9SRM8|B9SRM8_RICCO	38.382	482	280	5	141570	142038	29	506	1.30e-110	367
ACJ66779.1	tr|B9SRM4|B9SRM4_RICCO	40.404	495	277	7	141568	142048	30	520	1.16e-109	365
ACJ66779.1	tr|B9SRM4|B9SRM4_RICCO	40.404	495	277	7	141568	142048	30	520	1.16e-109	365
ACJ66779.1	tr|D5M8Q3|D5M8Q3_9MAGN	41.929	477	253	10	141575	142036	33	500	1.42e-109	364
ACJ66779.1	tr|D5M8Q3|D5M8Q3_9MAGN	41.929	477	253	10	141575	142036	33	500	1.42e-109	364
ACJ66779.1	tr|A0A396JTM0|A0A396JTM0_MEDTR	50.898	334	157	4	141709	142039	9	338	1.50e-109	357
ACJ66779.1	sp|P37122|C76A2_SOLME	37.632	473	282	5	141575	142038	36	504	5.55e-108	359
ACJ66779.1	tr|A0A4D6DKH9|A0A4D6DKH9_9LAMI	53.746	307	133	5	81039	81339	2	305	1.05e-107	350
ACJ66779.1	tr|R9WS52|R9WS52_9ROSI	40.719	501	274	9	141554	142036	3	498	2.28e-107	358
ACJ66779.1	tr|R9WS52|R9WS52_9ROSI	40.719	501	274	9	141554	142036	3	498	2.28e-107	358
ACJ66779.1	tr|G7IWE8|G7IWE8_MEDTR	40.645	465	263	5	141583	142036	41	503	3.09e-107	358
ACJ66779.1	tr|F2VR48|F2VR48_PRUAV	40.881	477	255	8	141576	142036	31	496	3.13e-107	357
ACJ66779.1	tr|F2VR48|F2VR48_PRUAV	40.881	477	255	8	141576	142036	31	496	3.13e-107	357
ACJ66779.1	sp|A0A4D6Q414|CYP2_CROXC	40.083	484	260	10	141575	142036	38	513	1.76e-106	356
ACJ66779.1	tr|B9SRN0|B9SRN0_RICCO	38.947	475	279	5	141574	142038	47	520	2.72e-106	355
ACJ66779.1	tr|B9SRN0|B9SRN0_RICCO	38.947	475	279	5	141574	142038	47	520	2.72e-106	355
ACJ66779.1	tr|B9SRN5|B9SRN5_RICCO	38.462	481	279	5	141571	142038	34	510	2.99e-106	355
ACJ66779.1	tr|B9SRN5|B9SRN5_RICCO	38.462	481	279	5	141571	142038	34	510	2.99e-106	355
ACJ66779.1	sp|Q9SP06|C80B3_PAPSO	39.957	463	262	8	141582	142040	31	481	1.30e-105	352
ACJ66779.1	tr|A0A072UVP1|A0A072UVP1_MEDTR	40.638	470	256	7	141583	142036	41	503	1.31e-105	353
ACJ66779.1	tr|G7IWE5|G7IWE5_MEDTR	40.638	470	256	7	141583	142036	41	503	1.74e-105	353
ACJ66779.1	tr|A0A172ZPV2|A0A172ZPV2_9CHLO	60.684	234	89	1	533	763	1	234	7.89e-105	339
ACJ66779.1	tr|B9SRM6|B9SRM6_RICCO	37.367	471	283	5	141575	142038	35	500	2.54e-104	348
ACJ66779.1	tr|B9SRM6|B9SRM6_RICCO	37.367	471	283	5	141575	142038	35	500	2.54e-104	348
ACJ66779.1	tr|I1WYE8|I1WYE8_PAELC	41.807	476	256	9	141575	142036	30	498	4.00e-104	348
ACJ66779.1	tr|I1WYE8|I1WYE8_PAELC	41.807	476	256	9	141575	142036	30	498	4.00e-104	348
ACJ66779.1	sp|Q69X58|C76M7_ORYSJ	40.043	462	265	8	141584	142039	44	499	7.13e-104	347
ACJ66779.1	sp|Q7G602|C75B3_ORYSJ	38.969	485	262	12	141575	142036	42	515	1.91e-103	347
ACJ66779.1	sp|Q6YTF1|C76M8_ORYSJ	39.394	462	268	8	141584	142039	44	499	4.50e-103	345
ACJ66779.1	sp|O64899|C80B1_ESCCA	40.257	467	262	8	141575	142036	29	483	1.63e-102	343
ACJ66779.1	sp|Q6Z5I7|C76M6_ORYSJ	37.716	464	272	7	141584	142036	49	506	2.80e-102	343
ACJ66779.1	tr|A0A151TRR2|A0A151TRR2_CAJCA	41.075	465	259	6	141583	142036	30	490	5.86e-102	342
ACJ66779.1	tr|A0A151TRR2|A0A151TRR2_CAJCA	41.075	465	259	6	141583	142036	30	490	5.86e-102	342
ACJ66779.1	tr|B9SRN4|B9SRN4_RICCO	38.254	481	280	5	141571	142038	34	510	1.11e-101	342
ACJ66779.1	tr|B9SRN4|B9SRN4_RICCO	38.254	481	280	5	141571	142038	34	510	1.11e-101	342
ACJ66779.1	tr|I0IV87|I0IV87_GLYSO	38.280	465	274	6	141575	142032	36	494	1.13e-101	341
ACJ66779.1	tr|I0IV87|I0IV87_GLYSO	38.280	465	274	6	141575	142032	36	494	1.13e-101	341
ACJ66779.1	sp|O64900|C80B2_ESCCA	39.700	466	266	7	141575	142036	30	484	1.37e-101	340
ACJ66779.1	sp|P48418|C75A1_PETHY	39.400	467	271	6	141575	142035	34	494	7.22e-101	339
ACJ66779.1	sp|W8JIS5|IO_CATRO	37.263	475	285	5	141575	142038	39	511	1.97e-100	338
ACJ66779.1	tr|A0A2I0B5P5|A0A2I0B5P5_9ASPA	39.014	487	269	11	141570	142036	30	508	2.29e-100	338
ACJ66779.1	tr|A0A2I0B5P5|A0A2I0B5P5_9ASPA	39.014	487	269	11	141570	142036	30	508	2.29e-100	338
ACJ66779.1	tr|T1NXM6|T1NXM6_FRAVR	41.064	470	250	9	141583	142036	40	498	4.64e-100	337
ACJ66779.1	tr|T1NXM6|T1NXM6_FRAVR	41.064	470	250	9	141583	142036	40	498	4.64e-100	337
ACJ66779.1	tr|A0A218WL77|A0A218WL77_PUNGR	38.085	470	279	5	141569	142032	30	493	5.12e-100	337
ACJ66779.1	tr|A0A218WL77|A0A218WL77_PUNGR	38.085	470	279	5	141569	142032	30	493	5.12e-100	337
ACJ66779.1	tr|A0A0N6VV42|A0A0N6VV42_LYCRU	40.127	471	259	9	141583	142037	42	505	5.14e-100	337
ACJ66779.1	tr|A0A0N6VV42|A0A0N6VV42_LYCRU	40.127	471	259	9	141583	142037	42	505	5.14e-100	337
ACJ66779.1	tr|T1NXM5|T1NXM5_FRAVE	41.064	470	250	9	141583	142036	40	498	8.10e-100	336
ACJ66779.1	tr|T1NXM5|T1NXM5_FRAVE	41.064	470	250	9	141583	142036	40	498	8.10e-100	336
ACJ66779.1	tr|A0A0B2QDG0|A0A0B2QDG0_GLYSO	40.426	470	255	9	141583	142036	40	500	9.01e-100	336
ACJ66779.1	tr|A0A0B2QDG0|A0A0B2QDG0_GLYSO	40.426	470	255	9	141583	142036	40	500	9.01e-100	336
ACJ66779.1	tr|A0A0N6XG41|A0A0N6XG41_LYCBA	39.583	480	266	10	141583	142045	42	514	9.39e-100	336
ACJ66779.1	tr|A0A0N6XG41|A0A0N6XG41_LYCBA	39.583	480	266	10	141583	142045	42	514	9.39e-100	336
ACJ66779.1	tr|A0A1P7XNA0|A0A1P7XNA0_LYCRD	38.229	463	267	6	141583	142036	44	496	9.44e-100	336
ACJ66779.1	sp|P48419|C75A3_PETHY	38.494	478	281	7	141575	142045	34	505	9.83e-100	336
ACJ66779.1	sp|Q9SD85|F3PH_ARATH	38.205	479	266	11	141575	142036	34	499	1.06e-99	336
ACJ66779.1	tr|A0A072V1L1|A0A072V1L1_MEDTR	38.511	470	264	8	141583	142036	40	500	1.07e-99	336
ACJ66779.1	sp|Q9FXW4|C80B2_COPJA	41.453	468	260	7	141570	142035	25	480	1.10e-99	335
ACJ66779.1	tr|A0A0A0RI01|A0A0A0RI01_PAELC	37.209	473	288	4	141573	142038	30	500	1.10e-99	335
ACJ66779.1	tr|A0A0A0RI01|A0A0A0RI01_PAELC	37.209	473	288	4	141573	142038	30	500	1.10e-99	335
ACJ66779.1	tr|A0A2G9GCT6|A0A2G9GCT6_9LAMI	39.419	482	257	9	141575	142036	34	500	1.11e-99	336
ACJ66779.1	tr|A0A2G9GCT6|A0A2G9GCT6_9LAMI	39.419	482	257	9	141575	142036	34	500	1.11e-99	336
ACJ66779.1	tr|A0A2G9IBB5|A0A2G9IBB5_9LAMI	37.764	474	281	7	141575	142041	38	504	1.19e-99	335
ACJ66779.1	tr|A0A2G9IBB5|A0A2G9IBB5_9LAMI	37.764	474	281	7	141575	142041	38	504	1.19e-99	335
ACJ66779.1	sp|H2DH18|C7A12_PANGI	36.743	479	284	5	141568	142036	27	496	1.34e-99	335
ACJ66779.1	tr|A0A2G9IBC6|A0A2G9IBC6_9LAMI	37.500	472	281	7	141575	142039	38	502	1.66e-99	335
ACJ66779.1	tr|A0A2G9IBC6|A0A2G9IBC6_9LAMI	37.500	472	281	7	141575	142039	38	502	1.66e-99	335
ACJ66779.1	tr|A0A5B7BIH9|A0A5B7BIH9_DAVIN	38.950	457	266	6	141584	142036	59	506	1.84e-99	335
ACJ66779.1	tr|T1NXM4|T1NXM4_FRAAN	41.064	470	250	9	141583	142036	40	498	1.90e-99	335
ACJ66779.1	tr|T1NXM4|T1NXM4_FRAAN	41.064	470	250	9	141583	142036	40	498	1.90e-99	335
ACJ66779.1	tr|T1NXM3|T1NXM3_FRAAN	41.064	470	250	9	141583	142036	40	498	2.21e-99	335
ACJ66779.1	tr|T1NXM3|T1NXM3_FRAAN	41.064	470	250	9	141583	142036	40	498	2.21e-99	335
ACJ66779.1	tr|B9RC29|B9RC29_RICCO	39.103	468	267	9	141575	142036	35	490	2.79e-99	334
ACJ66779.1	tr|B9RC29|B9RC29_RICCO	39.103	468	267	9	141575	142036	35	490	2.79e-99	334
ACJ66779.1	tr|A0A1U9X5Z7|A0A1U9X5Z7_THAGA	37.996	479	283	5	141570	142038	30	504	6.90e-99	333
ACJ66779.1	tr|A0A1U9X5Z7|A0A1U9X5Z7_THAGA	37.996	479	283	5	141570	142038	30	504	6.90e-99	333
ACJ66779.1	tr|A0A2P6R0K1|A0A2P6R0K1_ROSCH	50.974	308	141	3	141737	142036	71	376	1.09e-98	328
ACJ66779.1	tr|A0A1U9X5Y8|A0A1U9X5Y8_THAGA	37.866	478	279	7	141570	142036	30	500	1.58e-98	332
ACJ66779.1	tr|A0A1U9X5Y8|A0A1U9X5Y8_THAGA	37.866	478	279	7	141570	142036	30	500	1.58e-98	332
ACJ66779.1	tr|A0A151SPD8|A0A151SPD8_CAJCA	40.476	462	249	10	141590	142036	1	451	2.00e-98	330
ACJ66779.1	tr|A0A151SPD8|A0A151SPD8_CAJCA	40.476	462	249	10	141590	142036	1	451	2.00e-98	330
ACJ66779.1	tr|T1NXM1|T1NXM1_FRAVE	40.851	470	251	9	141583	142036	40	498	2.09e-98	332
ACJ66779.1	tr|T1NXM1|T1NXM1_FRAVE	40.851	470	251	9	141583	142036	40	498	2.09e-98	332
ACJ66779.1	tr|T1NXM2|T1NXM2_9ROSA	40.598	468	255	10	141583	142036	40	498	2.58e-98	332
ACJ66779.1	tr|T1NXM2|T1NXM2_9ROSA	40.598	468	255	10	141583	142036	40	498	2.58e-98	332
ACJ66779.1	tr|D5M8Q4|D5M8Q4_9MAGN	38.085	470	272	7	141575	142035	37	496	2.63e-98	332
ACJ66779.1	tr|D5M8Q4|D5M8Q4_9MAGN	38.085	470	272	7	141575	142035	37	496	2.63e-98	332
ACJ66779.1	tr|A0A2G9G277|A0A2G9G277_9LAMI	39.416	548	211	12	81622	82162	52	485	2.99e-98	331
ACJ66779.1	tr|A0A0B4VG24|A0A0B4VG24_SINHE	37.234	470	279	7	141570	142036	23	479	3.32e-98	330
ACJ66779.1	tr|A0A2P6P319|A0A2P6P319_ROSCH	40.381	473	250	9	141583	142036	40	499	4.58e-98	331
ACJ66779.1	tr|A0A072UUU7|A0A072UUU7_MEDTR	37.500	464	276	6	141575	142032	37	492	8.70e-98	330
ACJ66779.1	sp|Q42798|C93A1_SOYBN	38.542	480	269	10	141575	142037	30	500	1.06e-97	330
ACJ66779.1	tr|A0A0B2SGD9|A0A0B2SGD9_GLYSO	38.655	476	264	8	141575	142036	20	481	1.12e-97	329
ACJ66779.1	tr|D2XSZ0|D2XSZ0_CHRMO	38.430	484	267	9	141570	142036	27	496	1.36e-97	330
ACJ66779.1	tr|D2XSZ0|D2XSZ0_CHRMO	38.430	484	267	9	141570	142036	27	496	1.36e-97	330
ACJ66779.1	tr|A0A2Z4N993|A0A2Z4N993_SALMI	38.542	480	275	8	141570	142036	28	500	1.57e-97	329
ACJ66779.1	tr|A0A2Z4HPX2|A0A2Z4HPX2_PYRPY	39.627	482	267	10	141583	142049	39	511	1.62e-97	329
ACJ66779.1	tr|A0A2Z4HPV9|A0A2Z4HPV9_PYRPY	39.957	468	258	9	141583	142036	39	497	1.68e-97	329
ACJ66779.1	tr|A0A0N6VV47|A0A0N6VV47_LYCRU	39.186	467	269	7	141575	142033	34	493	2.39e-97	329
ACJ66779.1	tr|A0A0N6VV47|A0A0N6VV47_LYCRU	39.186	467	269	7	141575	142033	34	493	2.39e-97	329
ACJ66779.1	tr|A0A060L8Y9|A0A060L8Y9_ANTAD	37.782	487	272	10	141575	142045	36	507	2.69e-97	329
ACJ66779.1	tr|A0A060L8Y9|A0A060L8Y9_ANTAD	37.782	487	272	10	141575	142045	36	507	2.69e-97	329
ACJ66779.1	tr|A0A2S1Q4X0|A0A2S1Q4X0_CHRMO	38.509	483	268	9	141570	142036	27	496	2.84e-97	328
ACJ66779.1	tr|A0A2S1Q4X0|A0A2S1Q4X0_CHRMO	38.509	483	268	9	141570	142036	27	496	2.84e-97	328
ACJ66779.1	tr|A0A2I0A2H7|A0A2I0A2H7_9ASPA	37.344	482	275	9	141575	142036	36	510	2.86e-97	329
ACJ66779.1	tr|A0A2I0A2H7|A0A2I0A2H7_9ASPA	37.344	482	275	9	141575	142036	36	510	2.86e-97	329
ACJ66779.1	tr|A0A2G9IBB7|A0A2G9IBB7_9LAMI	37.100	469	279	7	141575	142035	38	498	3.48e-97	328
ACJ66779.1	tr|A0A2G9IBB7|A0A2G9IBB7_9LAMI	37.100	469	279	7	141575	142035	38	498	3.48e-97	328
ACJ66779.1	tr|A0A2P6P3J6|A0A2P6P3J6_ROSCH	37.161	479	274	7	141575	142037	76	543	4.22e-97	330
ACJ66779.1	tr|D2XSZ1|D2XSZ1_CHRMO	38.716	483	267	9	141570	142036	27	496	5.45e-97	328
ACJ66779.1	tr|D2XSZ1|D2XSZ1_CHRMO	38.716	483	267	9	141570	142036	27	496	5.45e-97	328
ACJ66779.1	tr|D2XSZ2|D2XSZ2_CHRMO	38.716	483	267	9	141570	142036	27	496	6.29e-97	328
ACJ66779.1	tr|D2XSZ2|D2XSZ2_CHRMO	38.716	483	267	9	141570	142036	27	496	6.29e-97	328
ACJ66779.1	tr|D2XSY8|D2XSY8_CHRMO	39.085	481	268	10	141570	142036	27	496	8.88e-97	327
ACJ66779.1	tr|D2XSY8|D2XSY8_CHRMO	39.085	481	268	10	141570	142036	27	496	8.88e-97	327
ACJ66779.1	tr|A0A2P6PC56|A0A2P6PC56_ROSCH	48.071	337	161	5	141585	141914	19	348	9.74e-97	321
ACJ66779.1	tr|A0A2G9GCD1|A0A2G9GCD1_9LAMI	38.854	471	268	12	141574	142032	33	495	1.61e-96	327
ACJ66779.1	tr|A0A2G9GCD1|A0A2G9GCD1_9LAMI	38.854	471	268	12	141574	142032	33	495	1.61e-96	327
ACJ66779.1	tr|A0A0N6XEU6|A0A0N6XEU6_LYCBA	38.593	469	273	7	141575	142035	34	495	1.84e-96	326
ACJ66779.1	tr|A0A0N6XEU6|A0A0N6XEU6_LYCBA	38.593	469	273	7	141575	142035	34	495	1.84e-96	326
ACJ66779.1	tr|A0A678SN46|A0A678SN46_EUPPU	36.774	465	281	5	141575	142032	43	501	2.08e-96	326
ACJ66779.1	sp|A0A4D6Q415|CYP1_CROXC	38.689	473	272	6	141575	142036	34	499	2.12e-96	326
ACJ66779.1	tr|A0A0A1E4E0|A0A0A1E4E0_9SOLA	37.288	472	284	6	141570	142035	31	496	2.17e-96	326
ACJ66779.1	tr|A0A0A1E4E0|A0A0A1E4E0_9SOLA	37.288	472	284	6	141570	142035	31	496	2.17e-96	326
ACJ66779.1	tr|D2XSY7|D2XSY7_CHRMO	38.509	483	268	9	141570	142036	27	496	2.48e-96	326
ACJ66779.1	tr|D2XSY7|D2XSY7_CHRMO	38.509	483	268	9	141570	142036	27	496	2.48e-96	326
ACJ66779.1	tr|A0A0A1DZ21|A0A0A1DZ21_9SOLA	37.288	472	284	6	141570	142035	31	496	2.50e-96	326
ACJ66779.1	tr|A0A0A1DZ21|A0A0A1DZ21_9SOLA	37.288	472	284	6	141570	142035	31	496	2.50e-96	326
ACJ66779.1	tr|G8A360|G8A360_MEDTR	38.511	470	273	8	141575	142035	41	503	3.20e-96	326
ACJ66779.1	sp|P37120|C75A2_SOLME	36.617	467	284	5	141575	142035	37	497	4.02e-96	325
ACJ66779.1	tr|Q5C9L5|Q5C9L5_THLFG	41.239	468	260	7	141570	142035	26	480	4.81e-96	324
ACJ66779.1	tr|Q5C9L5|Q5C9L5_THLFG	41.239	468	260	7	141570	142035	26	480	4.81e-96	324
ACJ66779.1	tr|B9RBQ8|B9RBQ8_RICCO	36.797	462	277	7	141583	142037	55	508	5.45e-96	325
ACJ66779.1	tr|B9RBQ8|B9RBQ8_RICCO	36.797	462	277	7	141583	142037	55	508	5.45e-96	325
ACJ66779.1	tr|A0A0A1E1Y9|A0A0A1E1Y9_9SOLA	37.288	472	284	6	141570	142035	31	496	1.31e-95	324
ACJ66779.1	tr|A0A0A1E1Y9|A0A0A1E1Y9_9SOLA	37.288	472	284	6	141570	142035	31	496	1.31e-95	324
ACJ66779.1	tr|A0A2P6RYS2|A0A2P6RYS2_ROSCH	37.342	474	277	7	141570	142032	94	558	2.24e-95	325
ACJ66779.1	tr|D0EUZ8|D0EUZ8_9ERIC	36.617	467	283	5	141575	142035	37	496	2.40e-95	323
ACJ66779.1	tr|D0EUZ8|D0EUZ8_9ERIC	36.617	467	283	5	141575	142035	37	496	2.40e-95	323
ACJ66779.1	tr|A0A678RV51|A0A678RV51_EUPPU	36.344	465	283	5	141575	142032	43	501	2.54e-95	323
ACJ66779.1	tr|A0A2G9H8E5|A0A2G9H8E5_9LAMI	35.983	478	288	7	141568	142037	24	491	4.27e-95	322
ACJ66779.1	tr|A0A2G9H8E5|A0A2G9H8E5_9LAMI	35.983	478	288	7	141568	142037	24	491	4.27e-95	322
ACJ66779.1	tr|A0A1S5T865|A0A1S5T865_CAMSI	37.473	467	274	8	141575	142032	38	495	5.37e-95	322
ACJ66779.1	sp|A0A068Q721|C7113_PRUMU	37.879	462	268	6	141583	142035	57	508	5.45e-95	322
ACJ66779.1	tr|A0A0A1E1Y4|A0A0A1E1Y4_9SOLA	39.167	480	268	10	141583	142045	42	514	7.21e-95	322
ACJ66779.1	tr|A0A0A1E1Y4|A0A0A1E1Y4_9SOLA	39.167	480	268	10	141583	142045	42	514	7.21e-95	322
ACJ66779.1	tr|B9SRN1|B9SRN1_RICCO	37.723	448	268	5	141571	142008	37	483	7.90e-95	321
ACJ66779.1	tr|B9SRN1|B9SRN1_RICCO	37.723	448	268	5	141571	142008	37	483	7.90e-95	321
ACJ66779.1	tr|A0A2P6PT75|A0A2P6PT75_ROSCH	35.529	501	297	8	141554	142037	12	503	8.98e-95	321
ACJ66779.1	tr|A0A0A1E1K2|A0A0A1E1K2_9SOLA	39.167	480	268	10	141583	142045	42	514	9.07e-95	322
ACJ66779.1	tr|A0A0A1E1K2|A0A0A1E1K2_9SOLA	39.167	480	268	10	141583	142045	42	514	9.07e-95	322
ACJ66779.1	tr|D2XSY9|D2XSY9_CHRMO	38.302	483	269	9	141570	142036	27	496	9.52e-95	321
ACJ66779.1	tr|D2XSY9|D2XSY9_CHRMO	38.302	483	269	9	141570	142036	27	496	9.52e-95	321
ACJ66779.1	tr|A0A2H9ZS65|A0A2H9ZS65_9ASPA	37.370	479	276	9	141570	142035	36	503	9.76e-95	322
ACJ66779.1	tr|A0A2H9ZS65|A0A2H9ZS65_9ASPA	37.370	479	276	9	141570	142035	36	503	9.76e-95	322
ACJ66779.1	sp|O04773|C75A6_CAMME	37.317	477	279	6	141575	142035	39	511	2.04e-94	321
ACJ66779.1	tr|A0A2P6RYR2|A0A2P6RYR2_ROSCH	36.093	471	287	5	141570	142032	29	493	2.32e-94	320
ACJ66779.1	tr|B9R857|B9R857_RICCO	35.729	487	300	7	141554	142032	8	489	2.47e-94	320
ACJ66779.1	tr|B9R857|B9R857_RICCO	35.729	487	300	7	141554	142032	8	489	2.47e-94	320
ACJ66779.1	sp|Q96418|C75A5_EUSER	37.740	469	280	5	141570	142032	33	495	2.56e-94	320
ACJ66779.1	tr|A0A0A1DZD6|A0A0A1DZD6_9SOLA	39.248	479	268	10	141583	142045	42	513	3.56e-94	320
ACJ66779.1	tr|A0A0A1DZD6|A0A0A1DZD6_9SOLA	39.248	479	268	10	141583	142045	42	513	3.56e-94	320
ACJ66779.1	sp|A8CDR5|C80G2_COPJA	37.045	467	276	8	141575	142036	29	482	3.57e-94	319
ACJ66779.1	tr|F4YYF2|F4YYF2_CYNCS	37.917	480	281	6	141570	142037	27	501	5.02e-94	319
ACJ66779.1	tr|F4YYF2|F4YYF2_CYNCS	37.917	480	281	6	141570	142037	27	501	5.02e-94	319
ACJ66779.1	tr|A0A2Z4N9A4|A0A2Z4N9A4_SALMI	36.730	471	274	9	141575	142032	41	500	5.60e-94	319
ACJ66779.1	tr|A0A455I265|A0A455I265_EUPPU	39.446	469	259	10	141583	142036	39	497	5.95e-94	319
ACJ66779.1	tr|A0A455IC04|A0A455IC04_EUPPU	39.232	469	260	10	141583	142036	40	498	7.14e-94	319
ACJ66779.1	tr|A0A455JC55|A0A455JC55_EUPPU	39.446	469	259	10	141583	142036	39	497	7.41e-94	319
ACJ66779.1	tr|A0A2G9GCC6|A0A2G9GCC6_9LAMI	36.402	478	292	6	141563	142032	22	495	8.08e-94	318
ACJ66779.1	tr|A0A2G9GCC6|A0A2G9GCC6_9LAMI	36.402	478	292	6	141563	142032	22	495	8.08e-94	318
ACJ66779.1	sp|O04790|C75A7_EUSER	37.740	469	280	5	141570	142032	33	495	8.48e-94	318
ACJ66779.1	tr|A0A678SS99|A0A678SS99_EUPPU	36.344	465	283	5	141575	142032	43	501	9.38e-94	319
ACJ66779.1	tr|B9RQJ9|B9RQJ9_RICCO	36.250	480	287	6	141570	142032	31	508	1.08e-93	319
ACJ66779.1	tr|B9RQJ9|B9RQJ9_RICCO	36.250	480	287	6	141570	142032	31	508	1.08e-93	319
ACJ66779.1	tr|R9WPB6|R9WPB6_9ROSI	37.826	460	273	6	141575	142028	37	489	1.39e-93	318
ACJ66779.1	tr|R9WPB6|R9WPB6_9ROSI	37.826	460	273	6	141575	142028	37	489	1.39e-93	318
ACJ66779.1	tr|A0A0B2QXH2|A0A0B2QXH2_GLYSO	37.759	482	275	8	141569	142037	24	493	1.61e-93	317
ACJ66779.1	tr|A0A0B2QXH2|A0A0B2QXH2_GLYSO	37.759	482	275	8	141569	142037	24	493	1.61e-93	317
ACJ66779.1	sp|Q42799|C93A2_SOYBN	37.759	482	275	8	141569	142037	24	493	1.61e-93	317
ACJ66779.1	tr|A0A2P6RKS8|A0A2P6RKS8_ROSCH	35.833	480	294	8	141575	142044	37	512	2.01e-93	318
ACJ66779.1	tr|A0A7M1PW11|A0A7M1PW11_CISCR	36.933	463	274	6	141582	142035	46	499	2.19e-93	317
ACJ66779.1	tr|A0A2P6RKR2|A0A2P6RKR2_ROSCH	35.073	479	301	6	141575	142044	37	514	2.37e-93	317
ACJ66779.1	tr|A0A2G9HYB0|A0A2G9HYB0_9LAMI	36.134	476	265	11	141585	142040	49	505	2.38e-93	317
ACJ66779.1	tr|A0A2G9HYB0|A0A2G9HYB0_9LAMI	36.134	476	265	11	141585	142040	49	505	2.38e-93	317
ACJ66779.1	sp|X2JE85|C7BL2_TANPA	36.307	482	288	10	141562	142036	19	488	3.38e-93	316
ACJ66779.1	tr|A0A151SPJ6|A0A151SPJ6_CAJCA	39.400	467	257	10	141583	142032	39	496	3.43e-93	317
ACJ66779.1	tr|A0A151SPJ6|A0A151SPJ6_CAJCA	39.400	467	257	10	141583	142032	39	496	3.43e-93	317
ACJ66779.1	tr|A0A2I0A361|A0A2I0A361_9ASPA	36.175	481	281	8	141570	142032	33	505	4.75e-93	317
ACJ66779.1	tr|G7J474|G7J474_MEDTR	36.076	474	287	7	141569	142035	35	499	5.03e-93	316
ACJ66779.1	tr|A0A3Q8QEL6|A0A3Q8QEL6_CICEN	37.367	471	271	9	141575	142036	31	486	5.08e-93	316
ACJ66779.1	tr|A0A3Q8QEF7|A0A3Q8QEF7_CICIN	37.155	471	272	9	141575	142036	31	486	5.76e-93	315
ACJ66779.1	tr|A0A2G9I2Z1|A0A2G9I2Z1_9LAMI	36.134	476	265	11	141585	142040	49	505	5.86e-93	316
ACJ66779.1	tr|A0A2G9I2Z1|A0A2G9I2Z1_9LAMI	36.134	476	265	11	141585	142040	49	505	5.86e-93	316
ACJ66779.1	sp|Q96581|C75A4_GENTR	38.430	484	276	11	141566	142036	33	507	6.55e-93	316
ACJ66779.1	sp|Q9SBQ9|F3PH_PETHY	39.407	472	256	10	141583	142036	42	501	8.70e-93	316
ACJ66779.1	tr|J7FTV2|J7FTV2_COFAR	36.268	477	277	9	141575	142036	28	492	9.18e-93	315
ACJ66779.1	tr|J7FTV2|J7FTV2_COFAR	36.268	477	277	9	141575	142036	28	492	9.18e-93	315
ACJ66779.1	tr|Q2XP00|Q2XP00_ANTMA	37.393	468	269	8	141583	142036	52	509	1.13e-92	316
ACJ66779.1	tr|Q2XP00|Q2XP00_ANTMA	37.393	468	269	8	141583	142036	52	509	1.13e-92	316
ACJ66779.1	tr|B9T1C6|B9T1C6_RICCO	35.091	493	302	6	141554	142036	15	499	1.14e-92	315
ACJ66779.1	tr|B9T1C6|B9T1C6_RICCO	35.091	493	302	6	141554	142036	15	499	1.14e-92	315
ACJ66779.1	tr|A0A2P6PD97|A0A2P6PD97_ROSCH	37.370	479	272	9	141575	142036	33	500	1.24e-92	315
ACJ66779.1	sp|G3GBK0|C7BL3_CICIN	37.155	471	272	9	141575	142036	31	486	1.42e-92	315
ACJ66779.1	tr|B9SJN4|B9SJN4_RICCO	36.765	476	274	9	141575	142035	31	494	1.73e-92	315
ACJ66779.1	tr|B9SJN4|B9SJN4_RICCO	36.765	476	274	9	141575	142035	31	494	1.73e-92	315
ACJ66779.1	tr|A0A2P6P3K7|A0A2P6P3K7_ROSCH	35.430	477	285	7	141575	142037	33	500	1.74e-92	315
ACJ66779.1	tr|A0A0B2QW52|A0A0B2QW52_GLYSO	36.575	473	277	8	141575	142036	39	499	2.17e-92	314
ACJ66779.1	tr|A0A0B2PHC1|A0A0B2PHC1_GLYSO	36.052	466	272	7	141584	142037	49	500	2.23e-92	314
ACJ66779.1	tr|A0A072UD95|A0A072UD95_MEDTR	35.789	475	284	7	141575	142037	38	503	2.56e-92	314
ACJ66779.1	tr|A0A2G9HN69|A0A2G9HN69_9LAMI	37.500	472	281	7	141575	142039	38	502	3.98e-92	314
ACJ66779.1	tr|A0A2G9HN69|A0A2G9HN69_9LAMI	37.500	472	281	7	141575	142039	38	502	3.98e-92	314
ACJ66779.1	tr|B9RLP6|B9RLP6_RICCO	37.251	451	267	7	141598	142036	1	447	4.13e-92	312
ACJ66779.1	tr|B9RLP6|B9RLP6_RICCO	37.251	451	267	7	141598	142036	1	447	4.13e-92	312
ACJ66779.1	sp|P58051|C71BE_ARATH	35.518	473	284	8	141575	142037	30	491	5.18e-92	313
ACJ66779.1	tr|B9SB66|B9SB66_RICCO	35.908	479	290	7	141570	142037	29	501	6.18e-92	313
ACJ66779.1	tr|B9SB66|B9SB66_RICCO	35.908	479	290	7	141570	142037	29	501	6.18e-92	313
ACJ66779.1	sp|Q8LM92|C75B4_ORYSJ	35.699	479	280	8	141582	142036	49	523	7.74e-92	314
ACJ66779.1	sp|P58050|C71BD_ARATH	35.491	479	276	10	141575	142037	30	491	8.94e-92	312
ACJ66779.1	tr|A0A2N9QL60|A0A2N9QL60_9MAGN	34.025	482	300	8	141575	142045	34	508	1.18e-91	312
ACJ66779.1	tr|A0A2N9QL60|A0A2N9QL60_9MAGN	34.025	482	300	8	141575	142045	34	508	1.18e-91	312
ACJ66779.1	tr|A0A0B2PSW0|A0A0B2PSW0_GLYSO	36.170	470	285	7	141575	142035	29	492	1.22e-91	312
ACJ66779.1	tr|A0A0B2PSW0|A0A0B2PSW0_GLYSO	36.170	470	285	7	141575	142035	29	492	1.22e-91	312
ACJ66779.1	tr|G7J477|G7J477_MEDTR	37.792	471	275	10	141575	142036	52	513	1.24e-91	313
ACJ66779.1	tr|B9SB69|B9SB69_RICCO	35.967	481	287	7	141570	142037	29	501	1.46e-91	312
ACJ66779.1	tr|B9SB69|B9SB69_RICCO	35.967	481	287	7	141570	142037	29	501	1.46e-91	312
ACJ66779.1	tr|G7IUY6|G7IUY6_MEDTR	34.864	479	278	8	141575	142036	39	500	1.88e-91	312
ACJ66779.1	tr|A0A411DX73|A0A411DX73_CHRMO	37.866	478	266	9	141575	142035	32	495	2.13e-91	311
ACJ66779.1	tr|A0A2P6RKQ0|A0A2P6RKQ0_ROSCH	35.408	466	292	5	141575	142032	32	496	2.19e-91	311
ACJ66779.1	sp|F8S1I0|C7BL2_LACSA	36.538	468	279	9	141575	142036	31	486	2.38e-91	311
ACJ66779.1	sp|Q9ZU07|C71BC_ARATH	36.170	470	285	7	141575	142037	30	491	2.85e-91	311
ACJ66779.1	tr|B9RHX0|B9RHX0_RICCO	36.667	480	278	9	141570	142036	26	492	3.23e-91	311
ACJ66779.1	tr|B9RHX0|B9RHX0_RICCO	36.667	480	278	9	141570	142036	26	492	3.23e-91	311
ACJ66779.1	sp|P58049|C71BB_ARATH	35.232	474	284	9	141575	142037	30	491	3.48e-91	310
ACJ66779.1	tr|A0A2Z4N9C7|A0A2Z4N9C7_SALMI	36.555	476	281	11	141576	142040	33	498	4.44e-91	311
ACJ66779.1	tr|A0A151RSE4|A0A151RSE4_CAJCA	36.667	450	272	5	141590	142032	1	444	5.23e-91	308
ACJ66779.1	tr|A0A151RSE4|A0A151RSE4_CAJCA	36.667	450	272	5	141590	142032	1	444	5.23e-91	308
ACJ66779.1	tr|A0A2I0AUK1|A0A2I0AUK1_9ASPA	38.382	482	275	10	141575	142036	32	511	5.47e-91	311
ACJ66779.1	tr|A0A2I0AUK1|A0A2I0AUK1_9ASPA	38.382	482	275	10	141575	142036	32	511	5.47e-91	311
ACJ66779.1	tr|A0A2G9H6R5|A0A2G9H6R5_9LAMI	36.688	477	279	8	141575	142036	34	502	5.87e-91	310
ACJ66779.1	tr|A0A2G9H6R5|A0A2G9H6R5_9LAMI	36.688	477	279	8	141575	142036	34	502	5.87e-91	310
ACJ66779.1	tr|A0A2G9H402|A0A2G9H402_9LAMI	35.654	474	282	6	141575	142036	30	492	5.91e-91	310
ACJ66779.1	tr|A0A2G9H402|A0A2G9H402_9LAMI	35.654	474	282	6	141575	142036	30	492	5.91e-91	310
ACJ66779.1	tr|A0A2Z4N9A5|A0A2Z4N9A5_SALMI	37.844	473	267	9	141583	142036	37	501	6.23e-91	310
ACJ66779.1	tr|G7L7J6|G7L7J6_MEDTR	35.532	470	288	6	141575	142035	39	502	8.46e-91	310
ACJ66779.1	tr|A0A6B9FBP9|A0A6B9FBP9_9ROSI	37.553	474	269	8	141575	142033	37	498	8.64e-91	310
ACJ66779.1	tr|A0A6B9FBP9|A0A6B9FBP9_9ROSI	37.553	474	269	8	141575	142033	37	498	8.64e-91	310
ACJ66779.1	tr|A0A396H909|A0A396H909_MEDTR	35.789	475	280	7	141575	142035	29	492	9.54e-91	310
ACJ66779.1	tr|A0A151TAP4|A0A151TAP4_CAJCA	36.017	472	287	7	141575	142037	29	494	1.41e-90	309
ACJ66779.1	tr|A0A151TAP4|A0A151TAP4_CAJCA	36.017	472	287	7	141575	142037	29	494	1.41e-90	309
ACJ66779.1	tr|A0A151TY44|A0A151TY44_CAJCA	35.000	480	301	7	141562	142037	15	487	2.11e-90	308
ACJ66779.1	sp|O81970|C71A9_SOYBN	37.045	467	267	9	141575	142028	34	486	2.51e-90	308
ACJ66779.1	tr|A0A2P6S6H6|A0A2P6S6H6_ROSCH	37.029	478	273	9	141573	142035	35	499	3.48e-90	308
ACJ66779.1	tr|A0A396JSJ8|A0A396JSJ8_MEDTR	36.842	475	277	9	141576	142036	52	517	4.58e-90	308
ACJ66779.1	sp|P37121|C76A1_SOLME	36.674	469	278	8	141585	142038	2	466	4.72e-90	306
ACJ66779.1	tr|A0A1B2ZBY5|A0A1B2ZBY5_VITVI	36.681	458	273	6	141584	142032	37	486	4.85e-90	307
ACJ66779.1	tr|B9RHW8|B9RHW8_RICCO	35.185	486	280	9	141574	142039	49	519	6.39e-90	308
