AKH87503.1	sp|Q39103|G3OX1_ARATH	85.154	357	52	1	401	756	1	357	0.0	639
AKH87503.1	sp|Q9ZT84|G3OX2_ARATH	87.714	350	40	1	1	350	1	347	0.0	624
AKH87503.1	tr|A0A5B7BWC3|A0A5B7BWC3_DAVIN	60.114	351	137	2	1	349	1	350	3.02e-140	445
AKH87503.1	tr|A0A0B2NUA5|A0A0B2NUA5_GLYSO	58.807	352	141	3	401	752	1	348	2.95e-134	427
AKH87503.1	tr|G7IME6|G7IME6_MEDTR	59.375	352	138	4	401	751	1	348	5.57e-134	427
AKH87503.1	tr|A0A151SU86|A0A151SU86_CAJCA	56.609	348	148	2	4	349	3	349	5.70e-134	427
AKH87503.1	sp|O24648|G3OX_PEA	58.192	354	144	3	401	752	1	352	1.37e-132	424
AKH87503.1	sp|O65378|ACCO3_ARATH	82.591	247	41	2	16912	17158	32	276	4.38e-131	417
AKH87503.1	tr|A0A0B2SME8|A0A0B2SME8_GLYSO	58.592	355	142	3	401	752	1	353	1.65e-130	418
AKH87503.1	tr|A0A151SGS3|A0A151SGS3_CAJCA	58.807	352	137	4	401	752	1	344	3.63e-130	417
AKH87503.1	tr|A0A2P6PGY4|A0A2P6PGY4_ROSCH	55.301	349	155	1	1	349	1	348	1.05e-127	409
AKH87503.1	tr|A0A2P6RWI6|A0A2P6RWI6_ROSCH	56.056	355	148	3	1	351	1	351	2.84e-127	408
AKH87503.1	tr|A0A0M3SIZ9|A0A0M3SIZ9_9BRAS	73.234	269	69	3	16912	17180	32	297	7.07e-127	405
AKH87503.1	sp|Q09052|ACCO1_BRAJU	72.862	269	70	3	16912	17180	32	297	5.81e-126	402
AKH87503.1	sp|Q41931|ACCO2_ARATH	72.119	269	72	3	16912	17180	32	297	1.42e-124	398
AKH87503.1	tr|A0A2G9GWG9|A0A2G9GWG9_9LAMI	54.366	355	151	6	3	349	5	356	4.09e-124	399
AKH87503.1	tr|C7DTK0|C7DTK0_LEPSV	72.491	269	71	3	16912	17180	32	297	5.28e-124	397
AKH87503.1	tr|A0A484KXH2|A0A484KXH2_9ASTE	58.772	342	120	7	421	752	20	350	5.05e-120	387
AKH87503.1	tr|Q76I30|Q76I30_IPONI	55.556	360	143	5	401	752	1	351	6.95e-120	387
AKH87503.1	tr|A0A484LNB5|A0A484LNB5_9ASTE	58.772	342	120	7	421	752	20	350	9.73e-120	387
AKH87503.1	tr|A0A328DEA4|A0A328DEA4_9ASTE	58.772	342	120	7	421	752	44	374	1.63e-119	387
AKH87503.1	tr|A0A7C9AJT7|A0A7C9AJT7_OPUST	57.101	338	139	4	409	741	5	341	2.40e-119	384
AKH87503.1	tr|A0A7C9A8B9|A0A7C9A8B9_OPUST	55.120	332	143	3	23	349	14	344	1.38e-118	384
AKH87503.1	tr|A0A7C9A684|A0A7C9A684_OPUST	54.819	332	144	3	23	349	14	344	7.80e-118	380
AKH87503.1	tr|A0A7C9A5G4|A0A7C9A5G4_OPUST	55.120	332	143	3	23	349	47	377	1.54e-117	383
AKH87503.1	sp|Q9C971|G3OX4_ARATH	54.734	338	142	5	23	349	12	349	2.60e-117	379
AKH87503.1	tr|A0A7C8ZEJ8|A0A7C8ZEJ8_OPUST	73.554	242	62	2	16912	17153	75	314	1.02e-114	372
AKH87503.1	tr|G7J9K5|G7J9K5_MEDTR	62.245	294	106	3	16887	17180	7	295	2.40e-114	369
AKH87503.1	tr|A0A0B2SH31|A0A0B2SH31_GLYSO	58.170	306	119	4	401	704	1	299	9.33e-114	367
AKH87503.1	sp|Q08507|ACCO3_PETHY	70.782	243	69	2	16912	17154	29	269	1.23e-113	367
AKH87503.1	tr|A0A5B6ZYG2|A0A5B6ZYG2_DAVIN	71.605	243	67	2	16912	17154	29	269	1.81e-113	366
AKH87503.1	tr|A0A5B7A166|A0A5B7A166_DAVIN	71.605	243	67	2	16912	17154	29	269	1.86e-113	366
AKH87503.1	sp|Q43792|ACCO_TOBAC	70.782	243	69	2	16912	17154	29	269	2.04e-113	366
AKH87503.1	tr|B9TAQ8|B9TAQ8_RICCO	69.685	254	71	3	16912	17161	29	280	3.43e-113	365
AKH87503.1	sp|P05116|ACCO1_SOLLC	69.959	243	71	2	16912	17154	29	269	4.58e-113	365
AKH87503.1	sp|P24157|ACCO4_SOLLC	65.056	269	92	2	16912	17180	29	295	6.10e-113	365
AKH87503.1	tr|J9PF93|J9PF93_PSIGU	70.370	243	70	2	16912	17154	29	269	1.02e-112	364
AKH87503.1	tr|A1EGW9|A1EGW9_IPONI	65.809	272	88	3	16912	17180	29	298	1.09e-112	363
AKH87503.1	sp|P31237|ACCO_ACTDE	67.568	259	78	4	16897	17154	16	269	1.31e-112	364
AKH87503.1	tr|A8WBX5|A8WBX5_ZIZJJ	66.543	269	85	3	16886	17154	6	269	1.78e-112	363
AKH87503.1	tr|A0A291EUK4|A0A291EUK4_OLEEU	70.782	243	69	2	16912	17154	29	269	3.26e-112	363
AKH87503.1	tr|A0A5B7BUU8|A0A5B7BUU8_DAVIN	70.370	243	70	2	16912	17154	85	325	5.38e-112	364
AKH87503.1	sp|Q08506|ACCO1_PETHY	70.370	243	70	2	16912	17154	29	269	5.72e-112	362
AKH87503.1	tr|C6KMJ4|C6KMJ4_9LAMI	70.782	243	69	2	16912	17154	29	269	1.40e-111	361
AKH87503.1	tr|G7KH99|G7KH99_MEDTR	70.782	243	69	2	16912	17154	30	270	1.90e-111	360
AKH87503.1	tr|A0A291EU00|A0A291EU00_OLEEU	67.843	255	77	3	16899	17153	19	268	1.98e-111	360
AKH87503.1	sp|P07920|ACCO2_SOLLC	70.370	243	70	2	16912	17154	29	269	2.35e-111	360
AKH87503.1	tr|J9PFH1|J9PFH1_PSIGU	69.959	243	71	2	16912	17154	29	269	2.70e-111	360
AKH87503.1	tr|W8QHH0|W8QHH0_9LAMI	71.311	244	67	3	16912	17154	29	270	2.91e-111	360
AKH87503.1	tr|A0A2P6Q2A1|A0A2P6Q2A1_ROSCH	69.959	243	71	2	16912	17154	29	269	3.44e-111	359
AKH87503.1	tr|A0A291EU86|A0A291EU86_OLEEU	70.370	243	70	2	16912	17154	29	269	3.66e-111	360
AKH87503.1	tr|D2XQ32|D2XQ32_IPOBA	64.469	273	90	4	16912	17180	29	298	4.38e-111	359
AKH87503.1	sp|P54847|ACCO3_CUCME	71.548	239	66	2	16912	17150	30	266	5.00e-111	359
AKH87503.1	tr|A0A7C8ZIQ8|A0A7C8ZIQ8_OPUST	71.548	239	66	2	16912	17150	14	250	5.93e-111	358
AKH87503.1	tr|Q9M4P2|Q9M4P2_CUCMA	51.462	342	162	4	412	752	8	346	6.31e-111	361
AKH87503.1	tr|Q2HTI2|Q2HTI2_MEDTR	71.548	239	66	2	16912	17150	29	265	6.70e-111	359
AKH87503.1	sp|Q08508|ACCO4_PETHY	66.279	258	85	2	16896	17153	13	268	7.91e-111	358
AKH87503.1	tr|A0A2G9GHQ5|A0A2G9GHQ5_9LAMI	69.136	243	73	2	16912	17154	29	269	1.17e-110	358
AKH87503.1	tr|D0V4H6|D0V4H6_CUCME	69.959	243	70	3	16912	17153	29	269	1.46e-110	358
AKH87503.1	sp|Q04644|ACCO1_CUCME	69.959	243	70	3	16912	17153	29	269	1.46e-110	358
AKH87503.1	sp|Q00985|ACCO1_MALDO	69.547	243	72	2	16912	17154	29	269	1.73e-110	357
AKH87503.1	sp|P31528|ACCO_DIACA	69.421	242	72	2	16913	17154	36	275	2.57e-110	357
AKH87503.1	tr|G1ETS6|G1ETS6_PAELC	65.428	269	88	2	16912	17180	29	292	3.05e-110	357
AKH87503.1	tr|Q7FY62|Q7FY62_VIGRR	69.874	239	70	2	16912	17150	29	265	3.77e-110	357
AKH87503.1	sp|Q9MB94|ACCO_PRUMU	63.806	268	92	3	16887	17154	7	269	4.08e-110	357
AKH87503.1	tr|K4JXD4|K4JXD4_PAELC	65.428	269	88	2	16912	17180	29	292	4.99e-110	356
AKH87503.1	tr|A8WBX6|A8WBX6_ZIZJJ	69.547	243	72	2	16912	17154	29	269	6.13e-110	356
AKH87503.1	tr|A0A089VE10|A0A089VE10_9ROSA	63.806	268	92	3	16887	17154	7	269	6.18e-110	356
AKH87503.1	tr|A0A2G9I088|A0A2G9I088_9LAMI	69.959	243	71	2	16912	17154	29	269	6.55e-110	356
AKH87503.1	tr|A0A1L5J022|A0A1L5J022_PAELC	65.428	269	88	2	16912	17180	29	292	9.90e-110	355
AKH87503.1	tr|X5FF66|X5FF66_9ROSA	68.571	245	75	2	16912	17156	22	264	2.37e-109	353
AKH87503.1	tr|A0A2G9HZR6|A0A2G9HZR6_9LAMI	69.547	243	72	2	16912	17154	29	269	3.65e-109	354
AKH87503.1	tr|A0A484MIW8|A0A484MIW8_9ASTE	66.270	252	80	3	16899	17150	19	265	3.93e-109	353
AKH87503.1	sp|O48882|ACCO2_MALDO	68.293	246	76	2	16912	17157	29	272	4.58e-109	354
AKH87503.1	sp|Q8S932|ACCO_DIOKA	70.711	239	68	2	16912	17150	29	265	5.14e-109	353
AKH87503.1	tr|A0A328D200|A0A328D200_9ASTE	65.873	252	81	3	16899	17150	19	265	8.59e-109	353
AKH87503.1	tr|A0A0B2SDE7|A0A0B2SDE7_GLYSO	69.915	236	69	2	16912	17147	29	262	8.59e-109	353
AKH87503.1	tr|A0A2G9HZR3|A0A2G9HZR3_9LAMI	69.136	243	73	2	16912	17154	29	269	1.03e-108	352
AKH87503.1	tr|A0A0B2NSZ0|A0A0B2NSZ0_GLYSO	68.724	243	74	2	16912	17154	29	269	1.22e-108	352
AKH87503.1	tr|A0A484MHI6|A0A484MHI6_9ASTE	66.942	242	78	2	16913	17154	33	272	1.36e-108	352
AKH87503.1	tr|A0A484NFT9|A0A484NFT9_9ASTE	62.454	269	99	2	16912	17180	32	298	1.85e-108	352
AKH87503.1	tr|A1EGX0|A1EGX0_IPONI	65.000	260	88	3	16895	17154	13	269	3.33e-108	351
AKH87503.1	tr|A0A328DQ28|A0A328DQ28_9ASTE	62.082	269	100	2	16912	17180	32	298	3.92e-108	351
AKH87503.1	tr|A0A0B2SDF2|A0A0B2SDF2_GLYSO	67.490	243	74	2	16912	17154	29	266	5.71e-108	350
AKH87503.1	tr|A0A2P6S1W9|A0A2P6S1W9_ROSCH	63.333	270	93	4	16886	17154	6	270	3.00e-107	348
AKH87503.1	tr|A0A0B2SID8|A0A0B2SID8_GLYSO	67.078	243	75	2	16912	17154	29	266	5.32e-107	347
AKH87503.1	tr|A0A328D4Z2|A0A328D4Z2_9ASTE	64.844	256	85	3	16899	17154	19	269	5.49e-107	347
AKH87503.1	sp|Q06588|ACCO4_ARATH	68.750	240	72	3	16912	17150	29	266	4.21e-106	345
AKH87503.1	sp|P19464|ACCO_PERAE	68.465	241	71	3	16912	17150	29	266	2.33e-105	343
AKH87503.1	tr|A0A0B2RAR5|A0A0B2RAR5_GLYSO	72.803	239	63	2	16912	17150	29	265	2.23e-104	340
AKH87503.1	tr|A0A2G9GM11|A0A2G9GM11_9LAMI	70.370	243	69	3	16912	17153	29	269	6.19e-104	339
AKH87503.1	tr|B9RP90|B9RP90_RICCO	50.150	333	159	2	423	753	21	348	1.89e-103	339
AKH87503.1	sp|P31238|ACCO1_DORSP	65.625	256	83	5	16897	17150	17	269	2.81e-102	335
AKH87503.1	sp|A2Z1W9|ACCO1_ORYSI	67.355	242	74	4	16912	17150	32	271	2.95e-102	334
AKH87503.1	tr|A0A151SU36|A0A151SU36_CAJCA	70.312	256	72	3	16895	17150	14	265	1.16e-101	332
AKH87503.1	sp|Q0J1C1|ACCO1_ORYSJ	66.529	242	76	4	16912	17150	32	271	1.69e-101	332
AKH87503.1	tr|E2JE36|E2JE36_9ASPA	68.050	241	73	4	16912	17150	31	269	3.16e-101	331
AKH87503.1	tr|B9RK13|B9RK13_RICCO	48.955	335	164	2	423	755	21	350	3.83e-101	332
AKH87503.1	tr|A0A151QW01|A0A151QW01_CAJCA	47.025	353	180	4	401	752	1	347	6.30e-101	332
AKH87503.1	sp|Q39705|ACCO2_DORSP	65.234	256	84	5	16897	17150	17	269	6.78e-101	330
AKH87503.1	tr|A0A2I0B714|A0A2I0B714_9ASPA	61.961	255	93	4	16897	17150	15	266	1.05e-99	327
AKH87503.1	tr|A0A5B6YJ59|A0A5B6YJ59_DAVIN	70.370	243	70	2	16912	17154	37	277	2.55e-99	326
AKH87503.1	tr|A0A0B2Q8Y2|A0A0B2Q8Y2_GLYSO	45.763	354	180	4	401	751	1	345	3.35e-99	327
AKH87503.1	tr|Q76I29|Q76I29_IPONI	46.526	331	171	3	423	751	12	338	1.82e-98	325
AKH87503.1	tr|A0A2G9GS62|A0A2G9GS62_9LAMI	45.506	356	177	5	401	752	1	343	2.03e-98	324
AKH87503.1	sp|P31239|ACCO_PEA	71.130	239	67	2	16912	17150	29	265	2.92e-98	323
AKH87503.1	tr|W6EIU8|W6EIU8_WHEAT	63.025	238	87	1	16913	17150	39	275	5.39e-98	322
AKH87503.1	tr|A0A1L2FNE0|A0A1L2FNE0_MUSPR	64.490	245	82	5	16907	17150	25	265	1.74e-97	320
AKH87503.1	tr|B9RPD0|B9RPD0_RICCO	46.705	349	177	4	405	752	4	344	3.78e-97	320
AKH87503.1	tr|G7I6B9|G7I6B9_MEDTR	46.648	358	177	5	401	751	1	351	2.96e-96	318
AKH87503.1	sp|Q9ZQZ1|ACCO_DENCR	63.077	260	87	6	16897	17150	7	263	3.10e-94	311
AKH87503.1	tr|A0A151SLP5|A0A151SLP5_CAJCA	42.535	355	187	5	405	752	4	348	3.35e-94	312
AKH87503.1	tr|A0A0M4JHJ8|A0A0M4JHJ8_9BRAS	88.554	166	18	1	16969	17134	1	165	6.85e-94	303
AKH87503.1	tr|A0A0B2PK47|A0A0B2PK47_GLYSO	45.143	350	175	5	405	751	4	339	1.92e-93	310
AKH87503.1	tr|A0A5B6YJ17|A0A5B6YJ17_DAVIN	66.667	243	61	2	16912	17154	4	226	9.64e-92	302
AKH87503.1	tr|A0A484KIW8|A0A484KIW8_9ASTE	43.895	344	170	5	423	751	28	363	1.31e-91	305
AKH87503.1	tr|A0A2H9ZU21|A0A2H9ZU21_9ASPA	45.640	344	167	4	423	753	10	346	1.75e-91	305
AKH87503.1	tr|A0A2R4SC84|A0A2R4SC84_CAMSI	45.170	352	179	7	3	349	2	344	1.03e-89	299
AKH87503.1	tr|A0A1I9RXM6|A0A1I9RXM6_SENAL	70.619	194	55	2	16934	17127	1	192	2.17e-89	291
AKH87503.1	sp|Q9SVS8|G3OX3_ARATH	43.662	355	183	6	405	752	4	348	3.32e-89	298
AKH87503.1	tr|A0A328CVH5|A0A328CVH5_9ASTE	43.931	346	169	6	423	751	20	357	1.78e-88	296
AKH87503.1	tr|A0A2I0B9R4|A0A2I0B9R4_9ASPA	46.377	345	170	5	416	751	4	342	2.78e-88	295
AKH87503.1	tr|A0A0B2SIW5|A0A0B2SIW5_GLYSO	60.082	243	91	3	16912	17154	29	265	9.92e-87	289
AKH87503.1	tr|A0A2G9GDZ4|A0A2G9GDZ4_9LAMI	69.271	192	57	2	16912	17103	29	218	1.95e-86	284
AKH87503.1	tr|A0A2P6Q1V1|A0A2P6Q1V1_ROSCH	41.436	362	190	7	405	753	4	356	2.97e-84	284
AKH87503.1	tr|A0A484LMJ4|A0A484LMJ4_9ASTE	43.353	346	171	6	423	751	299	636	1.15e-83	292
AKH87503.1	tr|A0A2P6Q1K1|A0A2P6Q1K1_ROSCH	41.566	332	186	4	423	753	15	339	4.89e-83	280
AKH87503.1	tr|A0A2P6SD09|A0A2P6SD09_ROSCH	41.994	331	182	5	23	350	16	339	1.40e-82	278
AKH87503.1	tr|B9T829|B9T829_RICCO	80.128	156	31	0	16999	17154	1	156	1.81e-81	269
AKH87503.1	tr|A0A5B6YK10|A0A5B6YK10_DAVIN	79.487	156	32	0	16999	17154	1	156	7.37e-81	268
AKH87503.1	tr|A0A5B7C9H4|A0A5B7C9H4_DAVIN	70.000	180	52	2	16929	17108	1	178	1.44e-78	260
AKH87503.1	tr|B9RUX0|B9RUX0_RICCO	62.632	190	70	1	161	349	20	209	5.14e-78	261
AKH87503.1	tr|A0A2P6SCZ4|A0A2P6SCZ4_ROSCH	41.493	335	185	6	422	753	4	330	4.92e-77	262
AKH87503.1	tr|A0A6G6VXI3|A0A6G6VXI3_LOLPR	72.840	162	43	1	16990	17150	10	171	5.99e-77	255
AKH87503.1	tr|C7DTK1|C7DTK1_LEPSV	86.567	134	17	1	17005	17137	2	135	3.95e-76	251
AKH87503.1	tr|D4N2S4|D4N2S4_PINTA	49.231	260	114	6	16902	17150	22	274	8.26e-76	259
AKH87503.1	sp|Q3I409|G3O23_WHEAT	39.143	350	200	8	413	752	4	350	1.21e-75	259
AKH87503.1	tr|D4N2S3|D4N2S3_PINTA	49.231	260	114	6	16902	17150	22	274	3.34e-75	257
AKH87503.1	tr|A0A5B7BJW2|A0A5B7BJW2_DAVIN	50.420	238	114	3	16914	17150	30	264	7.08e-73	249
AKH87503.1	sp|Q9FU53|G3OX2_ORYSJ	39.655	348	201	5	413	751	4	351	7.15e-72	249
AKH87503.1	sp|Q3I411|G3O21_WHEAT	39.466	337	196	6	423	752	15	350	1.50e-71	248
AKH87503.1	tr|Q6A1K7|Q6A1K7_SOLLC	47.059	255	121	4	16902	17150	18	264	3.99e-71	244
AKH87503.1	tr|Q5DUH4|Q5DUH4_CAPCH	48.571	245	121	4	16907	17150	24	264	5.64e-71	243
AKH87503.1	sp|Q9ZUN4|ACCO1_ARATH	49.160	238	116	3	16914	17150	38	271	9.30e-71	243
AKH87503.1	tr|A0A2P6RK53|A0A2P6RK53_ROSCH	47.809	251	121	4	16906	17150	20	266	1.73e-70	242
AKH87503.1	tr|A0A2G9I5U2|A0A2G9I5U2_9LAMI	45.387	271	133	6	16912	17178	28	287	1.17e-69	240
AKH87503.1	sp|Q3I410|G3O22_WHEAT	38.872	337	198	6	423	752	15	350	1.48e-69	242
AKH87503.1	tr|B9RKA0|B9RKA0_RICCO	47.899	238	120	3	16914	17150	30	264	2.77e-69	239
AKH87503.1	tr|B9S2U4|B9S2U4_RICCO	44.828	290	138	7	16902	17180	23	301	3.40e-69	239
AKH87503.1	tr|A0A2H9ZUJ9|A0A2H9ZUJ9_9ASPA	42.123	292	147	4	16902	17180	18	300	1.78e-68	236
AKH87503.1	tr|A0A2P6PXG9|A0A2P6PXG9_ROSCH	43.554	287	142	6	16902	17180	21	295	1.84e-68	236
AKH87503.1	tr|A0A2G9HHG4|A0A2G9HHG4_9LAMI	43.972	282	143	4	16910	17180	26	303	3.35e-68	236
AKH87503.1	tr|A0A484M9D8|A0A484M9D8_9ASTE	41.761	352	192	8	405	752	4	346	7.70e-68	236
AKH87503.1	tr|A0A328E4R8|A0A328E4R8_9ASTE	41.477	352	193	8	405	752	12	354	1.04e-67	236
AKH87503.1	tr|A0A2G9GPJ8|A0A2G9GPJ8_9LAMI	47.934	242	112	5	16913	17150	31	262	1.18e-67	234
AKH87503.1	tr|A0A0B2SHI7|A0A0B2SHI7_GLYSO	44.138	290	141	6	16902	17180	21	300	1.29e-67	234
AKH87503.1	tr|A0A7C9EA61|A0A7C9EA61_OPUST	46.743	261	122	6	16902	17150	21	276	2.27e-67	233
AKH87503.1	tr|A0A072V1X2|A0A072V1X2_MEDTR	44.828	290	139	6	16902	17180	21	300	3.11e-67	233
AKH87503.1	tr|A0A2P6RJ90|A0A2P6RJ90_ROSCH	54.726	201	88	2	564	762	30	229	1.38e-66	228
AKH87503.1	tr|A0A2G9HWW8|A0A2G9HWW8_9LAMI	44.891	274	132	5	16910	17180	26	283	9.88e-66	228
AKH87503.1	sp|Q0WPW4|ACCO5_ARATH	41.522	289	148	6	16904	17180	20	299	1.11e-65	228
AKH87503.1	tr|A0A7C9EB90|A0A7C9EB90_OPUST	46.415	265	113	7	16902	17150	21	272	1.27e-65	228
AKH87503.1	tr|A0A2G9HX04|A0A2G9HX04_9LAMI	46.371	248	122	3	16910	17150	26	269	1.62e-65	228
AKH87503.1	tr|A0A2G9GBL7|A0A2G9GBL7_9LAMI	45.968	248	123	3	16910	17150	26	269	8.89e-65	226
AKH87503.1	sp|Q9FR99|ACCO_MUSAC	45.935	246	111	6	16902	17138	21	253	1.85e-64	225
AKH87503.1	tr|A0A0F7GQF6|A0A0F7GQF6_ARAHY	43.796	274	135	7	16914	17180	30	291	3.07e-62	219
AKH87503.1	tr|G7KJU7|G7KJU7_MEDTR	46.250	240	123	4	16914	17150	30	266	4.52e-62	218
AKH87503.1	tr|A0A7C9DP50|A0A7C9DP50_OPUST	44.981	269	118	8	16899	17150	18	273	8.21e-62	218
AKH87503.1	sp|Q6AT12|G3OX1_ORYSJ	37.389	337	197	8	430	752	39	375	1.03e-61	220
AKH87503.1	tr|A0A484LAC6|A0A484LAC6_9ASTE	44.765	277	139	7	480	752	2	268	1.27e-61	215
AKH87503.1	tr|D4N2S2|D4N2S2_PINTA	45.734	293	122	8	16915	17180	31	313	6.67e-61	215
AKH87503.1	tr|A0A7C9ELS3|A0A7C9ELS3_OPUST	62.893	159	55	3	170	324	1	159	9.06e-61	208
AKH87503.1	tr|G7JKF8|G7JKF8_MEDTR	82.143	112	20	0	17039	17150	24	135	4.73e-59	204
AKH87503.1	tr|A0A2G9H9B2|A0A2G9H9B2_9LAMI	47.321	224	107	3	16964	17180	27	246	3.45e-58	205
AKH87503.1	tr|A0A0X9FYP9|A0A0X9FYP9_POPCN	57.764	161	66	1	16995	17153	18	178	3.16e-57	201
AKH87503.1	tr|A0A0M4JVP8|A0A0M4JVP8_9BRAS	56.688	157	63	1	16996	17147	17	173	1.12e-55	194
AKH87503.1	tr|A0A2G9HKM9|A0A2G9HKM9_9LAMI	35.211	355	205	13	414	756	12	353	1.87e-54	198
AKH87503.1	tr|A0A2G3CRT4|A0A2G3CRT4_CAPCH	91.150	113	10	0	56834	56946	490	602	9.77e-54	203
AKH87503.1	tr|A0A2G3CRT4|A0A2G3CRT4_CAPCH	91.150	113	10	0	56834	56946	490	602	9.77e-54	203
AKH87503.1	tr|A0A7C8ZPP5|A0A7C8ZPP5_OPUST	54.878	164	66	2	16995	17150	16	179	2.10e-53	190
AKH87503.1	tr|B9S1A0|B9S1A0_RICCO	33.239	352	209	8	400	738	1	339	2.58e-53	195
AKH87503.1	tr|A0A484MSY4|A0A484MSY4_9ASTE	35.549	346	195	10	425	753	28	362	2.71e-53	195
AKH87503.1	sp|Q9SRM3|DIOX6_ARATH	35.484	341	203	9	425	754	62	396	7.48e-53	195
AKH87503.1	sp|D4N502|DIOX3_PAPSO	33.431	341	206	9	411	738	10	342	9.89e-53	193
AKH87503.1	sp|Q9FFF6|DIOX5_ARATH	35.860	343	199	10	425	754	33	367	1.60e-52	193
AKH87503.1	tr|B9T5W6|B9T5W6_RICCO	38.284	303	166	9	455	741	52	349	2.16e-52	192
AKH87503.1	tr|A0A1L1ZNN1|A0A1L1ZNN1_CARTI	35.616	292	177	5	456	740	43	330	4.15e-52	191
AKH87503.1	tr|A0A2G9GAR2|A0A2G9GAR2_9LAMI	41.897	253	111	5	16910	17155	39	262	8.24e-52	188
AKH87503.1	sp|Q9ZWQ9|FLS_CITUN	35.452	299	181	7	52	343	42	335	4.26e-51	187
AKH87503.1	tr|A0A2I6ZMT0|A0A2I6ZMT0_PAPSO	34.615	312	184	8	440	738	2	306	7.04e-51	186
AKH87503.1	tr|C7DTJ9|C7DTJ9_LEPSV	52.147	163	76	2	16969	17130	9	170	7.30e-51	181
AKH87503.1	tr|A0A5B7B5B7|A0A5B7B5B7_DAVIN	35.714	336	188	10	425	741	20	346	1.77e-50	187
AKH87503.1	sp|D4N501|DIOX2_PAPSO	33.333	339	210	6	411	737	10	344	2.44e-50	186
AKH87503.1	tr|A0A2P6SPH5|A0A2P6SPH5_ROSCH	34.513	339	197	8	428	754	13	338	2.60e-50	185
AKH87503.1	tr|A0A2I6ZMT5|A0A2I6ZMT5_PAPSO	34.295	312	185	8	440	738	2	306	2.64e-50	185
AKH87503.1	tr|A0A2G9H8K2|A0A2G9H8K2_9LAMI	29.545	352	231	8	411	755	10	351	3.41e-50	186
AKH87503.1	tr|A0A5B6ZYK3|A0A5B6ZYK3_DAVIN	36.760	321	179	9	428	738	23	329	3.60e-50	185
AKH87503.1	tr|A0A2G9GFJ6|A0A2G9GFJ6_9LAMI	29.545	352	231	8	411	755	10	351	3.97e-50	185
AKH87503.1	tr|A0A2G9G9E7|A0A2G9G9E7_9LAMI	35.952	331	190	10	425	741	20	342	6.17e-50	185
AKH87503.1	tr|A0A2G9H9J9|A0A2G9H9J9_9LAMI	33.742	326	182	6	448	746	18	336	6.62e-50	184
AKH87503.1	tr|B9RT28|B9RT28_RICCO	32.121	330	202	6	428	743	26	347	9.07e-50	184
AKH87503.1	tr|A0A151TCZ9|A0A151TCZ9_CAJCA	36.306	314	183	8	428	731	23	329	9.48e-50	184
AKH87503.1	tr|A0A151TCY8|A0A151TCY8_CAJCA	36.624	314	182	8	428	731	22	328	9.77e-50	184
AKH87503.1	tr|B9T417|B9T417_RICCO	34.161	322	196	6	426	738	30	344	1.55e-49	184
AKH87503.1	tr|B9SEL5|B9SEL5_RICCO	35.312	320	185	7	428	738	13	319	1.94e-49	183
AKH87503.1	tr|D0UZK7|D0UZK7_GINBI	34.754	305	183	7	453	746	41	340	2.19e-49	182
AKH87503.1	sp|O04395|FLS_MATIN	34.354	294	178	7	455	742	1	285	2.93e-49	181
AKH87503.1	tr|A0A2G9H1G9|A0A2G9H1G9_9LAMI	33.962	318	196	8	430	740	19	329	3.11e-49	182
AKH87503.1	tr|A0A5B7BNQ8|A0A5B7BNQ8_DAVIN	36.449	321	180	9	428	738	13	319	3.97e-49	182
AKH87503.1	tr|B9S192|B9S192_RICCO	31.034	348	221	8	401	738	1	339	4.44e-49	182
AKH87503.1	sp|O80449|DIOX4_ARATH	34.688	320	195	9	425	736	18	331	4.45e-49	182
AKH87503.1	tr|A0A328D4B9|A0A328D4B9_9ASTE	33.989	356	196	11	425	753	27	370	8.53e-49	182
AKH87503.1	tr|B9R9J8|B9R9J8_RICCO	34.670	349	197	7	428	756	38	375	1.04e-48	182
AKH87503.1	tr|G7J913|G7J913_MEDTR	34.591	318	186	7	428	736	13	317	1.09e-48	181
AKH87503.1	tr|A0A484LSN6|A0A484LSN6_9ASTE	36.042	283	159	6	460	730	50	322	6.50e-48	179
AKH87503.1	tr|A0A5B7A0E8|A0A5B7A0E8_DAVIN	37.755	294	162	8	455	738	13	295	8.44e-48	177
AKH87503.1	tr|A0A484MK38|A0A484MK38_9ASTE	33.705	359	196	11	425	753	27	373	8.51e-48	179
AKH87503.1	tr|A0A396GMQ9|A0A396GMQ9_MEDTR	31.269	323	206	5	426	738	18	334	1.13e-47	179
AKH87503.1	tr|A0A2P6SL92|A0A2P6SL92_ROSCH	37.584	298	163	10	455	736	44	334	1.28e-47	178
AKH87503.1	tr|A0A1S6EKL9|A0A1S6EKL9_ALLCE	34.416	308	172	8	52	343	42	335	1.41e-47	177
AKH87503.1	tr|A0A328DIW3|A0A328DIW3_9ASTE	32.710	321	185	6	51	347	50	363	1.55e-47	179
AKH87503.1	tr|A0A328DVW4|A0A328DVW4_9ASTE	36.042	283	159	6	460	730	93	365	1.95e-47	179
AKH87503.1	tr|A0A484LX74|A0A484LX74_9ASTE	35.385	325	188	9	449	757	53	371	2.01e-47	178
AKH87503.1	tr|A0A2G9HKH6|A0A2G9HKH6_9LAMI	30.252	357	225	9	400	743	1	346	2.93e-47	177
AKH87503.1	tr|A0A2P6QY58|A0A2P6QY58_ROSCH	31.395	344	210	8	400	729	1	332	2.98e-47	177
AKH87503.1	tr|B9SR56|B9SR56_RICCO	31.790	324	197	10	427	738	30	341	2.99e-47	177
AKH87503.1	tr|G7K8W9|G7K8W9_MEDTR	34.708	291	180	5	456	740	44	330	3.82e-47	176
AKH87503.1	tr|A0A396HR50|A0A396HR50_MEDTR	33.555	301	189	6	451	746	28	322	4.70e-47	176
AKH87503.1	tr|A0A2P6P4A1|A0A2P6P4A1_ROSCH	33.333	324	194	7	424	736	13	325	5.06e-47	176
AKH87503.1	tr|A0A5B7BLW1|A0A5B7BLW1_DAVIN	33.775	302	174	5	455	738	32	325	5.90e-47	176
AKH87503.1	tr|A0A484KUQ2|A0A484KUQ2_9ASTE	33.333	321	183	7	51	347	50	363	6.00e-47	177
AKH87503.1	tr|A0A5B6YVJ6|A0A5B6YVJ6_DAVIN	35.526	304	182	8	48	343	38	335	7.13e-47	175
AKH87503.1	sp|Q9ZSA7|DLO2_ARATH	32.000	325	196	8	427	738	15	327	7.18e-47	176
AKH87503.1	sp|Q9ZSA7|DLO2_ARATH	32.000	325	196	8	427	738	15	327	7.18e-47	176
AKH87503.1	tr|A0A072U0H6|A0A072U0H6_MEDTR	35.254	295	173	8	455	736	53	342	8.46e-47	176
AKH87503.1	tr|A0A1S6EKK8|A0A1S6EKK8_ALLCE	34.091	308	173	8	52	343	42	335	8.79e-47	175
AKH87503.1	tr|A0A484MR17|A0A484MR17_9ASTE	35.312	320	185	9	454	757	58	371	9.41e-47	176
AKH87503.1	tr|A0A5B7B1W5|A0A5B7B1W5_DAVIN	37.288	295	166	9	455	736	50	338	9.86e-47	176
AKH87503.1	tr|A0A0B2SH05|A0A0B2SH05_GLYSO	35.855	304	170	10	456	741	68	364	1.03e-46	176
AKH87503.1	tr|A0A0A6ZA40|A0A0A6ZA40_9ROSI	35.621	306	180	6	451	746	21	319	1.04e-46	175
AKH87503.1	sp|Q9LY48|DIOX3_ARATH	35.762	302	174	8	456	741	52	349	1.07e-46	176
AKH87503.1	tr|A0A328EAP0|A0A328EAP0_9ASTE	35.312	320	185	9	454	757	58	371	1.12e-46	176
AKH87503.1	sp|Q9ZSA8|DLO1_ARATH	32.686	309	184	7	23	318	13	310	1.22e-46	175
AKH87503.1	sp|Q9ZSA8|DLO1_ARATH	32.686	309	184	7	23	318	13	310	1.22e-46	175
AKH87503.1	tr|B9RMV2|B9RMV2_RICCO	33.333	297	177	6	48	333	38	324	1.40e-46	175
AKH87503.1	tr|G7JP17|G7JP17_MEDTR	34.983	303	176	9	455	741	61	358	1.81e-46	175
AKH87503.1	tr|A0A5B6ZVJ4|A0A5B6ZVJ4_DAVIN	36.860	293	166	6	455	738	19	301	2.04e-46	173
AKH87503.1	tr|A0A396GUN0|A0A396GUN0_MEDTR	31.111	315	198	6	27	329	19	326	2.27e-46	174
AKH87503.1	tr|A0A2P6PMW7|A0A2P6PMW7_ROSCH	32.188	320	184	7	446	740	18	329	2.40e-46	174
AKH87503.1	tr|A0A072TFU2|A0A072TFU2_MEDTR	30.357	336	218	7	427	755	19	345	2.46e-46	174
AKH87503.1	sp|Q39111|GAOX2_ARATH	33.724	341	202	7	417	744	28	357	2.48e-46	175
AKH87503.1	sp|D4N500|DIOX1_PAPSO	33.038	339	211	7	411	737	10	344	2.51e-46	175
AKH87503.1	tr|A0A649UDL6|A0A649UDL6_CAMSI	34.062	320	189	7	428	738	13	319	3.18e-46	173
AKH87503.1	tr|A0A7C8YK28|A0A7C8YK28_OPUST	34.471	293	177	5	455	738	56	342	3.29e-46	174
AKH87503.1	tr|A0A072TNY3|A0A072TNY3_MEDTR	34.161	322	188	9	25	333	13	323	3.40e-46	174
AKH87503.1	tr|A0A5B7AJN6|A0A5B7AJN6_DAVIN	33.025	324	179	7	453	746	34	349	3.64e-46	174
AKH87503.1	tr|A0A7C9FR40|A0A7C9FR40_OPUST	32.698	315	187	8	430	729	28	332	4.01e-46	173
AKH87503.1	tr|A0A072UER0|A0A072UER0_MEDTR	31.085	341	216	8	416	749	10	338	4.70e-46	174
AKH87503.1	tr|A0A484LL24|A0A484LL24_9ASTE	32.399	321	186	6	51	347	50	363	5.02e-46	174
AKH87503.1	tr|A0A2G9GSN3|A0A2G9GSN3_9LAMI	33.654	312	176	6	453	740	23	327	5.87e-46	173
AKH87503.1	tr|A0A396GMH7|A0A396GMH7_MEDTR	29.938	324	205	7	427	738	26	339	6.49e-46	173
AKH87503.1	tr|A0A072UPY7|A0A072UPY7_MEDTR	30.154	325	208	7	427	740	19	335	8.58e-46	173
AKH87503.1	tr|A0A0B2P614|A0A0B2P614_GLYSO	32.075	318	198	8	429	738	8	315	9.28e-46	172
AKH87503.1	tr|A0A2Z4N9C1|A0A2Z4N9C1_SALMI	37.050	278	163	7	456	726	43	315	1.18e-45	172
AKH87503.1	tr|A0A499Q469|A0A499Q469_CHRMO	36.462	277	166	5	456	726	43	315	1.37e-45	171
AKH87503.1	tr|A0A499Q469|A0A499Q469_CHRMO	36.462	277	166	5	456	726	43	315	1.37e-45	171
AKH87503.1	tr|K7ZTB8|K7ZTB8_CUCSA	34.268	321	180	8	442	746	36	341	1.40e-45	172
AKH87503.1	tr|G7K244|G7K244_MEDTR	35.254	295	172	9	455	736	48	336	1.47e-45	172
AKH87503.1	tr|A0A396JCL4|A0A396JCL4_MEDTR	29.674	337	219	6	411	738	9	336	1.98e-45	172
AKH87503.1	tr|B9S0A9|B9S0A9_RICCO	33.333	309	187	6	425	722	30	330	2.05e-45	172
AKH87503.1	tr|G7JMI8|G7JMI8_MEDTR	33.437	323	185	7	453	753	27	341	2.35e-45	171
AKH87503.1	tr|A0A328D2G8|A0A328D2G8_9ASTE	32.881	295	191	4	52	343	44	334	2.41e-45	171
AKH87503.1	tr|A0A484KL11|A0A484KL11_9ASTE	32.881	295	191	4	52	343	44	334	2.41e-45	171
AKH87503.1	tr|A0A0B2SK95|A0A0B2SK95_GLYSO	35.254	295	173	8	455	736	71	360	2.47e-45	172
AKH87503.1	sp|Q96330|FLS1_ARATH	32.986	288	183	5	52	333	42	325	2.59e-45	171
AKH87503.1	sp|Q9C955|GAOX4_ARATH	31.728	353	202	9	420	752	31	364	2.65e-45	172
AKH87503.1	tr|A0A220NVF4|A0A220NVF4_CAMSI	32.733	333	197	8	428	744	35	356	2.72e-45	172
AKH87503.1	tr|A0A0B2SQX6|A0A0B2SQX6_GLYSO	33.333	342	193	9	425	736	19	355	2.77e-45	172
AKH87503.1	tr|A0A0B2P942|A0A0B2P942_GLYSO	33.898	354	191	9	415	744	29	363	2.91e-45	172
AKH87503.1	tr|X5CQE2|X5CQE2_WHEAT	33.438	320	196	9	425	736	12	322	3.38e-45	170
AKH87503.1	tr|A0A5B6ZX38|A0A5B6ZX38_DAVIN	34.375	320	188	7	428	738	13	319	3.58e-45	170
AKH87503.1	tr|A0A151SNU4|A0A151SNU4_CAJCA	33.934	333	198	9	425	741	21	347	3.69e-45	171
AKH87503.1	tr|A0A396JIT0|A0A396JIT0_MEDTR	33.123	317	176	6	453	740	66	375	4.12e-45	172
AKH87503.1	tr|A0A2P6R931|A0A2P6R931_ROSCH	33.754	317	189	9	455	755	50	361	4.33e-45	171
AKH87503.1	tr|A0A151R726|A0A151R726_CAJCA	31.646	316	200	7	429	737	21	327	4.35e-45	171
AKH87503.1	tr|B9SNS2|B9SNS2_RICCO	30.640	297	189	6	456	742	52	341	4.36e-45	171
AKH87503.1	sp|Q8W2X5|FL3H2_ORYSJ	34.932	292	171	6	456	738	43	324	4.50e-45	170
AKH87503.1	tr|B9T297|B9T297_RICCO	30.255	314	210	4	24	335	8	314	4.62e-45	170
AKH87503.1	tr|G7JBS9|G7JBS9_MEDTR	33.851	322	192	9	428	736	24	337	5.03e-45	171
AKH87503.1	tr|B9RJ53|B9RJ53_RICCO	33.987	306	192	6	43	343	33	333	6.52e-45	169
AKH87503.1	tr|A0A2G9GGH5|A0A2G9GGH5_9LAMI	33.457	269	169	5	473	738	76	337	6.70e-45	170
AKH87503.1	tr|A0A2P6Q562|A0A2P6Q562_ROSCH	34.191	272	156	7	16902	17157	12	276	7.77e-45	169
AKH87503.1	tr|A0A1Z1EDE2|A0A1Z1EDE2_CAMSI	32.722	327	197	11	427	740	17	333	8.03e-45	169
AKH87503.1	tr|A0A151R7B2|A0A151R7B2_CAJCA	31.646	316	200	7	429	737	26	332	8.05e-45	171
AKH87503.1	tr|A0A072VFZ2|A0A072VFZ2_MEDTR	31.366	322	198	10	422	731	15	325	8.85e-45	170
AKH87503.1	tr|A0A072UW43|A0A072UW43_MEDTR	34.915	295	174	7	455	738	38	325	1.01e-44	170
AKH87503.1	tr|Q5ZFE9|Q5ZFE9_POPTN	32.948	346	204	8	424	752	39	373	1.13e-44	171
AKH87503.1	tr|B9S116|B9S116_RICCO	34.528	307	174	10	450	739	20	316	1.18e-44	168
AKH87503.1	tr|A0A5B7CAV0|A0A5B7CAV0_DAVIN	32.986	288	180	7	456	738	59	338	1.24e-44	169
AKH87503.1	sp|Q39112|GAOX3_ARATH	32.945	343	199	7	429	751	36	367	1.35e-44	170
AKH87503.1	tr|G7IPV5|G7IPV5_MEDTR	33.333	318	194	7	445	752	17	326	1.37e-44	169
AKH87503.1	tr|A0A2P6Q5L1|A0A2P6Q5L1_ROSCH	32.459	305	181	8	449	739	21	314	1.54e-44	168
AKH87503.1	tr|A0A072U0L2|A0A072U0L2_MEDTR	31.268	339	211	8	413	738	9	338	1.77e-44	169
AKH87503.1	tr|Q5ZFF4|Q5ZFF4_POPTN	32.659	346	205	8	424	752	39	373	1.83e-44	170
AKH87503.1	tr|B9S888|B9S888_RICCO	33.968	315	196	6	427	736	14	321	2.06e-44	168
AKH87503.1	tr|A0A072TZX2|A0A072TZX2_MEDTR	30.678	339	213	9	413	738	9	338	2.12e-44	169
AKH87503.1	tr|Q5ZFF7|Q5ZFF7_POPTN	32.659	346	205	8	424	752	39	373	2.16e-44	170
AKH87503.1	tr|A0A072UU33|A0A072UU33_MEDTR	30.233	344	219	9	414	748	19	350	2.24e-44	169
AKH87503.1	tr|A0A2P6SIW3|A0A2P6SIW3_ROSCH	31.447	318	195	7	29	333	18	325	2.31e-44	168
AKH87503.1	tr|K9JZ68|K9JZ68_ONOVI	34.657	277	171	5	456	726	42	314	2.32e-44	168
AKH87503.1	tr|Q5ZFG0|Q5ZFG0_POPTN	32.659	346	205	8	424	752	39	373	2.39e-44	169
AKH87503.1	tr|A0A2I0AX09|A0A2I0AX09_9ASPA	32.754	345	202	8	424	751	29	360	2.58e-44	172
AKH87503.1	tr|A0A0B2RP45|A0A0B2RP45_GLYSO	32.812	320	182	8	457	753	26	335	2.59e-44	168
AKH87503.1	tr|Q5ZFG1|Q5ZFG1_POPTN	32.659	346	205	8	424	752	39	373	2.61e-44	169
AKH87503.1	tr|Q5ZFI5|Q5ZFI5_POPTN	32.659	346	205	8	424	752	39	373	2.63e-44	169
AKH87503.1	tr|Q5ZFI9|Q5ZFI9_POPTN	32.659	346	205	8	424	752	39	373	2.71e-44	169
AKH87503.1	tr|Q5ZFH3|Q5ZFH3_POPTN	32.659	346	205	8	424	752	39	373	2.73e-44	169
AKH87503.1	tr|Q5ZFG3|Q5ZFG3_POPTN	32.659	346	205	8	424	752	39	373	2.87e-44	169
AKH87503.1	tr|Q5ZFG5|Q5ZFG5_POPTN	32.659	346	205	8	424	752	39	373	3.21e-44	169
AKH87503.1	tr|Q5ZFH1|Q5ZFH1_POPTN	32.659	346	205	8	424	752	39	373	3.21e-44	169
AKH87503.1	tr|B9RYX6|B9RYX6_RICCO	30.530	321	201	7	25	333	13	323	3.37e-44	168
AKH87503.1	tr|A0A2P6Q577|A0A2P6Q577_ROSCH	31.366	322	204	9	426	738	28	341	3.43e-44	168
AKH87503.1	tr|A0A2I0B683|A0A2I0B683_9ASPA	34.431	334	195	10	442	755	30	359	3.56e-44	169
AKH87503.1	tr|Q5ZFI0|Q5ZFI0_POPTN	32.659	346	205	8	424	752	39	373	3.57e-44	169
AKH87503.1	tr|A0A2G9HJG3|A0A2G9HJG3_9LAMI	34.395	314	184	10	414	713	12	317	3.70e-44	167
AKH87503.1	tr|A0A328DKU0|A0A328DKU0_9ASTE	33.437	323	193	7	425	738	10	319	3.72e-44	167
AKH87503.1	tr|A0A484K4M0|A0A484K4M0_9ASTE	33.437	323	193	7	425	738	10	319	3.72e-44	167
AKH87503.1	tr|A0A2G9GEH8|A0A2G9GEH8_9LAMI	31.488	289	189	6	456	739	22	306	3.72e-44	167
AKH87503.1	tr|A0A251TVU6|A0A251TVU6_HELAN	33.677	291	183	5	456	740	43	329	3.77e-44	167
AKH87503.1	tr|Q5ZFF8|Q5ZFF8_POPTN	32.659	346	205	8	424	752	39	373	3.78e-44	169
AKH87503.1	tr|A0A2G9GVP4|A0A2G9GVP4_9LAMI	32.082	293	183	9	456	739	19	304	3.88e-44	167
AKH87503.1	tr|A0A072TNN1|A0A072TNN1_MEDTR	33.626	342	184	10	427	744	30	352	3.92e-44	169
AKH87503.1	tr|A0A396HNN2|A0A396HNN2_MEDTR	34.314	306	176	9	51	340	36	332	4.07e-44	167
AKH87503.1	tr|A0A2P6PX41|A0A2P6PX41_ROSCH	32.353	306	178	7	54	343	43	335	4.14e-44	167
AKH87503.1	tr|A0A2P6SGC3|A0A2P6SGC3_ROSCH	32.070	343	205	6	419	744	28	359	4.39e-44	169
AKH87503.1	tr|A0A2G9GFI2|A0A2G9GFI2_9LAMI	28.793	323	208	8	425	738	12	321	4.86e-44	167
AKH87503.1	tr|Q5ZFH0|Q5ZFH0_POPTN	32.370	346	206	8	424	752	39	373	5.17e-44	169
AKH87503.1	tr|A0A0B2RDW6|A0A0B2RDW6_GLYSO	33.046	348	191	9	429	752	30	359	5.29e-44	168
AKH87503.1	tr|Q5ZFI6|Q5ZFI6_POPTN	32.370	346	206	8	424	752	39	373	5.31e-44	169
AKH87503.1	tr|Q5ZFF1|Q5ZFF1_POPTN	32.370	346	206	8	424	752	39	373	5.84e-44	168
AKH87503.1	tr|A0A0G7ZNS1|A0A0G7ZNS1_PICGL	35.145	276	169	6	63	334	67	336	5.86e-44	168
AKH87503.1	tr|A0A5B7AP53|A0A5B7AP53_DAVIN	33.046	348	203	7	424	753	34	369	6.25e-44	168
AKH87503.1	tr|Q5ZFH7|Q5ZFH7_POPTN	32.370	346	206	8	424	752	39	373	6.31e-44	168
AKH87503.1	tr|A0A2G9GVC4|A0A2G9GVC4_9LAMI	34.471	293	158	6	442	707	50	335	6.78e-44	167
AKH87503.1	sp|Q9C899|F6H2_ARATH	31.153	321	205	7	425	738	32	343	6.87e-44	167
AKH87503.1	tr|G7K8X0|G7K8X0_MEDTR	34.050	279	172	5	456	726	42	316	6.93e-44	167
AKH87503.1	tr|G7JXT3|G7JXT3_MEDTR	33.445	299	178	8	454	738	36	327	7.15e-44	167
AKH87503.1	tr|G7J7S5|G7J7S5_MEDTR	33.904	292	179	6	449	731	45	331	7.15e-44	167
AKH87503.1	tr|Q5DX18|Q5DX18_IPONI	31.053	380	231	7	395	753	1	370	7.38e-44	168
AKH87503.1	sp|Q39110|GAOX1_ARATH	30.707	368	221	8	414	761	23	376	7.72e-44	168
AKH87503.1	tr|A0A5B7AJV1|A0A5B7AJV1_DAVIN	32.177	317	175	7	453	736	23	332	8.63e-44	167
AKH87503.1	tr|A0A2G9GYU2|A0A2G9GYU2_9LAMI	33.086	269	170	5	473	738	79	340	8.79e-44	167
AKH87503.1	tr|Q8GT56|Q8GT56_CUCMA	33.819	343	193	8	429	751	29	357	8.95e-44	167
AKH87503.1	tr|Q5ZFH5|Q5ZFH5_POPTN	30.990	384	219	10	404	752	1	373	9.05e-44	168
AKH87503.1	tr|B9S197|B9S197_RICCO	28.698	338	221	8	411	738	10	337	9.52e-44	167
AKH87503.1	tr|A0A2R4SC82|A0A2R4SC82_CAMSI	34.228	298	177	7	454	738	44	335	9.83e-44	167
AKH87503.1	tr|A0A072V5M6|A0A072V5M6_MEDTR	32.673	303	182	9	455	743	49	343	1.09e-43	167
AKH87503.1	tr|A0A481VAB9|A0A481VAB9_PICGL	33.019	318	194	6	13	317	3	314	1.18e-43	167
AKH87503.1	tr|A0A396GMF6|A0A396GMF6_MEDTR	32.721	272	172	6	468	736	72	335	1.24e-43	166
AKH87503.1	tr|A0A484KN73|A0A484KN73_9ASTE	33.437	323	193	7	425	738	10	319	1.26e-43	166
AKH87503.1	tr|A0A2G9GVE4|A0A2G9GVE4_9LAMI	31.953	338	189	9	441	745	5	334	1.31e-43	166
AKH87503.1	tr|Q5ZFI8|Q5ZFI8_POPTN	32.370	346	206	8	424	752	39	373	1.36e-43	167
AKH87503.1	tr|K7ZU06|K7ZU06_CUCSA	32.647	340	202	7	430	752	33	362	1.41e-43	167
AKH87503.1	tr|A0A151QX94|A0A151QX94_CAJCA	33.559	295	178	8	455	736	69	358	1.47e-43	167
AKH87503.1	tr|Q5ZFH8|Q5ZFH8_POPTN	32.370	346	206	8	424	752	39	373	1.53e-43	167
AKH87503.1	tr|G7L4Z8|G7L4Z8_MEDTR	30.058	346	224	6	427	755	35	379	1.57e-43	167
AKH87503.1	tr|A0A396HR89|A0A396HR89_MEDTR	30.178	338	212	10	417	740	11	338	1.69e-43	166
AKH87503.1	sp|Q9LHN8|F6H1_ARATH	34.459	296	171	9	454	738	60	343	1.81e-43	166
AKH87503.1	tr|A0A0G7ZNU4|A0A0G7ZNU4_PICGL	34.323	303	179	9	454	742	66	362	2.09e-43	167
AKH87503.1	tr|A0A484L939|A0A484L939_9ASTE	32.653	343	203	8	419	744	15	346	2.15e-43	166
AKH87503.1	sp|P28038|FL3H_HORVU	32.911	316	191	9	454	759	41	345	2.20e-43	166
AKH87503.1	tr|P93473|P93473_PEA	31.832	333	199	6	429	744	40	361	2.23e-43	167
AKH87503.1	tr|Q5ZFI2|Q5ZFI2_POPTN	32.370	346	206	8	424	752	39	373	2.27e-43	167
AKH87503.1	tr|Q5ZFG9|Q5ZFG9_POPTN	32.081	346	207	8	424	752	39	373	2.41e-43	167
AKH87503.1	tr|A0A2G9I2F0|A0A2G9I2F0_9LAMI	32.710	321	188	7	427	738	14	315	2.46e-43	165
AKH87503.1	tr|A0A0A0RJ39|A0A0A0RJ39_PAELC	31.889	323	211	5	26	343	14	332	2.47e-43	165
AKH87503.1	tr|B9S1A1|B9S1A1_RICCO	31.716	268	170	7	474	738	79	336	2.52e-43	166
AKH87503.1	tr|A0A072VFD7|A0A072VFD7_MEDTR	33.333	294	171	6	454	729	25	311	2.54e-43	165
AKH87503.1	tr|A0A0B2SLB0|A0A0B2SLB0_GLYSO	32.765	293	183	9	450	736	20	304	2.62e-43	164
AKH87503.1	tr|B9RJ55|B9RJ55_RICCO	31.975	319	207	5	426	740	13	325	2.74e-43	165
AKH87503.1	tr|D3UBS7|D3UBS7_HELAN	31.348	319	193	8	444	752	12	314	2.78e-43	164
AKH87503.1	tr|Q5ZFH9|Q5ZFH9_POPTN	32.370	346	206	8	424	752	39	373	2.83e-43	166
AKH87503.1	tr|A0A072V8N5|A0A072V8N5_MEDTR	33.430	344	201	10	411	739	5	335	2.93e-43	166
AKH87503.1	tr|A0A0G7ZNR0|A0A0G7ZNR0_PICGL	31.833	311	200	6	454	756	74	380	3.21e-43	166
AKH87503.1	tr|A0A0B2PI19|A0A0B2PI19_GLYSO	33.876	307	179	6	462	753	57	354	3.33e-43	166
AKH87503.1	tr|A0A5B6Z984|A0A5B6Z984_DAVIN	33.123	317	187	10	36	340	32	335	3.47e-43	165
AKH87503.1	tr|A0A2I6RJU0|A0A2I6RJU0_9ROSI	34.365	323	184	7	428	733	89	400	3.68e-43	167
AKH87503.1	tr|A0A484LSE0|A0A484LSE0_9ASTE	34.853	307	178	9	456	749	30	327	4.09e-43	164
AKH87503.1	tr|A0A484KKC4|A0A484KKC4_9ASTE	33.956	321	187	10	444	749	12	322	4.14e-43	164
AKH87503.1	tr|A0A0G7ZNX2|A0A0G7ZNX2_PICGL	37.838	259	147	6	473	726	70	319	4.21e-43	165
AKH87503.1	tr|A0A5B6Z974|A0A5B6Z974_DAVIN	33.123	317	187	10	36	340	57	360	4.21e-43	166
AKH87503.1	tr|A0A5B7BSC0|A0A5B7BSC0_DAVIN	33.123	317	187	10	36	340	33	336	4.31e-43	165
AKH87503.1	tr|A0A328D3P4|A0A328D3P4_9ASTE	32.628	331	183	7	453	750	26	349	4.64e-43	165
AKH87503.1	tr|A0A2H4X2V6|A0A2H4X2V6_CAMSI	35.354	297	177	7	466	753	78	368	4.68e-43	166
AKH87503.1	tr|A0A7C9EV11|A0A7C9EV11_OPUST	55.034	149	65	2	409	556	5	152	4.76e-43	158
AKH87503.1	tr|A0A2P6SMT3|A0A2P6SMT3_ROSCH	32.945	343	200	9	428	752	31	361	5.50e-43	165
AKH87503.1	tr|G7K0G3|G7K0G3_MEDTR	31.646	316	200	8	430	738	24	330	5.82e-43	164
AKH87503.1	tr|A0A072TL01|A0A072TL01_MEDTR	30.488	328	212	7	417	737	10	328	6.24e-43	164
AKH87503.1	sp|O04705|GAO1D_WHEAT	31.285	358	205	8	417	751	4	343	6.94e-43	164
AKH87503.1	tr|A0A151R0U2|A0A151R0U2_CAJCA	33.893	298	171	7	456	738	40	326	7.38e-43	164
AKH87503.1	tr|A0A484LNP6|A0A484LNP6_9ASTE	32.362	343	204	8	419	744	15	346	7.39e-43	164
AKH87503.1	tr|D6QYZ3|D6QYZ3_IPONI	31.871	342	207	6	429	753	26	358	7.77e-43	165
AKH87503.1	tr|B9RZI7|B9RZI7_RICCO	31.889	323	184	7	453	746	27	342	9.72e-43	164
AKH87503.1	tr|A0A482LTA5|A0A482LTA5_ALBBR	31.132	318	207	7	425	736	14	325	9.78e-43	163
AKH87503.1	tr|A0A2G9H1K2|A0A2G9H1K2_9LAMI	31.773	299	192	7	52	343	38	331	1.08e-42	163
AKH87503.1	tr|A0A482LVU5|A0A482LVU5_ALBBR	32.792	308	194	8	425	726	14	314	1.19e-42	163
AKH87503.1	tr|A0A484KRI6|A0A484KRI6_9ASTE	30.836	347	214	9	415	743	9	347	1.34e-42	164
AKH87503.1	tr|G7LC46|G7LC46_MEDTR	33.651	315	188	7	456	759	39	343	1.51e-42	164
AKH87503.1	tr|A0A2G9I4J0|A0A2G9I4J0_9LAMI	32.198	323	197	7	425	738	9	318	1.75e-42	162
AKH87503.1	tr|G7IC45|G7IC45_MEDTR	30.946	349	197	8	429	752	37	366	1.78e-42	164
AKH87503.1	tr|A0A328DUN6|A0A328DUN6_9ASTE	35.161	310	173	11	456	749	30	327	1.92e-42	162
AKH87503.1	tr|A0A151R5S7|A0A151R5S7_CAJCA	31.975	319	203	9	427	738	25	336	1.95e-42	163
AKH87503.1	tr|G7L9H8|G7L9H8_MEDTR	34.437	302	180	8	449	738	45	340	2.04e-42	163
AKH87503.1	tr|A0A072V8U1|A0A072V8U1_MEDTR	32.890	301	169	9	451	736	23	305	2.13e-42	162
AKH87503.1	tr|A0A2P6PPG4|A0A2P6PPG4_ROSCH	32.308	325	201	8	25	339	23	338	2.22e-42	163
AKH87503.1	tr|A0A481VAE1|A0A481VAE1_PINTA	32.390	318	196	6	13	317	3	314	2.42e-42	163
AKH87503.1	tr|K9JZ66|K9JZ66_ONOVI	30.882	340	210	10	25	344	14	348	2.50e-42	163
AKH87503.1	tr|A0A151UCD3|A0A151UCD3_CAJCA	31.395	344	209	8	417	744	21	353	2.80e-42	163
AKH87503.1	tr|A0A2G9G059|A0A2G9G059_9LAMI	29.766	299	191	7	449	738	33	321	3.20e-42	162
AKH87503.1	tr|A0A072UPY1|A0A072UPY1_MEDTR	28.490	351	219	9	27	367	26	354	3.28e-42	162
AKH87503.1	tr|A0A072UBZ7|A0A072UBZ7_MEDTR	32.822	326	183	6	429	733	42	352	3.35e-42	163
AKH87503.1	tr|A0A484KP04|A0A484KP04_9ASTE	34.356	326	183	7	22	334	73	380	3.52e-42	164
AKH87503.1	sp|Q9SQ80|G2OX1_PEA	33.106	293	183	8	449	736	20	304	3.58e-42	161
AKH87503.1	sp|O04707|GAO1A_WHEAT	31.006	358	206	8	417	751	4	343	3.69e-42	162
AKH87503.1	sp|Q9XFR9|G2OX2_ARATH	33.861	316	193	7	430	736	4	312	3.80e-42	162
AKH87503.1	tr|B9S2R1|B9S2R1_RICCO	36.271	295	175	4	466	753	55	343	3.87e-42	162
AKH87503.1	tr|G1UH76|G1UH76_9ASTE	34.076	314	184	8	454	755	37	339	4.05e-42	162
AKH87503.1	tr|A0A2G9HYM0|A0A2G9HYM0_9LAMI	30.100	299	190	7	449	738	33	321	4.65e-42	161
AKH87503.1	tr|G9MDE9|G9MDE9_IPOCC	34.076	314	184	8	454	755	37	339	4.76e-42	162
AKH87503.1	tr|A0A151TBQ1|A0A151TBQ1_CAJCA	30.824	279	182	5	473	749	20	289	4.87e-42	160
AKH87503.1	tr|A0A0G3FKU4|A0A0G3FKU4_VACCO	35.039	254	156	6	74	323	66	314	5.79e-42	161
AKH87503.1	tr|A9P1U0|A9P1U0_PICSI	34.629	283	164	7	454	724	45	318	5.95e-42	162
AKH87503.1	tr|A0A1L1ZLV6|A0A1L1ZLV6_CARTI	27.324	355	238	7	408	755	7	348	5.98e-42	161
AKH87503.1	tr|B9RJR8|B9RJR8_RICCO	32.070	343	208	9	21	352	7	335	6.58e-42	161
AKH87503.1	tr|A0A0B2RDB6|A0A0B2RDB6_GLYSO	32.192	292	185	9	450	736	20	303	7.35e-42	160
AKH87503.1	tr|A0A151UEM2|A0A151UEM2_CAJCA	32.110	327	201	9	427	743	22	337	7.38e-42	161
AKH87503.1	tr|A0A072TR49|A0A072TR49_MEDTR	28.254	315	208	6	30	334	34	340	7.47e-42	162
AKH87503.1	tr|A0A484KRL6|A0A484KRL6_9ASTE	32.326	331	184	7	453	750	26	349	7.84e-42	161
AKH87503.1	tr|A0A2I0AWZ4|A0A2I0AWZ4_9ASPA	30.952	294	188	6	454	738	53	340	8.12e-42	161
AKH87503.1	tr|G7J6V4|G7J6V4_MEDTR	33.043	345	194	11	30	357	35	359	8.36e-42	161
AKH87503.1	tr|A0A481V8E6|A0A481V8E6_PICAB	34.629	283	164	7	454	724	45	318	8.38e-42	161
AKH87503.1	tr|A0A2G9GHQ2|A0A2G9GHQ2_9LAMI	28.909	339	219	9	411	738	11	338	9.50e-42	161
AKH87503.1	sp|O04706|GAO1B_WHEAT	30.726	358	207	8	417	751	4	343	9.55e-42	161
AKH87503.1	tr|D5LHU3|D5LHU3_IPONI	32.119	302	192	8	456	752	25	318	1.04e-41	160
AKH87503.1	tr|D2DFB1|D2DFB1_MEDTR	33.557	298	180	6	456	742	39	329	1.06e-41	161
AKH87503.1	tr|G7L9H5|G7L9H5_MEDTR	32.476	311	194	7	431	731	27	331	1.06e-41	161
AKH87503.1	tr|G7JMI9|G7JMI9_MEDTR	34.256	289	168	6	469	742	51	332	1.10e-41	160
AKH87503.1	sp|Q8LEA2|G2OX1_ARATH	30.915	317	200	6	446	752	8	315	1.21e-41	160
AKH87503.1	tr|G7K0H8|G7K0H8_MEDTR	28.869	336	223	8	411	739	5	331	1.21e-41	160
AKH87503.1	sp|Q7XZQ6|FLS_PETCR	29.814	322	212	6	427	740	16	331	1.25e-41	160
AKH87503.1	tr|A0A0A0P1Q1|A0A0A0P1Q1_9ROSA	33.871	310	182	8	455	752	39	337	1.56e-41	160
AKH87503.1	tr|A0A0B2STA0|A0A0B2STA0_GLYSO	30.743	296	192	8	449	739	20	307	1.62e-41	159
AKH87503.1	tr|A0A328E5D1|A0A328E5D1_9ASTE	33.542	319	180	11	53	352	71	376	1.64e-41	161
AKH87503.1	sp|Q9XHG2|FLS_MALDO	31.788	302	192	6	52	343	40	337	1.65e-41	160
AKH87503.1	sp|Q07512|FLS_PETHY	32.333	300	190	8	52	343	54	348	1.76e-41	160
AKH87503.1	sp|Q9XG83|G2OX_PHACN	33.866	313	176	10	442	742	22	315	1.81e-41	159
AKH87503.1	tr|A0A076U8J8|A0A076U8J8_9MARC	34.395	314	185	7	454	750	52	361	1.90e-41	160
AKH87503.1	tr|A0A328E9A1|A0A328E9A1_9ASTE	31.003	329	203	7	415	726	10	331	1.93e-41	161
AKH87503.1	tr|A0A5B6ZBA4|A0A5B6ZBA4_DAVIN	33.446	296	174	7	454	738	58	341	2.05e-41	160
AKH87503.1	tr|F2VR50|F2VR50_PRUAV	31.579	304	190	7	451	740	46	345	2.27e-41	160
AKH87503.1	tr|A0A5B7AQ02|A0A5B7AQ02_DAVIN	34.532	278	167	4	465	733	9	280	2.39e-41	157
AKH87503.1	tr|A0A0B2PNI0|A0A0B2PNI0_GLYSO	32.491	277	177	5	456	726	41	313	2.40e-41	159
AKH87503.1	tr|A0A072TPR3|A0A072TPR3_MEDTR	32.323	297	181	8	456	739	27	316	2.52e-41	159
AKH87503.1	tr|A0A2P6PHX5|A0A2P6PHX5_ROSCH	31.902	326	201	9	25	339	23	338	2.64e-41	160
AKH87503.1	tr|A0A072UFL7|A0A072UFL7_MEDTR	29.552	335	218	7	411	738	5	328	2.99e-41	159
AKH87503.1	tr|A0A3G2BZ47|A0A3G2BZ47_FAGTA	32.881	295	180	7	454	738	36	322	3.41e-41	159
AKH87503.1	tr|A0A5B7BF16|A0A5B7BF16_DAVIN	33.333	297	189	5	52	343	42	334	3.48e-41	159
AKH87503.1	tr|A0A151ST42|A0A151ST42_CAJCA	33.239	355	190	10	429	756	36	370	4.25e-41	160
AKH87503.1	tr|A0A396JBY5|A0A396JBY5_MEDTR	29.102	323	211	6	426	739	50	363	4.25e-41	160
AKH87503.1	tr|R9WNJ0|R9WNJ0_9ROSI	32.997	297	190	5	52	343	40	332	4.36e-41	158
AKH87503.1	tr|A0A5B6Z0U5|A0A5B6Z0U5_DAVIN	32.133	361	209	12	13	352	24	369	4.39e-41	160
AKH87503.1	tr|A0A166P303|A0A166P303_IPOBA	33.546	313	185	8	452	752	36	337	4.70e-41	159
AKH87503.1	tr|A0A1P7XNA6|A0A1P7XNA6_LYCRD	31.579	304	189	8	453	740	42	342	4.94e-41	159
AKH87503.1	tr|A0A2P6PHV9|A0A2P6PHV9_ROSCH	30.448	335	193	12	427	742	27	340	5.13e-41	159
AKH87503.1	tr|A0A484MCY2|A0A484MCY2_9ASTE	32.095	296	193	5	52	343	44	335	5.23e-41	158
AKH87503.1	sp|P0C5H5|GAOX2_ORYSI	34.503	342	188	10	423	745	35	359	5.46e-41	160
AKH87503.1	sp|Q0JH50|GAOX2_ORYSJ	34.503	342	188	10	423	745	35	359	5.46e-41	160
AKH87503.1	tr|A0A2P6RIL7|A0A2P6RIL7_ROSCH	32.056	287	179	6	455	731	50	330	5.85e-41	159
AKH87503.1	tr|A0A5B7BWV1|A0A5B7BWV1_DAVIN	32.845	341	206	10	411	739	44	373	6.15e-41	160
AKH87503.1	tr|A0A151SK66|A0A151SK66_CAJCA	32.028	281	175	6	52	323	40	313	6.42e-41	158
AKH87503.1	tr|A9YTE0|A9YTE0_PRUPE	30.921	304	192	7	451	740	46	345	7.11e-41	159
AKH87503.1	tr|A0A2G9GGS2|A0A2G9GGS2_9LAMI	28.107	338	223	8	411	738	11	338	7.63e-41	158
AKH87503.1	tr|A0A484LX66|A0A484LX66_9ASTE	33.882	304	187	9	456	752	30	326	8.00e-41	158
AKH87503.1	tr|K9K0H5|K9K0H5_ONOVI	31.788	302	196	5	444	742	36	330	8.10e-41	159
AKH87503.1	tr|A0A2P6Q995|A0A2P6Q995_ROSCH	32.082	293	180	9	456	736	29	314	8.29e-41	158
AKH87503.1	tr|A0A0B2QNL6|A0A0B2QNL6_GLYSO	32.710	321	179	7	456	752	8	315	9.29e-41	157
AKH87503.1	tr|C0LUV3|C0LUV3_SOLTU	29.412	323	213	7	427	740	30	346	9.37e-41	158
AKH87503.1	tr|G7J3J7|G7J3J7_MEDTR	29.299	314	213	5	25	333	12	321	9.46e-41	157
AKH87503.1	sp|Q9S818|FL3H_ARATH	31.692	325	197	8	454	761	36	352	9.51e-41	158
AKH87503.1	tr|B9RXC5|B9RXC5_RICCO	32.000	325	201	7	427	739	17	333	9.64e-41	158
AKH87503.1	tr|A0A5B7C5W7|A0A5B7C5W7_DAVIN	33.550	307	173	7	466	756	78	369	9.75e-41	159
AKH87503.1	tr|G7K0G4|G7K0G4_MEDTR	29.375	320	209	8	427	738	21	331	1.04e-40	158
AKH87503.1	tr|A0A2I0AS59|A0A2I0AS59_9ASPA	33.628	339	199	7	30	351	49	378	1.07e-40	159
AKH87503.1	tr|B9S9D6|B9S9D6_RICCO	31.646	395	215	15	2	370	7	372	1.15e-40	160
AKH87503.1	tr|A0A7C9DTM1|A0A7C9DTM1_OPUST	34.783	299	180	8	449	739	69	360	1.16e-40	159
AKH87503.1	tr|B9RDH3|B9RDH3_RICCO	30.588	340	218	4	424	751	44	377	1.20e-40	159
AKH87503.1	tr|Q8L8C8|Q8L8C8_SOLTU	32.581	310	188	7	454	752	35	334	1.24e-40	158
AKH87503.1	tr|A0A2Z4N999|A0A2Z4N999_SALMI	32.407	324	201	7	433	753	33	341	1.26e-40	157
AKH87503.1	tr|A0A7D7AY80|A0A7D7AY80_IPOBA	33.762	311	183	8	454	752	38	337	1.35e-40	158
AKH87503.1	tr|G1UH75|G1UH75_IPOQU	33.441	311	184	8	454	752	37	336	1.36e-40	158
