AAD41314.1	tr|A0A5B9T7B3|A0A5B9T7B3_SORHL	100.000	506	0	0	14538	15043	1	506	0.0	1025
AAD41314.1	tr|C5Z3D1|C5Z3D1_SORBI	99.407	506	3	0	14538	15043	1	506	0.0	1020
AAD41314.1	tr|A0A1D6NVZ6|A0A1D6NVZ6_MAIZE	95.210	501	17	3	14545	15043	11	506	0.0	917
AAD41314.1	tr|A0A3L6D9R8|A0A3L6D9R8_MAIZE	95.210	501	17	3	14545	15043	11	506	0.0	915
AAD41314.1	tr|H6T5X1|H6T5X1_SORHL	100.000	444	0	0	3820	4263	1	444	0.0	905
AAD41314.1	tr|H6T5X2|H6T5X2_SORHL	100.000	444	0	0	3306	3749	1	444	0.0	904
AAD41314.1	tr|V5NFH4|V5NFH4_SORHL	100.000	445	0	0	2791	3235	1	445	0.0	900
AAD41314.1	tr|O24566|O24566_MAIZE	99.099	444	4	0	3306	3749	1	444	0.0	898
AAD41314.1	tr|Q95AK0|Q95AK0_ELEIN	97.303	445	11	1	3306	3749	1	445	0.0	883
AAD41314.1	tr|A0A1E5W859|A0A1E5W859_9POAL	91.602	512	33	6	14538	15043	1	508	0.0	882
AAD41314.1	tr|G8FH00|G8FH00_ELEIN	97.291	443	11	1	3308	3749	1	443	0.0	879
AAD41314.1	tr|Q95AK1|Q95AK1_ELEIN	96.854	445	13	1	3306	3749	1	445	0.0	877
AAD41314.1	tr|A0AR18|A0AR18_ELEIN	96.854	445	13	1	3306	3749	1	445	0.0	877
AAD41314.1	tr|G8FH01|G8FH01_ELEIN	97.065	443	12	1	3308	3749	1	443	0.0	876
AAD41314.1	tr|A0AR17|A0AR17_ELEIN	96.629	445	14	1	3306	3749	1	445	0.0	876
AAD41314.1	tr|A0A089WYN0|A0A089WYN0_ELEIN	96.629	445	14	1	3306	3749	1	445	0.0	875
AAD41314.1	tr|A0A5J9TN54|A0A5J9TN54_9POAL	91.849	503	32	4	14548	15043	14	514	0.0	872
AAD41314.1	tr|I1H1V3|I1H1V3_BRADI	95.249	442	21	0	2794	3235	69	510	0.0	870
AAD41314.1	tr|A0A3L6PJ42|A0A3L6PJ42_PANMI	91.389	511	35	4	14538	15043	1	507	0.0	868
AAD41314.1	tr|A0A2T7E3E4|A0A2T7E3E4_9POAL	90.802	511	40	4	14538	15043	1	509	0.0	867
AAD41314.1	tr|Q3Y6S2|Q3Y6S2_LOLMU	96.796	437	14	0	2799	3235	1	437	0.0	867
AAD41314.1	tr|A0A5B9T5S8|A0A5B9T5S8_LOLRI	97.285	442	12	0	2794	3235	64	505	0.0	865
AAD41314.1	tr|A0A5B9T5W8|A0A5B9T5W8_LOLRI	97.285	442	12	0	2794	3235	64	505	0.0	864
AAD41314.1	tr|A0A2S3HM17|A0A2S3HM17_9POAL	91.211	512	35	5	14538	15043	1	508	0.0	862
AAD41314.1	tr|A0A3L6S0G6|A0A3L6S0G6_PANMI	91.252	503	34	4	14546	15043	11	508	0.0	857
AAD41314.1	tr|A0A453QJP6|A0A453QJP6_AEGTS	88.353	498	45	5	14553	15043	21	512	0.0	852
AAD41314.1	tr|A0A5B9T603|A0A5B9T603_BROTE	95.475	442	20	0	2794	3235	67	508	0.0	852
AAD41314.1	tr|A0A3B6TCN7|A0A3B6TCN7_WHEAT	95.281	445	21	0	2791	3235	66	510	0.0	850
AAD41314.1	tr|A0A0D3GCF5|A0A0D3GCF5_9ORYZ	95.034	443	22	0	2793	3235	67	509	0.0	850
AAD41314.1	tr|A0A4U6UXI9|A0A4U6UXI9_SETVI	91.218	501	33	4	14549	15043	15	510	0.0	849
AAD41314.1	tr|A0A0E0L7E6|A0A0E0L7E6_ORYPU	95.249	442	21	0	2794	3235	96	537	0.0	849
AAD41314.1	tr|A0A3B6R885|A0A3B6R885_WHEAT	95.475	442	20	0	2794	3235	69	510	0.0	848
AAD41314.1	tr|I1PZA1|I1PZA1_ORYGL	95.023	442	22	0	2794	3235	70	511	0.0	848
AAD41314.1	tr|A0A446RID0|A0A446RID0_TRITD	95.056	445	22	0	2791	3235	66	510	0.0	848
AAD41314.1	tr|A0A0E0A4L5|A0A0E0A4L5_9ORYZ	95.023	442	22	0	2794	3235	70	511	0.0	847
AAD41314.1	tr|A0A0E0PT33|A0A0E0PT33_ORYRU	95.023	442	22	0	2794	3235	74	515	0.0	847
AAD41314.1	tr|B5M6A1|B5M6A1_WHEAT	94.831	445	23	0	2791	3235	66	510	0.0	847
AAD41314.1	tr|A2Y8X9|A2Y8X9_ORYSI	95.023	442	22	0	2794	3235	74	515	0.0	847
AAD41314.1	tr|Q93VK6|Q93VK6_ORYSA	95.023	442	22	0	2794	3235	70	511	0.0	847
AAD41314.1	tr|A0A0E0HKI5|A0A0E0HKI5_ORYNI	95.023	442	22	0	2794	3235	74	515	0.0	847
AAD41314.1	tr|A0A0E0DW90|A0A0E0DW90_9ORYZ	95.023	442	22	0	2794	3235	74	515	0.0	847
AAD41314.1	tr|Q5VNW0|Q5VNW0_ORYSJ	95.023	442	22	0	2794	3235	74	515	0.0	847
AAD41314.1	tr|A0A446RIC4|A0A446RIC4_TRITD	95.056	445	22	0	2791	3235	70	514	0.0	847
AAD41314.1	tr|A0A446RID2|A0A446RID2_TRITD	95.056	445	22	0	2791	3235	71	515	0.0	847
AAD41314.1	tr|A0A0E0L7E8|A0A0E0L7E8_ORYPU	95.249	442	21	0	2794	3235	22	463	0.0	847
AAD41314.1	tr|A0A3B6U4K5|A0A3B6U4K5_WHEAT	95.056	445	22	0	2791	3235	71	515	0.0	847
AAD41314.1	tr|A0A0E0L7E7|A0A0E0L7E7_ORYPU	95.249	442	21	0	2794	3235	58	499	0.0	847
AAD41314.1	tr|A0A446WZV3|A0A446WZV3_TRITD	95.475	442	20	0	2794	3235	69	510	0.0	847
AAD41314.1	tr|A0A0D9WLG7|A0A0D9WLG7_9ORYZ	95.227	440	21	0	2796	3235	71	510	0.0	844
AAD41314.1	tr|A0A0P0K3B8|A0A0P0K3B8_WHEAT	95.249	442	21	0	2794	3235	69	510	0.0	843
AAD41314.1	tr|A0A6G1CPC4|A0A6G1CPC4_9ORYZ	94.545	440	24	0	2796	3235	68	507	0.0	835
AAD41314.1	tr|A0A368QQK4|A0A368QQK4_SETIT	90.020	501	30	6	14549	15043	15	501	0.0	830
AAD41314.1	tr|K3XWI8|K3XWI8_SETIT	90.020	501	30	6	14549	15043	12	498	0.0	830
AAD41314.1	tr|W0FFD6|W0FFD6_MUSAC	81.984	494	80	4	14559	15043	21	514	0.0	808
AAD41314.1	tr|A0A6I9RYL5|A0A6I9RYL5_ELAGV	88.488	443	50	1	3308	3749	80	522	0.0	808
AAD41314.1	tr|M0U232|M0U232_MUSAM	79.457	516	90	5	14544	15043	3	518	0.0	807
AAD41314.1	tr|A0A0A1C3J0|A0A0A1C3J0_ELEIN	98.015	403	7	1	3348	3749	1	403	0.0	807
AAD41314.1	tr|A0A4S8IKF3|A0A4S8IKF3_MUSBA	82.186	494	79	4	14559	15043	25	518	0.0	807
AAD41314.1	tr|A0A1U8ABI8|A0A1U8ABI8_NELNU	85.714	462	64	2	14583	15043	65	525	0.0	805
AAD41314.1	tr|A0A0A1C3V2|A0A0A1C3V2_ELEIN	97.519	403	9	1	3348	3749	1	403	0.0	803
AAD41314.1	tr|A0A0A1C4R9|A0A0A1C4R9_ELEIN	97.519	403	9	1	3348	3749	1	403	0.0	801
AAD41314.1	tr|A0A2U1MP09|A0A2U1MP09_ARTAN	87.075	441	56	1	3310	3749	76	516	0.0	792
AAD41314.1	tr|A3B841|A3B841_ORYSJ	90.045	442	35	1	2794	3235	74	506	0.0	791
AAD41314.1	tr|A0A2I0WBU8|A0A2I0WBU8_9ASPA	87.045	440	56	1	3310	3748	89	528	0.0	790
AAD41314.1	tr|A0A2U1QK72|A0A2U1QK72_ARTAN	87.045	440	56	1	3310	3748	74	513	0.0	790
AAD41314.1	tr|M0S4R3|M0S4R3_MUSAM	85.593	472	61	3	14579	15043	47	518	0.0	790
AAD41314.1	tr|A0A6P5GNZ8|A0A6P5GNZ8_ANACO	81.637	501	85	3	14550	15043	20	520	0.0	789
AAD41314.1	tr|A0A199UTR0|A0A199UTR0_ANACO	81.637	501	85	3	14550	15043	20	520	0.0	788
AAD41314.1	tr|A0A4S8I8K9|A0A4S8I8K9_MUSBA	85.381	472	62	3	14579	15043	47	518	0.0	788
AAD41314.1	tr|A0A126SNX5|A0A126SNX5_9POAL	86.818	440	57	1	3310	3748	74	513	0.0	787
AAD41314.1	tr|A0A287VK38|A0A287VK38_HORVV	95.833	408	17	0	2828	3235	20	427	0.0	786
AAD41314.1	tr|A0A2H3YUT8|A0A2H3YUT8_PHODC	84.245	457	71	1	14588	15043	66	522	0.0	786
AAD41314.1	tr|A0A089VH80|A0A089VH80_9POAL	86.818	440	57	1	3310	3748	69	508	0.0	786
AAD41314.1	tr|A0A140DN07|A0A140DN07_9POAL	86.591	440	58	1	3310	3748	75	514	0.0	786
AAD41314.1	tr|A0A2P6SFY3|A0A2P6SFY3_ROSCH	83.011	465	74	3	14581	15043	60	521	0.0	785
AAD41314.1	tr|A0A2I4DKQ7|A0A2I4DKQ7_JUGRE	83.700	454	73	1	14591	15043	69	522	0.0	785
AAD41314.1	tr|A0A140DN06|A0A140DN06_9POAL	86.364	440	59	1	3310	3748	74	513	0.0	783
AAD41314.1	tr|A0A2H9ZZR4|A0A2H9ZZR4_9ASPA	82.833	466	78	2	14578	15042	61	525	0.0	782
AAD41314.1	tr|A0A345N8Y2|A0A345N8Y2_9ASTR	84.375	448	69	1	3302	3748	72	519	0.0	782
AAD41314.1	tr|Q30CZ8|Q30CZ8_FAGSY	85.034	441	65	1	3310	3749	80	520	0.0	781
AAD41314.1	tr|A0A345N8W8|A0A345N8W8_9ASTR	83.742	449	72	1	3302	3749	75	523	0.0	781
AAD41314.1	tr|F5A529|F5A529_ELEIN	97.698	391	8	1	3360	3749	1	391	0.0	781
AAD41314.1	tr|A0A345N8X4|A0A345N8X4_9ASTR	84.375	448	69	1	3302	3748	72	519	0.0	781
AAD41314.1	tr|A0A345N8W9|A0A345N8W9_9ASTR	83.742	449	72	1	3302	3749	75	523	0.0	781
AAD41314.1	tr|A0A0P0KT88|A0A0P0KT88_WHEAT	95.332	407	19	0	2829	3235	1	407	0.0	781
AAD41314.1	tr|A0A345N8Y0|A0A345N8Y0_9ASTR	84.375	448	69	1	3302	3748	72	519	0.0	781
AAD41314.1	tr|A0A345N8X0|A0A345N8X0_9ASTR	83.742	449	72	1	3302	3749	75	523	0.0	780
AAD41314.1	tr|G4U4J5|G4U4J5_CONCD	83.742	449	72	1	3302	3749	75	523	0.0	780
AAD41314.1	tr|A0A089VKV2|A0A089VKV2_9POAL	87.327	434	54	1	3310	3742	60	493	0.0	780
AAD41314.1	tr|A0A089VFD1|A0A089VFD1_9POAL	87.327	434	54	1	3310	3742	59	492	0.0	780
AAD41314.1	tr|A0A345N8Y1|A0A345N8Y1_9ASTR	83.929	448	71	1	3302	3748	72	519	0.0	779
AAD41314.1	tr|A0A059CIR5|A0A059CIR5_EUCGR	85.584	437	62	1	3310	3745	73	509	0.0	779
AAD41314.1	tr|Q6E6L4|Q6E6L4_CONCD	83.519	449	73	1	3302	3749	75	523	0.0	779
AAD41314.1	tr|A0A172QP98|A0A172QP98_FRAAN	82.189	466	78	3	14580	15043	58	520	0.0	779
AAD41314.1	tr|M1K439|M1K439_AMAPA	83.700	454	73	1	14591	15043	57	510	0.0	779
AAD41314.1	tr|A0A6P6AZB2|A0A6P6AZB2_DURZI	82.468	462	77	2	14586	15043	60	521	0.0	778
AAD41314.1	tr|F5A530|F5A530_ELEIN	97.698	391	8	1	3360	3749	1	391	0.0	778
AAD41314.1	tr|A0A0P0KDX1|A0A0P0KDX1_WHEAT	95.086	407	20	0	2829	3235	1	407	0.0	778
AAD41314.1	tr|M1K5H3|M1K5H3_AMAPA	83.480	454	74	1	14591	15043	57	510	0.0	778
AAD41314.1	tr|A0A142K487|A0A142K487_AMARE	83.480	454	74	1	14591	15043	25	478	0.0	778
AAD41314.1	tr|A0A089VLU1|A0A089VLU1_9POAL	87.500	432	53	1	3310	3740	59	490	0.0	778
AAD41314.1	tr|A0A6I9SCZ8|A0A6I9SCZ8_ELAGV	79.880	502	92	4	14551	15043	21	522	0.0	777
AAD41314.1	tr|A0A089X599|A0A089X599_9POAL	83.047	466	73	2	14570	15034	31	491	0.0	777
AAD41314.1	tr|C8YXI6|C8YXI6_AMAPA	83.260	454	75	1	14591	15043	65	518	0.0	777
AAD41314.1	tr|D2CIU2|D2CIU2_9ASTR	84.615	442	67	1	3309	3749	5	446	0.0	777
AAD41314.1	tr|A0A142K486|A0A142K486_AMAVI	83.260	454	75	1	14591	15043	64	517	0.0	777
AAD41314.1	tr|C8YXI5|C8YXI5_AMAPA	83.260	454	75	1	14591	15043	65	518	0.0	777
AAD41314.1	tr|D2CIU6|D2CIU6_9ASTR	85.294	442	64	1	3309	3749	5	446	0.0	776
AAD41314.1	tr|A0A6L5B9B8|A0A6L5B9B8_APIGR	80.819	464	86	2	14583	15043	62	525	0.0	776
AAD41314.1	tr|A0A2R6RCQ6|A0A2R6RCQ6_ACTCC	87.755	441	53	1	3310	3749	82	522	0.0	775
AAD41314.1	tr|A0A2H3ZFH7|A0A2H3ZFH7_PHODC	80.855	491	89	2	14556	15042	31	520	0.0	775
AAD41314.1	tr|A8YTA7|A8YTA7_9ASTR	84.842	442	66	1	3309	3749	5	446	0.0	775
AAD41314.1	tr|C8YYL6|C8YYL6_AMATU	82.599	454	78	1	14591	15043	65	518	0.0	774
AAD41314.1	tr|D3JPP9|D3JPP9_9POAL	96.931	391	11	1	3360	3749	1	391	0.0	773
AAD41314.1	tr|A0A7C9CHK7|A0A7C9CHK7_OPUST	82.468	462	77	2	14583	15043	60	518	0.0	773
AAD41314.1	tr|D2CIU7|D2CIU7_9ASTR	85.068	442	65	1	3309	3749	5	446	0.0	773
AAD41314.1	tr|C8YYL7|C8YYL7_AMATU	82.819	454	77	1	14591	15043	65	518	0.0	773
AAD41314.1	tr|A0A6I9SBM8|A0A6I9SBM8_ELAGV	79.563	504	92	5	14551	15043	21	524	0.0	772
AAD41314.1	tr|A0A0K9RIA3|A0A0K9RIA3_SPIOL	80.819	464	88	1	14581	15043	51	514	0.0	772
AAD41314.1	tr|A0A0E0DW91|A0A0E0DW91_9ORYZ	90.888	439	21	1	2794	3232	74	493	0.0	771
AAD41314.1	tr|A0A166FFB0|A0A166FFB0_DAUCS	80.603	464	87	2	14583	15043	62	525	0.0	771
AAD41314.1	tr|D3JPQ0|D3JPQ0_9POAL	96.419	391	13	1	3360	3749	1	391	0.0	769
AAD41314.1	tr|A0A2I6QQM5|A0A2I6QQM5_PHRAU	95.908	391	15	1	3360	3749	1	391	0.0	769
AAD41314.1	tr|A0A200R9Y2|A0A200R9Y2_9MAGN	85.022	454	67	1	14591	15043	67	520	0.0	768
AAD41314.1	tr|A0A2G9H2R6|A0A2G9H2R6_9LAMI	83.913	460	70	2	14585	15043	63	519	0.0	768
AAD41314.1	tr|A0A078J1K1|A0A078J1K1_BRANA	76.735	490	111	2	14557	15043	26	515	0.0	768
AAD41314.1	tr|A0A5S9X766|A0A5S9X766_ARATH	79.614	466	94	1	14579	15043	55	520	0.0	767
AAD41314.1	tr|A0A2R6QPH7|A0A2R6QPH7_ACTCC	83.226	465	74	2	14580	15043	61	522	0.0	767
AAD41314.1	tr|A0A142K488|A0A142K488_AMABL	82.340	453	80	0	14591	15043	25	477	0.0	767
AAD41314.1	tr|A0A2R6R6G0|A0A2R6R6G0_ACTCC	79.878	492	96	2	14555	15043	21	512	0.0	767
AAD41314.1	sp|P05466|AROA_ARATH	79.614	466	94	1	14579	15043	55	520	0.0	767
AAD41314.1	tr|A0A1J3E0I6|A0A1J3E0I6_NOCCA	77.439	492	105	3	14556	15043	38	527	0.0	767
AAD41314.1	tr|A0A0N7E509|A0A0N7E509_9ASPA	83.913	460	73	1	14585	15043	57	516	0.0	766
AAD41314.1	tr|A0A0K9NRE7|A0A0K9NRE7_ZOSMR	83.186	452	73	2	14594	15043	65	515	0.0	766
AAD41314.1	tr|A0A1P8B1E5|A0A1P8B1E5_ARATH	79.526	464	94	1	14579	15041	55	518	0.0	766
AAD41314.1	tr|Q1M157|Q1M157_CAMAC	86.621	441	58	1	3310	3749	79	519	0.0	766
AAD41314.1	tr|A0A3G9EL19|A0A3G9EL19_9LILI	77.867	497	106	3	14551	15043	16	512	0.0	765
AAD41314.1	tr|A0A1J3HBZ8|A0A1J3HBZ8_NOCCA	77.439	492	105	3	14556	15043	38	527	0.0	765
AAD41314.1	tr|A0A2Z7CLX6|A0A2Z7CLX6_9LAMI	84.071	452	71	1	14590	15040	64	515	0.0	765
AAD41314.1	tr|Q946V0|Q946V0_9LAMI	82.863	461	77	2	14581	15040	54	513	0.0	765
AAD41314.1	tr|A0A5J4ZAW2|A0A5J4ZAW2_9ASTE	80.213	470	79	3	14587	15042	1006	1475	0.0	764
AAD41314.1	tr|A0A654F3G7|A0A654F3G7_ARATH	79.399	466	95	1	14579	15043	55	520	0.0	764
AAD41314.1	tr|A0A2G3AHD0|A0A2G3AHD0_CAPAN	79.787	470	88	2	14575	15043	58	521	0.0	764
AAD41314.1	tr|A0A1U8GVU4|A0A1U8GVU4_CAPAN	79.787	470	88	2	14575	15043	58	521	0.0	764
AAD41314.1	tr|A0A1J3J5B9|A0A1J3J5B9_NOCCA	77.236	492	106	3	14556	15043	38	527	0.0	764
AAD41314.1	tr|D0VBC7|D0VBC7_VITVI	82.030	473	81	2	14572	15043	52	521	0.0	763
AAD41314.1	tr|A0A1J3F4M4|A0A1J3F4M4_NOCCA	77.236	492	106	3	14556	15043	38	527	0.0	763
AAD41314.1	tr|A0A178VT19|A0A178VT19_ARATH	79.185	466	96	1	14579	15043	55	520	0.0	763
AAD41314.1	tr|A0A0N9BED7|A0A0N9BED7_LIRMU	83.807	457	73	1	14585	15040	59	515	0.0	763
AAD41314.1	tr|A0A2G3DDT4|A0A2G3DDT4_CAPCH	79.574	470	89	2	14575	15043	58	521	0.0	763
AAD41314.1	tr|A0A0N9BED5|A0A0N9BED5_9ASPA	83.807	457	73	1	14585	15040	59	515	0.0	763
AAD41314.1	tr|Q946U9|Q946U9_9LAMI	84.547	453	67	3	14590	15040	62	513	0.0	763
AAD41314.1	tr|A0A2J6KQQ6|A0A2J6KQQ6_LACSA	81.915	470	83	2	14576	15043	49	518	0.0	762
AAD41314.1	tr|A0A2G5E2Q7|A0A2G5E2Q7_AQUCA	86.364	440	59	1	3310	3748	86	525	0.0	762
AAD41314.1	tr|A0A2P5CCC8|A0A2P5CCC8_TREOI	82.543	464	80	1	14581	15043	62	525	0.0	762
AAD41314.1	tr|G1FBT6|G1FBT6_CAPAN	81.319	455	84	1	14590	15043	62	516	0.0	762
AAD41314.1	tr|A0A6A4LV35|A0A6A4LV35_9ERIC	87.133	443	56	1	3308	3749	70	512	0.0	762
AAD41314.1	tr|W9RXC5|W9RXC5_9ROSA	82.969	458	77	1	3293	3749	68	525	0.0	761
AAD41314.1	tr|Q6E6L5|Q6E6L5_CONCD	76.803	513	115	3	14535	15043	7	519	0.0	761
AAD41314.1	tr|A0A2P5ADN8|A0A2P5ADN8_PARAD	83.772	456	70	2	14589	15043	73	525	0.0	761
AAD41314.1	tr|D2CIU4|D2CIU4_9ASTR	85.714	441	62	1	3310	3749	6	446	0.0	761
AAD41314.1	tr|A0A2G2XNQ6|A0A2G2XNQ6_CAPBA	79.362	470	90	2	14575	15043	58	521	0.0	761
AAD41314.1	tr|A0A251S0N3|A0A251S0N3_HELAN	82.863	461	76	2	14585	15042	57	517	0.0	761
AAD41314.1	tr|A0A3S3MQP3|A0A3S3MQP3_9MAGN	79.675	492	88	2	3256	3746	35	515	0.0	761
AAD41314.1	tr|D2CIU5|D2CIU5_9ASTR	85.714	441	62	1	3310	3749	6	446	0.0	761
AAD41314.1	tr|H6U643|H6U643_9ASTR	78.226	496	97	3	14559	15043	25	520	0.0	761
AAD41314.1	tr|A0A5B7ANL6|A0A5B7ANL6_DAVIN	82.974	464	75	2	14580	15042	61	521	0.0	760
AAD41314.1	tr|A0A6A4PNT7|A0A6A4PNT7_LUPAL	81.799	467	81	2	14578	15043	62	525	0.0	759
AAD41314.1	tr|A0A4P8PSL9|A0A4P8PSL9_AMBAR	80.550	473	91	1	14571	15042	39	511	0.0	759
AAD41314.1	tr|G4U4J4|G4U4J4_CONCD	76.998	513	114	3	14535	15043	7	519	0.0	759
AAD41314.1	tr|A0A345N8V8|A0A345N8V8_9ASTR	76.998	513	114	3	14535	15043	7	519	0.0	759
AAD41314.1	tr|M5X3W8|M5X3W8_PRUPE	83.333	462	72	3	14586	15043	64	524	0.0	759
AAD41314.1	tr|A0A251V1I3|A0A251V1I3_HELAN	86.395	441	59	1	3310	3749	69	509	0.0	759
AAD41314.1	tr|A0A371FL00|A0A371FL00_MUCPR	81.941	443	80	0	2793	3235	83	525	0.0	759
AAD41314.1	tr|A0A5D2WSS2|A0A5D2WSS2_GOSMU	82.581	465	78	2	14580	15043	59	521	0.0	758
AAD41314.1	tr|A0A6S7N1K5|A0A6S7N1K5_LACSI	82.969	458	77	1	14583	15039	56	513	0.0	758
AAD41314.1	tr|A0A5N6QG01|A0A5N6QG01_9ROSI	77.465	497	100	2	14559	15043	25	521	0.0	758
AAD41314.1	tr|A7Y7Y2|A7Y7Y2_GOSHI	82.581	465	78	2	14580	15043	59	521	0.0	758
AAD41314.1	tr|A0A5D2E8P9|A0A5D2E8P9_GOSDA	82.581	465	78	2	14580	15043	59	521	0.0	758
AAD41314.1	tr|A0A5J5T9R9|A0A5J5T9R9_GOSBA	82.581	465	78	2	14580	15043	59	521	0.0	758
AAD41314.1	tr|A0A6P4AJ93|A0A6P4AJ93_ZIZJJ	86.364	440	59	1	3310	3748	86	525	0.0	758
AAD41314.1	tr|A0A1J7H2T7|A0A1J7H2T7_LUPAN	81.545	466	83	1	14578	15043	62	524	0.0	758
AAD41314.1	tr|A0A345N8V7|A0A345N8V7_9ASTR	76.803	513	115	3	14535	15043	7	519	0.0	758
AAD41314.1	tr|A0A345N8V9|A0A345N8V9_9ASTR	76.803	513	115	3	14535	15043	7	519	0.0	758
AAD41314.1	tr|A0A345N8U8|A0A345N8U8_9ASTR	76.803	513	115	3	14535	15043	7	519	0.0	758
AAD41314.1	tr|A0A6P8DN04|A0A6P8DN04_PUNGR	84.127	441	69	1	3310	3749	82	522	0.0	758
AAD41314.1	tr|D2CIU3|D2CIU3_9ASTR	85.488	441	63	1	3310	3749	6	446	0.0	758
AAD41314.1	tr|A0A1U8N867|A0A1U8N867_GOSHI	82.366	465	79	2	14580	15043	59	521	0.0	758
AAD41314.1	tr|A0A6J1E9L2|A0A6J1E9L2_CUCMO	82.803	471	75	3	14577	15043	60	528	0.0	758
AAD41314.1	tr|A0A1Q3CEV3|A0A1Q3CEV3_CEPFO	83.973	443	70	1	3308	3749	78	520	0.0	758
AAD41314.1	tr|A0A4S4DR40|A0A4S4DR40_CAMSI	81.316	471	84	2	14574	15043	116	583	0.0	758
AAD41314.1	tr|A0A142J9E4|A0A142J9E4_TRITU	95.190	395	19	0	2841	3235	1	395	0.0	758
AAD41314.1	tr|A0A2P5WGR5|A0A2P5WGR5_GOSBA	82.581	465	78	2	14580	15043	59	521	0.0	758
AAD41314.1	tr|A0A6D2JXJ5|A0A6D2JXJ5_9BRAS	79.828	466	90	2	14582	15043	62	527	0.0	758
AAD41314.1	tr|A0A5N6NPZ5|A0A5N6NPZ5_9ASTR	84.598	448	68	1	3302	3748	70	517	0.0	758
AAD41314.1	tr|A0A5D3D3C3|A0A5D3D3C3_CUCME	82.489	474	76	3	14577	15043	53	526	0.0	757
AAD41314.1	tr|B2C1I9|B2C1I9_GOSHI	83.043	460	76	2	14586	15043	62	521	0.0	757
AAD41314.1	tr|A0A142J9E5|A0A142J9E5_TRIMO	95.190	395	19	0	2841	3235	1	395	0.0	757
AAD41314.1	tr|A0A142J9E7|A0A142J9E7_AEGTA	95.190	395	19	0	2841	3235	1	395	0.0	757
AAD41314.1	tr|A0A5D2MVQ5|A0A5D2MVQ5_GOSTO	83.043	460	76	2	14586	15043	62	521	0.0	756
AAD41314.1	tr|A0A345N8V1|A0A345N8V1_9ASTR	76.608	513	116	3	14535	15043	7	519	0.0	756
AAD41314.1	tr|A0A314ZJW2|A0A314ZJW2_PRUYE	83.117	462	73	3	14586	15043	64	524	0.0	756
AAD41314.1	tr|A0A067HD33|A0A067HD33_CITSI	82.353	459	80	1	14585	15042	60	518	0.0	756
AAD41314.1	tr|A0A0B0MKL1|A0A0B0MKL1_GOSAR	82.151	465	80	2	14580	15043	59	521	0.0	756
AAD41314.1	tr|A0A2H5NP74|A0A2H5NP74_CITUN	82.135	459	81	1	14585	15042	60	518	0.0	756
AAD41314.1	tr|A0A6P5RNW7|A0A6P5RNW7_PRUAV	82.900	462	74	3	14586	15043	64	524	0.0	756
AAD41314.1	tr|V4U8J1|V4U8J1_CITCL	82.135	459	81	1	14585	15042	60	518	0.0	756
AAD41314.1	tr|A0A142J9E6|A0A142J9E6_AEGSP	94.937	395	20	0	2841	3235	1	395	0.0	755
AAD41314.1	tr|A0A1J7IWW3|A0A1J7IWW3_LUPAN	83.077	455	73	2	14590	15043	16	467	0.0	755
AAD41314.1	tr|A0A6A5MWN1|A0A6A5MWN1_LUPAL	81.330	466	84	1	14578	15043	62	524	0.0	755
AAD41314.1	tr|A0A5D2SCP1|A0A5D2SCP1_GOSMU	82.826	460	77	2	14586	15043	62	521	0.0	755
AAD41314.1	tr|A0A1S3AVE7|A0A1S3AVE7_CUCME	82.278	474	77	3	14577	15043	53	526	0.0	754
AAD41314.1	tr|A0A6S7NS83|A0A6S7NS83_LACSI	82.035	462	81	2	14584	15043	57	518	0.0	754
AAD41314.1	tr|A0A6J1A1W0|A0A6J1A1W0_9ROSI	82.900	462	75	2	14586	15043	60	521	0.0	754
AAD41314.1	tr|A0A498JHI7|A0A498JHI7_MALDO	84.430	456	67	2	14586	15037	64	519	0.0	754
AAD41314.1	tr|A0A5A7U401|A0A5A7U401_CUCME	82.278	474	77	3	14577	15043	53	526	0.0	754
AAD41314.1	tr|A0A287VJQ7|A0A287VJQ7_HORVV	95.908	391	16	0	2845	3235	1	391	0.0	754
AAD41314.1	tr|A0A6J1FWK9|A0A6J1FWK9_CUCMO	78.926	503	88	5	14559	15043	24	526	0.0	754
AAD41314.1	tr|A0A0D2RDI7|A0A0D2RDI7_GOSRA	82.826	460	77	2	14586	15043	62	521	0.0	754
AAD41314.1	tr|A0A6I9TZG3|A0A6I9TZG3_SESIN	85.495	455	65	1	14590	15043	65	519	0.0	754
AAD41314.1	tr|A0A6J1IYT9|A0A6J1IYT9_CUCMA	82.803	471	75	3	14577	15043	60	528	0.0	753
AAD41314.1	tr|A0A5D2AA30|A0A5D2AA30_GOSDA	82.609	460	78	2	14586	15043	62	521	0.0	753
AAD41314.1	tr|A0A5J5NXG7|A0A5J5NXG7_GOSBA	82.609	460	78	2	14586	15043	62	521	0.0	753
AAD41314.1	sp|P11043|AROA_PETHY	83.628	452	73	1	14593	15043	65	516	0.0	753
AAD41314.1	tr|A0A6J1D1H2|A0A6J1D1H2_MOMCH	83.333	462	72	2	14587	15043	68	529	0.0	753
AAD41314.1	tr|A0A0A0L4E4|A0A0A0L4E4_CUCSA	82.278	474	77	3	14577	15043	53	526	0.0	753
AAD41314.1	tr|A0A5E4FH79|A0A5E4FH79_PRUDU	85.488	441	62	2	3310	3749	85	524	0.0	753
AAD41314.1	tr|A0A445E9D3|A0A445E9D3_ARAHY	83.664	453	73	1	14591	15042	73	525	0.0	752
AAD41314.1	tr|A0A5D2I9Q4|A0A5D2I9Q4_GOSTO	82.609	460	78	2	14586	15043	62	521	0.0	752
AAD41314.1	tr|A0A061DTZ2|A0A061DTZ2_THECC	82.684	462	76	2	14586	15043	60	521	0.0	752
AAD41314.1	tr|A0A445E6M8|A0A445E6M8_ARAHY	83.664	453	73	1	14591	15042	73	525	0.0	752
AAD41314.1	tr|A0A6J1IGL2|A0A6J1IGL2_CUCMA	78.926	503	88	5	14559	15043	24	526	0.0	751
AAD41314.1	tr|A8YTA6|A8YTA6_9ASTR	85.941	441	61	1	3310	3749	7	447	0.0	751
AAD41314.1	tr|A0A4Y7KMY3|A0A4Y7KMY3_PAPSO	82.174	460	74	2	3298	3749	75	534	0.0	751
AAD41314.1	tr|Q6E6L3|Q6E6L3_CONCD	81.069	449	84	1	3302	3749	6	454	0.0	751
AAD41314.1	tr|Q1KPV4|Q1KPV4_9ASPA	81.395	473	80	3	14579	15043	50	522	0.0	751
AAD41314.1	tr|A0A078HH62|A0A078HH62_BRANA	77.393	491	107	2	14557	15043	26	516	0.0	751
AAD41314.1	tr|A0A6J5WEC5|A0A6J5WEC5_PRUAR	82.251	462	77	3	14586	15043	64	524	0.0	750
AAD41314.1	tr|A0A5E4FCY7|A0A5E4FCY7_PRUDU	85.488	441	62	2	3310	3749	38	477	0.0	750
AAD41314.1	tr|A0A5N6LK10|A0A5N6LK10_9ASTR	79.749	479	94	3	14571	15047	42	519	0.0	750
AAD41314.1	tr|A0A397ZPX8|A0A397ZPX8_BRACM	77.189	491	108	2	14557	15043	26	516	0.0	749
AAD41314.1	tr|A8YTA8|A8YTA8_9ASTR	81.448	442	81	1	3309	3749	5	446	0.0	749
AAD41314.1	tr|A0A6P5ZW89|A0A6P5ZW89_DURZI	84.876	443	66	1	3308	3749	78	520	0.0	749
AAD41314.1	tr|A0A6P4CG93|A0A6P4CG93_ARADU	83.664	453	73	1	14591	15042	73	525	0.0	749
AAD41314.1	tr|A0A0D2QRR3|A0A0D2QRR3_GOSRA	85.553	443	63	1	3308	3749	79	521	0.0	749
AAD41314.1	tr|A0A1U8NX97|A0A1U8NX97_GOSHI	85.327	443	64	1	3308	3749	79	521	0.0	749
AAD41314.1	tr|A0A5B6UNE0|A0A5B6UNE0_9ROSI	85.553	443	63	1	3308	3749	79	521	0.0	749
AAD41314.1	tr|A0A5D2PTD5|A0A5D2PTD5_GOSTO	85.327	443	64	1	3308	3749	79	521	0.0	749
AAD41314.1	tr|A0A6P5ZWD4|A0A6P5ZWD4_DURZI	84.876	443	66	1	3308	3749	78	520	0.0	748
AAD41314.1	tr|A0A151UC41|A0A151UC41_CAJCA	81.758	455	82	1	14590	15043	71	525	0.0	748
AAD41314.1	tr|A0A0B0PQG1|A0A0B0PQG1_GOSAR	85.102	443	65	1	3308	3749	79	521	0.0	748
AAD41314.1	tr|A0A5C7I2M9|A0A5C7I2M9_9ROSI	84.340	447	63	2	3310	3749	79	525	0.0	748
AAD41314.1	tr|A0A5D2YPM1|A0A5D2YPM1_GOSMU	85.102	443	65	1	3308	3749	79	521	0.0	747
AAD41314.1	tr|A0A2H5NPD9|A0A2H5NPD9_CITUN	80.728	467	81	2	14585	15042	60	526	0.0	747
AAD41314.1	tr|A0A0D3C6D1|A0A0D3C6D1_BRAOL	77.189	491	108	2	14557	15043	26	516	0.0	747
AAD41314.1	tr|A0A3P6DB61|A0A3P6DB61_BRAOL	77.189	491	108	2	14557	15043	26	516	0.0	747
AAD41314.1	tr|A0A2P5X9W2|A0A2P5X9W2_GOSBA	85.102	443	65	1	3308	3749	79	521	0.0	747
AAD41314.1	tr|J3MB12|J3MB12_ORYBR	94.629	391	21	0	2845	3235	1	391	0.0	746
AAD41314.1	tr|A0A5N6M5M3|A0A5N6M5M3_9ASTR	79.123	479	97	3	14571	15047	42	519	0.0	746
AAD41314.1	tr|A0A4D8Y0K7|A0A4D8Y0K7_SALSN	86.395	441	59	1	3310	3749	79	519	0.0	746
AAD41314.1	tr|A0A6N2B2Z6|A0A6N2B2Z6_SOLCI	83.186	452	75	1	14593	15043	67	518	0.0	746
AAD41314.1	tr|N1QQC8|N1QQC8_AEGTA	94.885	391	20	0	2845	3235	1	391	0.0	746
AAD41314.1	tr|A0A3P6D0R6|A0A3P6D0R6_BRACM	76.986	491	109	2	14557	15043	26	516	0.0	746
AAD41314.1	tr|A0A446WZV5|A0A446WZV5_TRITD	94.885	391	20	0	2845	3235	1	391	0.0	746
AAD41314.1	tr|A0A078JSU1|A0A078JSU1_BRANA	77.710	489	105	2	14556	15043	36	521	0.0	746
AAD41314.1	tr|A0A5B6UZZ8|A0A5B6UZZ8_9ROSI	82.391	460	79	2	14586	15043	62	521	0.0	746
AAD41314.1	tr|A0A4D8ZUB6|A0A4D8ZUB6_SALSN	83.478	460	72	2	14585	15043	63	519	0.0	745
AAD41314.1	tr|O80428|O80428_ORYSJ	94.373	391	22	0	2845	3235	1	391	0.0	745
AAD41314.1	tr|A0A3Q7GLX3|A0A3Q7GLX3_SOLLC	83.186	452	75	1	14593	15043	67	518	0.0	745
AAD41314.1	tr|A0A3P6A8B6|A0A3P6A8B6_BRACM	81.798	456	82	1	14589	15043	66	521	0.0	745
AAD41314.1	tr|M4FGU1|M4FGU1_BRARP	76.986	491	109	2	14557	15043	26	516	0.0	745
AAD41314.1	sp|P17688|AROA_BRANA	76.986	491	109	2	14557	15043	26	516	0.0	745
AAD41314.1	tr|M1A9Z3|M1A9Z3_SOLTU	84.807	441	66	1	3310	3749	78	518	0.0	744
AAD41314.1	tr|R0FVF7|R0FVF7_9BRAS	76.768	495	107	3	14557	15043	25	519	0.0	744
AAD41314.1	tr|A0A1U7WR75|A0A1U7WR75_NICSY	83.407	452	74	1	14593	15043	61	512	0.0	744
AAD41314.1	tr|A0A1D1Z1F2|A0A1D1Z1F2_9ARAE	82.035	462	79	1	14586	15043	110	571	0.0	744
AAD41314.1	tr|A0A5D2UA94|A0A5D2UA94_GOSMU	85.102	443	65	1	3308	3749	79	521	0.0	744
AAD41314.1	tr|A0A1U8P5S7|A0A1U8P5S7_GOSHI	85.102	443	65	1	3308	3749	79	521	0.0	744
AAD41314.1	tr|A0A484M6T4|A0A484M6T4_9ASTE	81.169	462	86	1	14583	15043	62	523	0.0	744
AAD41314.1	tr|M4C856|M4C856_BRARP	81.128	461	86	1	14584	15043	54	514	0.0	744
AAD41314.1	tr|A0A4D8ZGC2|A0A4D8ZGC2_SALSN	83.696	460	71	2	14585	15043	60	516	0.0	744
AAD41314.1	tr|B9RDA3|B9RDA3_RICCO	82.035	462	78	3	14586	15043	58	518	0.0	744
AAD41314.1	tr|A0A1R3K0M4|A0A1R3K0M4_9ROSI	75.340	515	115	5	14539	15043	10	522	0.0	743
AAD41314.1	tr|A8YTA5|A8YTA5_9ASTR	85.261	441	64	1	3310	3749	7	447	0.0	743
AAD41314.1	tr|V4L9W7|V4L9W7_EUTSA	78.170	481	102	2	14566	15043	38	518	0.0	743
AAD41314.1	tr|A0A1J3FYC3|A0A1J3FYC3_NOCCA	80.911	461	87	1	14584	15043	57	517	0.0	743
AAD41314.1	tr|A0A1J3HGA8|A0A1J3HGA8_NOCCA	80.911	461	87	1	14584	15043	57	517	0.0	742
AAD41314.1	tr|W8R3N7|W8R3N7_AMASP	83.410	434	71	1	14591	15023	64	497	0.0	742
AAD41314.1	tr|W8Q9H2|W8Q9H2_AMASP	83.410	434	71	1	14591	15023	64	497	0.0	742
AAD41314.1	tr|A0A0M8KSM3|A0A0M8KSM3_NICAT	83.186	452	75	1	14593	15043	55	506	0.0	742
AAD41314.1	tr|D7LCH4|D7LCH4_ARALL	77.479	484	106	2	14563	15043	33	516	0.0	742
AAD41314.1	tr|D7KD66|D7KD66_ARALL	79.399	466	95	1	14579	15043	58	523	0.0	742
AAD41314.1	tr|A0A438FU78|A0A438FU78_VITVI	75.486	514	81	3	14572	15043	52	562	0.0	742
AAD41314.1	tr|Q8W1M5|Q8W1M5_ORYVI	77.963	481	103	2	14566	15043	38	518	0.0	742
AAD41314.1	tr|A0A5D2K8E4|A0A5D2K8E4_GOSTO	84.876	443	66	1	3308	3749	10	452	0.0	741
AAD41314.1	tr|A0A446WZT9|A0A446WZT9_TRITD	94.118	391	23	0	2845	3235	1	391	0.0	741
AAD41314.1	tr|W8Q8I3|W8Q8I3_AMASP	83.180	434	72	1	14591	15023	64	497	0.0	741
AAD41314.1	tr|A0A2R6R9C4|A0A2R6R9C4_ACTCC	84.318	440	68	1	3311	3749	1	440	0.0	741
AAD41314.1	tr|A0A6P6VTQ7|A0A6P6VTQ7_COFAR	81.116	466	80	3	14583	15043	53	515	0.0	741
AAD41314.1	tr|A0A1J3JRC8|A0A1J3JRC8_NOCCA	80.694	461	88	1	14584	15043	57	517	0.0	740
AAD41314.1	tr|A0A5D2BWR2|A0A5D2BWR2_GOSDA	84.876	443	66	1	3308	3749	79	521	0.0	740
AAD41314.1	tr|A0A5J5QTD1|A0A5J5QTD1_GOSBA	84.876	443	66	1	3308	3749	79	521	0.0	740
AAD41314.1	tr|A0A1R3I7K5|A0A1R3I7K5_COCAP	74.951	515	117	5	14539	15043	10	522	0.0	740
AAD41314.1	tr|Q6JDV0|Q6JDV0_BRACM	76.258	497	110	3	14555	15043	18	514	0.0	740
AAD41314.1	tr|A0A6N2LI84|A0A6N2LI84_SALVM	80.819	464	78	4	14586	15042	58	517	0.0	740
AAD41314.1	tr|A0A0D3B6U5|A0A0D3B6U5_BRAOL	80.043	461	91	1	14584	15043	49	509	0.0	740
AAD41314.1	tr|A0A540LEB6|A0A540LEB6_MALBA	83.550	462	72	2	14586	15043	64	525	0.0	739
AAD41314.1	tr|A0A1J3E699|A0A1J3E699_NOCCA	80.694	461	88	1	14584	15043	62	522	0.0	739
AAD41314.1	tr|A0A5N5NPD9|A0A5N5NPD9_9ROSI	80.819	464	78	4	14586	15042	58	517	0.0	739
AAD41314.1	tr|A0A1S4C0K4|A0A1S4C0K4_TOBAC	81.579	456	83	1	14589	15043	63	518	0.0	739
AAD41314.1	tr|B2CM20|B2CM20_9ASTE	82.289	463	81	1	14582	15043	58	520	0.0	739
AAD41314.1	tr|B9GPE8|B9GPE8_POPTR	81.758	455	81	2	14590	15043	65	518	0.0	739
AAD41314.1	tr|A0A565BP76|A0A565BP76_9BRAS	76.673	493	110	3	14556	15043	24	516	0.0	739
AAD41314.1	tr|A0A6J0NIE3|A0A6J0NIE3_RAPSA	83.296	443	73	1	3308	3749	72	514	0.0	739
AAD41314.1	tr|A0A498KI81|A0A498KI81_MALDO	83.550	462	72	2	14586	15043	64	525	0.0	739
AAD41314.1	tr|B3GGJ9|B3GGJ9_CONAR	82.505	463	80	1	14582	15043	58	520	0.0	738
AAD41314.1	tr|A0A1S2YLL6|A0A1S2YLL6_CICAR	81.498	454	83	1	14591	15043	72	525	0.0	738
AAD41314.1	tr|A0A6D2KT97|A0A6D2KT97_9BRAS	80.392	459	89	1	14586	15043	63	521	0.0	738
AAD41314.1	tr|A0A178WDZ9|A0A178WDZ9_ARATH	79.355	465	95	1	14580	15043	57	521	0.0	738
AAD41314.1	tr|A0A654ESJ0|A0A654ESJ0_ARATH	79.570	465	94	1	14580	15043	57	521	0.0	738
AAD41314.1	sp|P23981|AROA1_TOBAC	81.360	456	84	1	14589	15043	63	518	0.0	738
AAD41314.1	tr|A0A068TN19|A0A068TN19_COFCA	80.597	469	83	3	14580	15043	1	466	0.0	738
AAD41314.1	tr|M1CGC9|M1CGC9_SOLTU	81.169	462	86	1	14583	15043	58	519	0.0	738
AAD41314.1	tr|A0A067K174|A0A067K174_JATCU	80.769	468	79	4	3292	3749	53	519	0.0	738
AAD41314.1	tr|A0A5N5F2I1|A0A5N5F2I1_9ROSA	83.333	462	73	2	14586	15043	64	525	0.0	737
AAD41314.1	tr|A0A6B9MN81|A0A6B9MN81_9LILI	83.260	454	75	1	14591	15043	69	522	0.0	737
AAD41314.1	tr|A0A1U7YG45|A0A1U7YG45_NICSY	81.360	456	84	1	14589	15043	63	518	0.0	737
AAD41314.1	tr|A8YTA9|A8YTA9_9ASTR	80.769	442	82	2	3309	3749	5	444	0.0	737
AAD41314.1	tr|A0A4Y7L8J7|A0A4Y7L8J7_PAPSO	77.664	488	73	2	3298	3749	75	562	0.0	737
AAD41314.1	tr|A0A5D2FWA0|A0A5D2FWA0_GOSDA	84.424	443	66	2	3308	3749	79	519	0.0	737
AAD41314.1	tr|A0A6A4KJY0|A0A6A4KJY0_9ERIC	82.863	461	74	2	14588	15043	63	523	0.0	736
AAD41314.1	tr|Q9FVP6|Q9FVP6_ARATH	79.570	465	94	1	14580	15043	57	521	0.0	736
AAD41314.1	tr|A0A2C9VT94|A0A2C9VT94_MANES	81.169	462	82	3	14586	15043	62	522	0.0	736
AAD41314.1	tr|A0A2C9WQP6|A0A2C9WQP6_MANES	81.345	461	82	2	14586	15043	62	521	0.0	736
AAD41314.1	tr|A0A4D9ALU6|A0A4D9ALU6_SALSN	79.531	469	83	4	14585	15043	63	528	0.0	736
AAD41314.1	tr|A0A4U5MYM8|A0A4U5MYM8_POPAL	81.538	455	82	2	14590	15043	14	467	0.0	736
AAD41314.1	tr|A0A5S9WKB0|A0A5S9WKB0_ARATH	79.570	465	94	1	14580	15043	57	521	0.0	735
AAD41314.1	tr|Q8LC97|Q8LC97_ARATH	79.355	465	95	1	14580	15043	57	521	0.0	735
AAD41314.1	tr|G7JEN4|G7JEN4_MEDTR	80.603	464	86	2	14582	15043	61	522	0.0	735
AAD41314.1	tr|A0A0A6Z9T0|A0A0A6Z9T0_HEVBR	82.998	447	74	2	3304	3749	78	523	0.0	735
AAD41314.1	tr|A0A2U1KK14|A0A2U1KK14_ARTAN	75.432	521	113	3	14538	15043	1	521	0.0	735
AAD41314.1	tr|A0A446WZU5|A0A446WZU5_TRITD	89.423	416	19	1	2845	3235	1	416	0.0	734
AAD41314.1	tr|M7Z0L8|M7Z0L8_TRIUA	89.423	416	19	1	2845	3235	1	416	0.0	734
AAD41314.1	tr|A0A3Q7EKI7|A0A3Q7EKI7_SOLLC	81.385	462	82	2	14586	15043	59	520	0.0	734
AAD41314.1	tr|Q0PKR0|Q0PKR0_PHAVU	79.780	455	90	2	3296	3749	69	522	0.0	734
AAD41314.1	tr|A0A1S4AEH4|A0A1S4AEH4_TOBAC	81.798	456	81	2	14589	15043	63	517	0.0	733
AAD41314.1	tr|A0A6N2BGA3|A0A6N2BGA3_SOLCI	80.519	462	89	1	14583	15043	59	520	0.0	733
AAD41314.1	tr|A0A6N2MUH1|A0A6N2MUH1_SALVM	81.978	455	77	3	14590	15043	68	518	0.0	732
AAD41314.1	tr|A0A453QJX8|A0A453QJX8_AEGTS	87.273	440	43	5	14553	14985	21	454	0.0	732
AAD41314.1	tr|A0A087H5C4|A0A087H5C4_ARAAL	80.702	456	87	1	14589	15043	60	515	0.0	731
AAD41314.1	tr|A0A0V0IJ85|A0A0V0IJ85_SOLCH	80.778	463	87	2	14583	15043	59	521	0.0	731
AAD41314.1	sp|P10748|AROA_SOLLC	81.169	462	83	2	14586	15043	59	520	0.0	731
AAD41314.1	tr|A0A5N5K689|A0A5N5K689_9ROSI	81.758	455	78	3	14590	15043	68	518	0.0	729
AAD41314.1	tr|A0A6P6VVB1|A0A6P6VVB1_COFAR	74.706	510	98	4	14562	15043	32	538	0.0	728
AAD41314.1	tr|A0A0N7FDV4|A0A0N7FDV4_VITVI	83.297	455	75	1	14590	15043	1	455	0.0	728
AAD41314.1	tr|A0A3P6AFC9|A0A3P6AFC9_BRAOL	76.446	484	90	2	14584	15043	49	532	0.0	727
AAD41314.1	tr|A0A6A3C2Z7|A0A6A3C2Z7_HIBSY	81.818	451	68	2	3313	3749	52	502	0.0	727
AAD41314.1	tr|A0A6B9EQ80|A0A6B9EQ80_IPOPU	85.484	434	62	1	3309	3741	57	490	0.0	726
AAD41314.1	tr|A0A6B9ER56|A0A6B9ER56_IPOPU	85.484	434	62	1	3309	3741	57	490	0.0	726
AAD41314.1	tr|A0A6B9ESB5|A0A6B9ESB5_IPOPU	85.681	433	61	1	3309	3740	57	489	0.0	726
AAD41314.1	tr|A0A6B9EWY2|A0A6B9EWY2_IPOPU	85.681	433	61	1	3309	3740	43	475	0.0	726
AAD41314.1	tr|A0A6B9ENH7|A0A6B9ENH7_IPOPU	85.484	434	62	1	3309	3741	57	490	0.0	726
AAD41314.1	tr|A0A6B9ENH8|A0A6B9ENH8_IPOPU	85.681	433	61	1	3309	3740	57	489	0.0	725
AAD41314.1	tr|A0A6B9EWQ0|A0A6B9EWQ0_IPOPU	85.648	432	61	1	3309	3739	57	488	0.0	724
AAD41314.1	tr|I1J7U9|I1J7U9_SOYBN	81.718	454	82	1	14591	15043	72	525	0.0	723
AAD41314.1	tr|A0A0B2QZU7|A0A0B2QZU7_GLYSO	81.718	454	82	1	14591	15043	72	525	0.0	723
AAD41314.1	tr|I1H1V4|I1H1V4_BRADI	95.148	371	18	0	2794	3164	69	439	0.0	723
AAD41314.1	tr|A0A328DPQ3|A0A328DPQ3_9ASTE	81.957	460	82	1	14585	15043	62	521	0.0	723
AAD41314.1	tr|A0A6B9ENI7|A0A6B9ENI7_IPOPU	85.615	431	61	1	3309	3738	57	487	0.0	721
AAD41314.1	tr|I1JKP7|I1JKP7_SOYBN	82.844	443	75	1	3308	3749	84	526	0.0	721
AAD41314.1	tr|F4I035|F4I035_ARATH	75.926	486	91	2	14584	15043	4	489	0.0	720
AAD41314.1	tr|A0A4D6MN12|A0A4D6MN12_VIGUN	80.258	466	90	2	14579	15043	61	525	0.0	719
AAD41314.1	tr|A0A0B2RR79|A0A0B2RR79_GLYSO	82.619	443	76	1	3308	3749	84	526	0.0	719
AAD41314.1	tr|A0A0S3SYD7|A0A0S3SYD7_PHAAN	80.258	466	90	2	14579	15043	61	525	0.0	719
AAD41314.1	tr|A0A6B9F314|A0A6B9F314_IPOPU	85.581	430	61	1	3309	3737	74	503	0.0	719
AAD41314.1	tr|A0A1S3V5Z0|A0A1S3V5Z0_VIGRR	81.498	454	83	1	14591	15043	72	525	0.0	719
AAD41314.1	tr|A0A6B9ENN8|A0A6B9ENN8_IPOPU	85.581	430	61	1	3309	3737	62	491	0.0	718
AAD41314.1	tr|A0A6B9ENL3|A0A6B9ENL3_IPOPU	85.581	430	61	1	3309	3737	57	486	0.0	718
AAD41314.1	tr|A0A6B9ERH8|A0A6B9ERH8_IPOPU	85.581	430	61	1	3309	3737	56	485	0.0	718
AAD41314.1	tr|A0A6B9ENN7|A0A6B9ENN7_IPOPU	85.581	430	61	1	3309	3737	59	488	0.0	718
AAD41314.1	tr|A0A6B9ESI0|A0A6B9ESI0_IPOPU	85.581	430	61	1	3309	3737	61	490	0.0	718
AAD41314.1	tr|A0A6B9ERL8|A0A6B9ERL8_IPOPU	85.581	430	61	1	3309	3737	60	489	0.0	718
AAD41314.1	tr|A0A6B9F2Z4|A0A6B9F2Z4_IPOPU	85.581	430	61	1	3309	3737	57	486	0.0	717
AAD41314.1	tr|A0A6B9ERJ0|A0A6B9ERJ0_IPOPU	85.548	429	61	1	3309	3736	59	487	0.0	716
AAD41314.1	tr|A0A6B9ER37|A0A6B9ER37_IPOPU	85.548	429	61	1	3309	3736	57	485	0.0	716
AAD41314.1	tr|A0A6P6VX69|A0A6P6VX69_COFAR	73.819	508	104	4	14562	15043	32	536	0.0	715
AAD41314.1	tr|U5D9W1|U5D9W1_AMBTC	82.040	451	80	1	14593	15042	67	517	0.0	714
AAD41314.1	tr|A0A6B9F2X6|A0A6B9F2X6_IPOPU	85.514	428	61	1	3309	3735	59	486	0.0	713
AAD41314.1	tr|A0A6B9ENM6|A0A6B9ENM6_IPOPU	85.514	428	61	1	3309	3735	56	483	0.0	713
AAD41314.1	tr|A0A6B9F2T3|A0A6B9F2T3_IPOPU	85.514	428	61	1	3309	3735	57	484	0.0	712
AAD41314.1	tr|V7AMX2|V7AMX2_PHAVU	79.614	466	93	2	14579	15043	61	525	0.0	712
AAD41314.1	tr|A0A5A7PEX9|A0A5A7PEX9_STRAF	83.683	429	66	2	14590	15017	63	488	0.0	709
AAD41314.1	tr|A0A7G2DZ66|A0A7G2DZ66_ARATH	76.709	468	105	2	14580	15043	57	524	0.0	708
AAD41314.1	tr|A0A0D6R807|A0A0D6R807_ARACU	74.338	491	117	3	14562	15043	37	527	0.0	707
AAD41314.1	tr|A0A103XEB4|A0A103XEB4_CYNCS	74.316	475	93	3	14571	15043	44	491	0.0	704
AAD41314.1	tr|A0A5P1FPS9|A0A5P1FPS9_ASPOF	86.241	407	55	1	3344	3749	66	472	0.0	704
AAD41314.1	tr|A0A445L6I2|A0A445L6I2_GLYSO	77.707	471	76	2	3308	3749	84	554	0.0	703
AAD41314.1	tr|A0A2J6L5V5|A0A2J6L5V5_LACSA	78.065	465	93	3	14583	15043	14	473	0.0	702
AAD41314.1	tr|A0A6A1W176|A0A6A1W176_9ROSI	67.631	553	77	6	14591	15043	68	618	0.0	702
AAD41314.1	tr|A0A2Z6M669|A0A2Z6M669_TRISU	77.419	465	91	3	14582	15043	61	514	0.0	698
AAD41314.1	tr|A0A443P9X4|A0A443P9X4_9MAGN	79.138	441	91	1	3309	3748	63	503	0.0	697
AAD41314.1	tr|A0A0C9S9Q3|A0A0C9S9Q3_9SPER	77.533	454	100	1	14592	15043	74	527	0.0	697
AAD41314.1	tr|A0A2U1MP62|A0A2U1MP62_ARTAN	85.934	391	54	1	3360	3749	1	391	0.0	694
AAD41314.1	tr|A0A6B9F2V5|A0A6B9F2V5_IPOPU	85.407	418	60	1	3309	3725	16	433	0.0	691
AAD41314.1	tr|A0A540MX42|A0A540MX42_MALBA	85.330	409	59	1	3340	3747	12	420	0.0	690
AAD41314.1	tr|A0A2P2J2K4|A0A2P2J2K4_RHIMU	78.384	458	95	2	14589	15043	67	523	0.0	689
AAD41314.1	tr|A0A453QKA8|A0A453QKA8_AEGTS	86.842	418	42	5	14553	14963	8	419	0.0	689
AAD41314.1	tr|A0A067H4F9|A0A067H4F9_CITSI	82.282	412	73	0	2823	3234	62	473	0.0	689
AAD41314.1	tr|A0A6M3YRY5|A0A6M3YRY5_AMBAR	84.029	407	64	1	3344	3749	1	407	0.0	687
AAD41314.1	tr|A0A6A6LLL2|A0A6A6LLL2_HEVBR	78.634	454	79	4	14591	15043	695	1131	0.0	687
AAD41314.1	tr|Q9AT37|Q9AT37_LOLRI	96.243	346	13	0	2854	3199	2	347	0.0	682
AAD41314.1	tr|A0A218X6Q7|A0A218X6Q7_PUNGR	77.098	441	66	2	3310	3749	82	488	0.0	679
AAD41314.1	tr|A0A5A7RK44|A0A5A7RK44_STRAF	78.571	448	89	4	14586	15031	57	499	0.0	679
AAD41314.1	tr|A0A6B9ERG6|A0A6B9ERG6_IPOPU	85.158	411	60	1	3309	3718	57	467	0.0	677
AAD41314.1	tr|A0A6A6K2D4|A0A6A6K2D4_HEVBR	82.126	414	72	2	3337	3749	631	1043	0.0	676
AAD41314.1	tr|A0A6B9EQF2|A0A6B9EQF2_IPOPU	84.975	406	60	1	3309	3713	57	462	0.0	669
AAD41314.1	tr|D8TBU1|D8TBU1_SELML	73.602	447	117	1	3301	3746	4	450	0.0	668
AAD41314.1	tr|A0A103XUI5|A0A103XUI5_CYNCS	70.565	496	102	5	14559	15043	25	487	0.0	667
AAD41314.1	tr|D8RM43|D8RM43_SELML	73.497	449	117	2	14594	15040	2	450	0.0	667
AAD41314.1	tr|A0A6B9EQC6|A0A6B9EQC6_IPOPU	84.938	405	60	1	3309	3712	58	462	0.0	667
AAD41314.1	tr|A0A4D9BLW8|A0A4D9BLW8_SALSN	78.043	460	80	4	14585	15043	57	496	0.0	667
AAD41314.1	tr|A0A2G5E2Q8|A0A2G5E2Q8_AQUCA	85.641	390	55	1	3360	3748	1	390	0.0	666
AAD41314.1	tr|F6I398|F6I398_VITVI	80.233	430	70	3	3310	3737	81	497	0.0	651
AAD41314.1	tr|A0A022QVU2|A0A022QVU2_ERYGU	83.594	384	61	1	14591	14972	65	448	0.0	650
AAD41314.1	tr|A0A446RIE4|A0A446RIE4_TRITD	94.721	341	18	0	3923	4263	1	341	0.0	648
AAD41314.1	tr|A0A6B9ER69|A0A6B9ER69_IPOPU	84.635	397	60	1	3309	3704	61	457	0.0	648
AAD41314.1	tr|A0A176WSA0|A0A176WSA0_MARPO	73.744	438	114	1	3309	3746	88	524	0.0	641
AAD41314.1	tr|A0A2R6X5Y9|A0A2R6X5Y9_MARPO	73.744	438	114	1	3309	3746	88	524	0.0	641
AAD41314.1	tr|A0A453QJG0|A0A453QJG0_AEGTS	95.899	317	13	0	3947	4263	1	317	0.0	631
AAD41314.1	tr|A0A2K1IIY4|A0A2K1IIY4_PHYPA	72.829	449	117	3	3306	3749	88	536	0.0	628
AAD41314.1	tr|A9SYF9|A9SYF9_PHYPA	70.878	467	131	3	14582	15043	7	473	0.0	628
AAD41314.1	tr|Q6E6M1|Q6E6M1_ERIAN	83.611	360	58	1	3349	3707	1	360	0.0	626
AAD41314.1	tr|A0A2K1IVJ1|A0A2K1IVJ1_PHYPA	71.645	462	119	3	14594	15043	39	500	0.0	624
AAD41314.1	tr|A0A6A6LTA2|A0A6A6LTA2_HEVBR	69.076	498	107	6	14562	15043	646	1112	0.0	624
AAD41314.1	tr|A0A0N7KLH2|A0A0N7KLH2_ORYSJ	96.273	322	12	0	3942	4263	1	322	0.0	620
AAD41314.1	tr|A0A0D2T491|A0A0D2T491_GOSRA	81.748	389	69	2	14586	14972	62	450	0.0	616
AAD41314.1	tr|Q6E6M4|Q6E6M4_AMATU	83.193	357	59	1	3351	3706	1	357	0.0	615
AAD41314.1	tr|Q6E6M2|Q6E6M2_ERIAN	86.034	358	49	1	3351	3707	1	358	0.0	606
AAD41314.1	tr|A0A2K1XRJ2|A0A2K1XRJ2_POPTR	79.028	391	80	2	3360	3749	1	390	0.0	606
AAD41314.1	tr|D0VMR9|D0VMR9_GINBI	83.761	351	57	0	14694	15044	1	351	0.0	604
AAD41314.1	tr|A0A6U9R4W2|A0A6U9R4W2_9CHLO	69.231	442	126	4	14603	15044	33	464	0.0	603
AAD41314.1	tr|A0A2N9ISJ6|A0A2N9ISJ6_FAGSY	70.975	441	99	5	3310	3749	80	492	0.0	602
AAD41314.1	tr|A0A5B7BT38|A0A5B7BT38_DAVIN	87.683	341	42	0	3409	3749	1	341	0.0	601
AAD41314.1	tr|W0FAR5|W0FAR5_MUSAC	89.157	332	36	0	3418	3749	1	332	0.0	597
AAD41314.1	tr|A0A023NMA5|A0A023NMA5_BASSC	81.163	361	64	2	14591	14950	52	409	0.0	593
AAD41314.1	tr|A0A067H1D8|A0A067H1D8_CITSI	81.744	367	66	1	14585	14950	60	426	0.0	589
AAD41314.1	tr|A0A445M2V9|A0A445M2V9_GLYSO	80.940	383	72	1	14591	14972	72	454	0.0	587
AAD41314.1	tr|A0A427BBW3|A0A427BBW3_ENSVE	67.206	494	54	7	3820	4263	73	508	0.0	587
AAD41314.1	tr|A0A0V0HWU1|A0A0V0HWU1_SOLCH	85.630	341	49	0	3409	3749	1	341	0.0	585
AAD41314.1	tr|A0A2G9GJ58|A0A2G9GJ58_9LAMI	82.016	367	62	2	14585	14950	63	426	0.0	585
AAD41314.1	tr|A0A6T5Y2N5|A0A6T5Y2N5_9CHLO	66.446	453	132	6	3303	3747	53	493	0.0	585
AAD41314.1	tr|A0A6U0BZ85|A0A6U0BZ85_9CHLO	66.446	453	132	6	3303	3747	59	499	0.0	584
AAD41314.1	tr|A0A6U0FVR0|A0A6U0FVR0_MICPS	62.423	487	154	9	14560	15037	46	512	0.0	584
AAD41314.1	tr|A0A6U0EB75|A0A6U0EB75_9CHLO	66.446	453	132	6	3303	3747	5	445	0.0	584
AAD41314.1	tr|A0A061DU57|A0A061DU57_THECC	81.671	371	64	2	14586	14952	60	430	0.0	583
AAD41314.1	tr|K8FBR9|K8FBR9_9CHLO	64.440	464	155	6	14583	15044	41	496	0.0	583
AAD41314.1	tr|A0A1Y1IKX4|A0A1Y1IKX4_KLENI	66.890	447	141	1	3309	3748	103	549	0.0	582
AAD41314.1	tr|A0A0D2U155|A0A0D2U155_GOSRA	79.683	379	75	2	14586	14962	62	440	0.0	582
AAD41314.1	tr|A0A6U0E7Y6|A0A6U0E7Y6_MICPS	62.423	487	155	8	14560	15037	11	478	0.0	581
AAD41314.1	tr|A0A454Y093|A0A454Y093_OSTTA	66.222	450	133	5	3306	3748	37	474	0.0	579
AAD41314.1	tr|A0A096PBR2|A0A096PBR2_OSTTA	66.222	450	133	5	3306	3748	37	474	0.0	579
AAD41314.1	tr|A0A6U0BMC2|A0A6U0BMC2_9CHLO	64.592	466	144	6	3290	3748	25	476	0.0	578
AAD41314.1	tr|A0A6U0KNC0|A0A6U0KNC0_9CHLO	63.991	461	154	5	14583	15043	33	481	0.0	577
AAD41314.1	tr|A0A6T7VDJ8|A0A6T7VDJ8_9CHLO	63.711	485	152	8	14563	15043	48	512	0.0	576
AAD41314.1	sp|P23281|AROA2_TOBAC	85.799	338	48	0	3412	3749	1	338	0.0	576
AAD41314.1	tr|A0A6T8IVC1|A0A6T8IVC1_9CHLO	63.848	473	161	6	14582	15050	54	520	0.0	575
AAD41314.1	tr|A0A388L719|A0A388L719_CHABU	70.404	446	120	1	3310	3743	175	620	0.0	574
AAD41314.1	tr|A4SB81|A4SB81_OSTLU	65.996	447	133	5	3309	3748	2	436	0.0	574
AAD41314.1	tr|A0A4U5QUA8|A0A4U5QUA8_POPAL	73.005	426	81	5	3323	3747	36	428	0.0	573
AAD41314.1	tr|A0A6V2W337|A0A6V2W337_9CHLO	63.747	491	154	8	14560	15043	7	480	0.0	572
AAD41314.1	tr|A0A2G5E2N7|A0A2G5E2N7_AQUCA	86.850	327	43	0	3422	3748	2	328	0.0	572
AAD41314.1	tr|Q6YH15|Q6YH15_VITVI	85.801	331	46	1	3419	3749	1	330	0.0	569
AAD41314.1	tr|A0A6M2E9C7|A0A6M2E9C7_9ROSI	80.663	362	68	2	14590	14950	65	425	0.0	569
AAD41314.1	tr|A0A383V5Z1|A0A383V5Z1_TETOB	66.966	445	135	7	14603	15044	13	448	0.0	568
AAD41314.1	tr|A0A453QJ88|A0A453QJ88_AEGTS	84.916	358	41	5	14553	14903	18	369	0.0	565
AAD41314.1	tr|I0YXJ4|I0YXJ4_COCSC	65.991	444	138	5	3309	3750	2	434	1.84e-180	565
AAD41314.1	tr|A0A6T8RHE9|A0A6T8RHE9_9CHLO	61.165	515	172	11	14541	15043	4	502	2.68e-180	567
AAD41314.1	tr|A0A6U2C220|A0A6U2C220_MICPS	61.145	489	165	8	14553	15038	5	471	6.28e-180	565
AAD41314.1	tr|Q6VVA4|Q6VVA4_ORYSJ	93.960	298	18	0	2845	3142	1	298	1.83e-179	557
AAD41314.1	tr|A0A6U0HB86|A0A6U0HB86_MICPS	63.043	460	152	6	14585	15038	22	469	4.22e-179	562
AAD41314.1	tr|C1MWX5|C1MWX5_MICPC	63.839	448	147	5	14594	15038	20	455	1.52e-178	560
AAD41314.1	tr|A0A150H430|A0A150H430_GONPE	63.563	494	144	12	14561	15042	41	510	1.60e-178	562
AAD41314.1	tr|A0A6T8UBB9|A0A6T8UBB9_9CHLO	60.305	524	161	12	14541	15035	1	506	1.78e-178	562
AAD41314.1	tr|A0A438FU52|A0A438FU52_VITVI	69.264	462	76	4	3310	3737	61	490	1.97e-178	561
AAD41314.1	tr|A0A250WXJ6|A0A250WXJ6_9CHLO	63.938	452	151	7	14595	15043	29	471	3.65e-178	560
AAD41314.1	tr|A0A6U0R1V3|A0A6U0R1V3_MICPS	61.905	483	165	9	14562	15038	2	471	4.13e-178	560
AAD41314.1	tr|A0A6S8J6M5|A0A6S8J6M5_DUNTE	60.285	491	177	8	14555	15043	40	514	7.48e-178	560
AAD41314.1	tr|A2T9R8|A2T9R8_DUNSA	60.285	491	177	8	14555	15043	40	514	7.48e-178	560
AAD41314.1	tr|A0A6U3G6Y3|A0A6U3G6Y3_9CHLO	61.250	480	170	6	14562	15037	2	469	8.80e-178	558
AAD41314.1	tr|A0A5J4YFN8|A0A5J4YFN8_9CHLO	62.996	454	155	5	14591	15042	63	505	1.03e-177	560
AAD41314.1	tr|A0A6T6U360|A0A6T6U360_9CHLO	65.237	443	140	7	3309	3747	45	477	4.57e-177	556
AAD41314.1	tr|D8TKT2|D8TKT2_VOLCA	62.000	500	158	11	14560	15043	26	509	3.71e-176	555
AAD41314.1	tr|A8JH48|A8JH48_CHLRE	63.771	472	146	10	14584	15043	54	512	7.00e-176	555
AAD41314.1	tr|A0A6U0EK84|A0A6U0EK84_9CHLO	65.022	446	136	7	3309	3743	49	485	2.90e-175	552
AAD41314.1	tr|A0A6U1IPV7|A0A6U1IPV7_9CHLO	65.772	447	132	8	14593	15034	73	503	4.09e-175	553
AAD41314.1	tr|A0A5B8MP74|A0A5B8MP74_9CHLO	62.025	474	161	9	14573	15038	44	506	1.20e-174	551
AAD41314.1	tr|A0A6U2JF88|A0A6U2JF88_9CHLO	64.333	457	150	8	14590	15043	23	469	8.08e-173	544
AAD41314.1	tr|B8XU22|B8XU22_GOSHI	80.516	349	65	2	14580	14927	59	405	8.35e-173	541
AAD41314.1	tr|A0A2V0P592|A0A2V0P592_9CHLO	62.628	487	165	8	14560	15043	47	519	8.42e-172	543
AAD41314.1	tr|A0A1S4C7G2|A0A1S4C7G2_TOBAC	81.416	339	62	1	14593	14930	61	399	1.26e-171	538
